#######GENERAL HEADER INPUT#######
1
30
1
30
1
30
30
12
1	2	3	4	5	6	7	8	9	10	11	12
12
1	2	3	4	5	6	7	8	9	10	11	12
1
101
1
1
#######SURVEY DATA#######
30
1	2	3	4	5	6	7	8	9	10	11	12	13	14	15	16	17	18	19	20	21	22	23	24	25	26	27	28	29	30
1.36157479634629	1.55031236926408	1.41489143877485	1.63197024656217	1.66433920847256	1.39134589207236	1.42633466562557	1.60925727617965	1.27374746835445	1.06098436813175	1.18145291305058	0.965598150875726	1.04553395885692	1.04249383281047	0.911813410084758	1.07905125613258	0.953697367126345	0.880706537631765	0.917719231128375	0.663782679123377	0.688745247462933	0.733180504008343	0.82595836117429	0.622040591495937	0.54715393861184	0.488704303445849	0.413248229193167	0.507105099537337	0.537976471538547	0.490583587929012
0.2	0.2	0.2	0.2	0.2	0.2	0.2	0.2	0.2	0.2	0.2	0.2	0.2	0.2	0.2	0.2	0.2	0.2	0.2	0.2	0.2	0.2	0.2	0.2	0.2	0.2	0.2	0.2	0.2	0.2
30
1	2	3	4	5	6	7	8	9	10	11	12	13	14	15	16	17	18	19	20	21	22	23	24	25	26	27	28	29	30
200	200	200	200	200	200	200	200	200	200	200	200	200	200	200	200	200	200	200	200	200	200	200	200	200	200	200	200	200	200
200	200	200	200	200	200	200	200	200	200	200	200	200	200	200	200	200	200	200	200	200	200	200	200	200	200	200	200	200	200
0.085	0.165	0.145	0.115	0.08	0.09	0.045	0.05	0.055	0.03	0.015	0.125
0.035	0.11	0.165	0.1	0.12	0.115	0.06	0.065	0.04	0.04	0.02	0.13
0.045	0.175	0.1	0.14	0.095	0.095	0.06	0.075	0.02	0.045	0.02	0.13
0.065	0.12	0.17	0.115	0.145	0.075	0.065	0.03	0.025	0.035	0.03	0.125
0.105	0.12	0.13	0.16	0.045	0.075	0.055	0.065	0.055	0.045	0.025	0.12
0.07	0.195	0.125	0.12	0.1	0.105	0.08	0.04	0.015	0.02	0.02	0.11
0.06	0.175	0.18	0.095	0.1	0.105	0.04	0.055	0.035	0.04	0.015	0.1
0.09	0.115	0.16	0.19	0.075	0.05	0.095	0.04	0.02	0.04	0.025	0.1
0.09	0.18	0.13	0.135	0.165	0.05	0.05	0.025	0.02	0.02	0.02	0.115
0.085	0.12	0.165	0.165	0.125	0.12	0.03	0.04	0.05	0.015	0.015	0.07
0.075	0.185	0.165	0.14	0.085	0.08	0.07	0.035	0.02	0.045	0.04	0.06
0.06	0.175	0.245	0.08	0.14	0.08	0.03	0.075	0.01	0.015	0.01	0.08
0.075	0.12	0.2	0.195	0.1	0.06	0.07	0.045	0.06	0.01	0.02	0.045
0.11	0.19	0.175	0.14	0.095	0.06	0.065	0.04	0.04	0.025	0.015	0.045
0.045	0.19	0.18	0.145	0.105	0.09	0.075	0.055	0.01	0.035	0.03	0.04
0.08	0.21	0.23	0.095	0.085	0.1	0.03	0.03	0.05	0.015	0.02	0.055
0.11	0.205	0.165	0.15	0.125	0.095	0.02	0.05	0.01	0.02	0.01	0.04
0.03	0.27	0.24	0.16	0.095	0.05	0.055	0.02	0.02	0.02	0.01	0.03
0.105	0.2	0.235	0.145	0.115	0.06	0.045	0.015	0.02	0.02	0.025	0.015
0.105	0.18	0.165	0.18	0.15	0.04	0.05	0.035	0.015	0.03	0.005	0.045
0.105	0.18	0.26	0.095	0.11	0.12	0.035	0.035	0.02	0.005	0.01	0.025
0.115	0.28	0.13	0.15	0.055	0.075	0.055	0.035	0.045	0.02	0.02	0.02
0.075	0.21	0.255	0.115	0.12	0.05	0.06	0.025	0.02	0.025	0	0.045
0.09	0.24	0.27	0.175	0.06	0.06	0.025	0.035	0.025	0.01	0.005	0.005
0.145	0.23	0.195	0.155	0.125	0.04	0.045	0.02	0.02	0.005	0	0.02
0.125	0.26	0.23	0.125	0.1	0.065	0.05	0.005	0.02	0.005	0	0.015
0.115	0.255	0.25	0.125	0.105	0.06	0.035	0.015	0.01	0.01	0.005	0.015
0.11	0.28	0.18	0.19	0.075	0.05	0.045	0.03	0.02	0.01	0	0.01
0.17	0.26	0.22	0.105	0.11	0.035	0.05	0.02	0.01	0.01	0	0.01
0.085	0.34	0.215	0.12	0.085	0.075	0.015	0.025	0.03	0	0	0.01
#######LANDINGS DATA#######
1
30
162.084103496992	467.370316319361	762.494790325465	996.442314359283	767.422243709104	1332.60804975369	1272.45327346408	2487.43887420727	1334.35243833494	1516.66998539889	1625.44734667813	1596.27108125208	1111.02576670338	1533.8717462021	1503.69887409396	1276.65085940519	2243.96833879543	1608.5064986441	1464.08443430556	1311.66759628246	1641.12350625026	1080.59344287447	1634.2138162564	1210.7646729684	1115.0563045954	967.49646093438	919.303813660781	1214.7537189296	871.961674407581	1282.61583529358
0.01	0.01	0.01	0.01	0.01	0.01	0.01	0.01	0.01	0.01	0.01	0.01	0.01	0.01	0.01	0.01	0.01	0.01	0.01	0.01	0.01	0.01	0.01	0.01	0.01	0.01	0.01	0.01	0.01	0.01
30
1	2	3	4	5	6	7	8	9	10	11	12	13	14	15	16	17	18	19	20	21	22	23	24	25	26	27	28	29	30
200	200	200	200	200	200	200	200	200	200	200	200	200	200	200	200	200	200	200	200	200	200	200	200	200	200	200	200	200	200
200	200	200	200	200	200	200	200	200	200	200	200	200	200	200	200	200	200	200	200	200	200	200	200	200	200	200	200	200	200
0.115	0.115	0.085	0.08	0.09	0.075	0.075	0.075	0.065	0.04	0.02	0.165
0.085	0.115	0.115	0.165	0.09	0.055	0.075	0.045	0.06	0.045	0.025	0.125
0.055	0.13	0.14	0.145	0.085	0.095	0.045	0.065	0.05	0.04	0.03	0.12
0.055	0.105	0.195	0.125	0.11	0.08	0.06	0.04	0.04	0.035	0.035	0.12
0.125	0.04	0.13	0.165	0.095	0.065	0.085	0.04	0.06	0.04	0.01	0.145
0.095	0.165	0.075	0.105	0.145	0.085	0.025	0.025	0.065	0.045	0.04	0.13
0.095	0.135	0.15	0.095	0.1	0.085	0.045	0.045	0.045	0.02	0.045	0.14
0.09	0.065	0.19	0.16	0.075	0.09	0.085	0.05	0.035	0.04	0.025	0.095
0.095	0.135	0.125	0.145	0.17	0.025	0.07	0.075	0.025	0.025	0.02	0.09
0.1	0.13	0.17	0.125	0.085	0.11	0.055	0.045	0.045	0.025	0.03	0.08
0.09	0.155	0.13	0.17	0.08	0.125	0.075	0.015	0.03	0.03	0.025	0.075
0.075	0.17	0.145	0.125	0.095	0.095	0.065	0.045	0.06	0.015	0.015	0.095
0.065	0.12	0.12	0.17	0.1	0.1	0.09	0.055	0.045	0.045	0.02	0.07
0.105	0.145	0.115	0.185	0.12	0.09	0.06	0.04	0.035	0.035	0.01	0.06
0.105	0.2	0.185	0.14	0.09	0.11	0.02	0.055	0.02	0.03	0.025	0.02
0.09	0.16	0.165	0.14	0.125	0.1	0.045	0.025	0.05	0.015	0.035	0.05
0.105	0.18	0.165	0.16	0.065	0.055	0.035	0.05	0.045	0.03	0.025	0.085
0.065	0.2	0.205	0.195	0.08	0.065	0.035	0.03	0.035	0.015	0.025	0.05
0.09	0.175	0.205	0.165	0.07	0.11	0.05	0.045	0.02	0.025	0.02	0.025
0.06	0.175	0.155	0.215	0.115	0.055	0.075	0.055	0.02	0.035	0.02	0.02
0.18	0.145	0.17	0.13	0.14	0.095	0.06	0.03	0.01	0	0.02	0.02
0.145	0.195	0.165	0.175	0.105	0.08	0.04	0.03	0.03	0.005	0.015	0.015
0.13	0.265	0.185	0.155	0.09	0.04	0.05	0.03	0.005	0.02	0.01	0.02
0.135	0.195	0.215	0.2	0.075	0.07	0.035	0.025	0.015	0	0	0.035
0.175	0.18	0.17	0.2	0.125	0.035	0.03	0.035	0.01	0.025	0.01	0.005
0.13	0.27	0.21	0.09	0.12	0.095	0.025	0.005	0.015	0.005	0.005	0.03
0.15	0.135	0.27	0.125	0.09	0.075	0.065	0.03	0.015	0.025	0.01	0.01
0.165	0.175	0.18	0.17	0.115	0.03	0.06	0.06	0.015	0	0.005	0.025
0.21	0.28	0.155	0.095	0.105	0.065	0.03	0.02	0.03	0	0	0.01
0.11	0.255	0.28	0.135	0.08	0.065	0.025	0.015	0.015	0.005	0.005	0.01
#######PARAMETER SECTION#######
800	400	1200	-4	800	-0.25	1
0.18	0.01	1	-4	0.18	-0.25	1
-1.36	-5	-0.001	-4	-1.36	-0.25	1
0.1	0.05	0.3	-4	0.1	-0.25	1
0.2	0.01	0.5	-4	0.2	-0.25	1
0.75	0.20001	1	-3	0.75	-0.25	1
13.815511	-1	200	1	13.815511	-0.25	1
0	-1	1	-4	0	-0.25	1
0.2	1e-04	1.2	-3	0.2	-0.25	1
0	-10	10	-6	0	-1	1
0	-10	10	-6	0	-1	1
2	0	12	-2	2	-0.5	1
1	0	12	-2	1	-0.5	1
2	0	12	-2	2	-0.5	1
1	0	12	-2	1	-0.5	1
1.5	0	12	-2	1.5	-0.5	1
2	0	12	-2	2	-0.5	1
-14.8682006803499	-30	5	1	-14.8682006803499	-1	1
1	0.1	2	-1	1	-1	1
-1.51930887058023	-10	1.39	1	-1.51930887058023	-1	1
#######DEV CONSTRAINTS and DEVS#######
-15	15	2
-15	15	2
-15	15	2
0	0	0	0	0	0	0	0	0	0	0	0	0	0	0	0	0	0	0	0	0	0	0	0	0	0	0	0	0	0
0	0	0	0	0	0	0	0	0	0	0	0	0	0	0	0	0	0	0	0	0	0	0	0	0	0	0	0	0	0
0	0	0	0	0	0	0	0	0	0	0
#######LIKELIHOOD WEIGHTS#######
1
1
1
1
0
1
0
0
0
#######MISCELLANEOUS STUFF SECTION#######
2.5e-08
3
0.5	0.5	0.5	0.5	0.5	0.5	0.5	0.5	0.5	0.5	0.5	0.5
0.0229773699100256	0.320821300824607	0.904650535100891	0.994779874306442	0.999738809680904	0.999986992871533	0.999999352405202	0.999999967758134	0.999999998394772	0.99999999992008	0.999999999996021	0.999999999999802
0.2	0.2	0.2	0.2	0.2	0.2	0.2	0.2	0.2	0.2	0.2	0.2
0
1
10
0.2
1
1	0	0	0	0	0	0	0	0	0	0	0
0	1	0	0	0	0	0	0	0	0	0	0
0	0	1	0	0	0	0	0	0	0	0	0
0	0	0	1	0	0	0	0	0	0	0	0
0	0	0	0	1	0	0	0	0	0	0	0
0	0	0	0	0	1	0	0	0	0	0	0
0	0	0	0	0	0	1	0	0	0	0	0
0	0	0	0	0	0	0	1	0	0	0	0
0	0	0	0	0	0	0	0	1	0	0	0
0	0	0	0	0	0	0	0	0	1	0	0
0	0	0	0	0	0	0	0	0	0	1	0
0	0	0	0	0	0	0	0	0	0	0	1
40
31
2
1
#######END OF DATA FILE#######
999
