#styr																																				
1
#endyr																																			
30
#rec_age																																	
1																																						#n_ages																																		
12
# numbers of length intervals
81
#Length	bin
10	11	12	13	14	15	16	17	18	19	20	21	22	23	24	25	26	27	28	29	30	31	32	33	34	35	36	37	38	39	40	41	42	43	44	45	46	47	48	49	50	51	52	53	54	55	56	57	58	59	60	61	62	63	64	65	66	67	68	69	70	71	72	73	74	75	76	77	78	79	80	81	82	83	84	85	86	87	88	89	90
#nfsh
1
#names_fsh
OM1																																				
#catch																																			
160.272410495132	466.702170587808	761.281199366517	999.656614258905	768.422967073909	1326.06487165925	1285.03164317298	2491.81432205918	1319.65763652611	1512.48619110859	1611.43719956602	1614.68449084481	1105.38700385324	1541.89547784273	1519.00288788662	1275.36540702165	2258.6594800431	1599.96946598873	1451.64544658694	1313.77923267761	1629.44094883681	1073.13922066262	1625.0132458059	1201.01735375968	1114.59381123676	968.597250911164	920.427482029892	1208.59553730465	872.165711597102	1270.42453401996
#catch_cv																																		
0.01	0.01	0.01	0.01	0.01	0.01	0.01	0.01	0.01	0.01	0.01	0.01	0.01	0.01	0.01	0.01	0.01	0.01	0.01	0.01	0.01	0.01	0.01	0.01	0.01	0.01	0.01	0.01	0.01	0.01
#n_ages_fsh																															
30																			
#n_lengths_fsh																															
0																																						
#yrs_ages_fsh																																
1	2	3	4	5	6	7	8	9	10	11	12	13	14	15	16	17	18	19	20	21	22	23	24	25	26	27	28	29	30						
#sample_ages_fsh																														
200	200	200	200	200	200	200	200	200	200	200	200	200	200	200	200	200	200	200	200	200	200	200	200	200	200	200	200	200	200
#page_fsh	2	3	4	5	6	7	8	9	10	11																						
0.05	0.105	0.135	0.135	0.11	0.095	0.07	0.05	0.04	0.04	0.025	0.145
0.08	0.13	0.08	0.125	0.085	0.09	0.085	0.04	0.065	0.04	0.025	0.155
0.07	0.11	0.1	0.105	0.135	0.1	0.09	0.06	0.075	0.045	0.015	0.095
0.045	0.095	0.155	0.135	0.11	0.085	0.09	0.035	0.055	0.045	0.03	0.12
0.05	0.08	0.175	0.17	0.07	0.065	0.065	0.06	0.05	0.04	0.02	0.155
0.09	0.1	0.14	0.14	0.075	0.125	0.06	0.045	0.05	0.04	0	0.135
0.045	0.13	0.175	0.105	0.07	0.105	0.06	0.045	0.05	0.03	0.025	0.16
0.06	0.115	0.145	0.135	0.115	0.06	0.075	0.06	0.015	0.045	0.045	0.13
0.07	0.18	0.15	0.15	0.12	0.07	0.055	0.055	0.015	0.025	0.035	0.075
0.065	0.115	0.165	0.08	0.14	0.105	0.04	0.04	0.055	0.025	0.04	0.13
0.095	0.105	0.145	0.15	0.06	0.125	0.07	0.045	0.035	0.05	0.04	0.08
0.065	0.175	0.13	0.15	0.135	0.05	0.075	0.07	0.035	0.02	0.005	0.09
0.1	0.125	0.135	0.18	0.12	0.09	0.06	0.045	0.02	0.025	0.025	0.075
0.105	0.16	0.14	0.155	0.1	0.055	0.08	0.04	0.045	0.025	0.01	0.085
0.12	0.125	0.185	0.095	0.11	0.08	0.085	0.045	0.01	0.08	0.025	0.04
0.11	0.195	0.17	0.095	0.125	0.07	0.045	0.02	0.045	0.035	0.03	0.06
0.17	0.135	0.12	0.175	0.14	0.075	0.03	0.03	0.03	0.015	0.015	0.065
0.11	0.13	0.18	0.15	0.145	0.06	0.055	0.04	0.055	0.01	0.01	0.055
0.12	0.135	0.24	0.185	0.045	0.11	0.04	0.035	0.035	0.02	0.005	0.03
0.09	0.19	0.16	0.205	0.135	0.075	0.035	0.025	0.025	0.005	0.015	0.04
0.185	0.16	0.16	0.105	0.13	0.075	0.035	0.04	0.025	0.005	0.02	0.06
0.135	0.23	0.175	0.13	0.09	0.09	0.07	0.01	0.02	0.01	0.005	0.035
0.13	0.21	0.22	0.16	0.075	0.075	0.04	0.045	0	0.01	0.01	0.025
0.1	0.135	0.255	0.215	0.1	0.065	0.01	0.035	0.02	0.02	0.015	0.03
0.2	0.14	0.22	0.19	0.115	0.04	0.035	0.025	0.01	0.005	0.005	0.015
0.14	0.195	0.21	0.14	0.15	0.09	0.01	0.015	0.005	0.015	0.01	0.02
0.175	0.22	0.23	0.11	0.075	0.065	0.035	0.015	0.02	0.025	0.01	0.02
0.165	0.245	0.13	0.195	0.105	0.045	0.04	0.035	0.015	0.02	0	0.005
0.185	0.22	0.205	0.14	0.135	0.05	0.035	0.005	0.01	0.005	0	0.01
0.15	0.25	0.215	0.175	0.06	0.05	0.03	0.03	0.02	0.015	0	0.005
#wt_age_fsh	1 2	3	4	5	6	7	8	9	10	11																				
0.000530656	0.001196328	0.002058265	0.003034987	0.004055212	0.005064698	0.006026226	0.006916921	0.007724891	0.008446113	0.009081853	0.009636695
0.000530656	0.001196328	0.002058265	0.003034987	0.004055212	0.005064698	0.006026226	0.006916921	0.007724891	0.008446113	0.009081853	0.009636695
0.000530656	0.001196328	0.002058265	0.003034987	0.004055212	0.005064698	0.006026226	0.006916921	0.007724891	0.008446113	0.009081853	0.009636695
0.000530656	0.001196328	0.002058265	0.003034987	0.004055212	0.005064698	0.006026226	0.006916921	0.007724891	0.008446113	0.009081853	0.009636695
0.000530656	0.001196328	0.002058265	0.003034987	0.004055212	0.005064698	0.006026226	0.006916921	0.007724891	0.008446113	0.009081853	0.009636695
0.000530656	0.001196328	0.002058265	0.003034987	0.004055212	0.005064698	0.006026226	0.006916921	0.007724891	0.008446113	0.009081853	0.009636695
0.000530656	0.001196328	0.002058265	0.003034987	0.004055212	0.005064698	0.006026226	0.006916921	0.007724891	0.008446113	0.009081853	0.009636695
0.000530656	0.001196328	0.002058265	0.003034987	0.004055212	0.005064698	0.006026226	0.006916921	0.007724891	0.008446113	0.009081853	0.009636695
0.000530656	0.001196328	0.002058265	0.003034987	0.004055212	0.005064698	0.006026226	0.006916921	0.007724891	0.008446113	0.009081853	0.009636695
0.000530656	0.001196328	0.002058265	0.003034987	0.004055212	0.005064698	0.006026226	0.006916921	0.007724891	0.008446113	0.009081853	0.009636695
0.000530656	0.001196328	0.002058265	0.003034987	0.004055212	0.005064698	0.006026226	0.006916921	0.007724891	0.008446113	0.009081853	0.009636695
0.000530656	0.001196328	0.002058265	0.003034987	0.004055212	0.005064698	0.006026226	0.006916921	0.007724891	0.008446113	0.009081853	0.009636695
0.000530656	0.001196328	0.002058265	0.003034987	0.004055212	0.005064698	0.006026226	0.006916921	0.007724891	0.008446113	0.009081853	0.009636695
0.000530656	0.001196328	0.002058265	0.003034987	0.004055212	0.005064698	0.006026226	0.006916921	0.007724891	0.008446113	0.009081853	0.009636695
0.000530656	0.001196328	0.002058265	0.003034987	0.004055212	0.005064698	0.006026226	0.006916921	0.007724891	0.008446113	0.009081853	0.009636695
0.000530656	0.001196328	0.002058265	0.003034987	0.004055212	0.005064698	0.006026226	0.006916921	0.007724891	0.008446113	0.009081853	0.009636695
0.000530656	0.001196328	0.002058265	0.003034987	0.004055212	0.005064698	0.006026226	0.006916921	0.007724891	0.008446113	0.009081853	0.009636695
0.000530656	0.001196328	0.002058265	0.003034987	0.004055212	0.005064698	0.006026226	0.006916921	0.007724891	0.008446113	0.009081853	0.009636695
0.000530656	0.001196328	0.002058265	0.003034987	0.004055212	0.005064698	0.006026226	0.006916921	0.007724891	0.008446113	0.009081853	0.009636695
0.000530656	0.001196328	0.002058265	0.003034987	0.004055212	0.005064698	0.006026226	0.006916921	0.007724891	0.008446113	0.009081853	0.009636695
0.000530656	0.001196328	0.002058265	0.003034987	0.004055212	0.005064698	0.006026226	0.006916921	0.007724891	0.008446113	0.009081853	0.009636695
0.000530656	0.001196328	0.002058265	0.003034987	0.004055212	0.005064698	0.006026226	0.006916921	0.007724891	0.008446113	0.009081853	0.009636695
0.000530656	0.001196328	0.002058265	0.003034987	0.004055212	0.005064698	0.006026226	0.006916921	0.007724891	0.008446113	0.009081853	0.009636695
0.000530656	0.001196328	0.002058265	0.003034987	0.004055212	0.005064698	0.006026226	0.006916921	0.007724891	0.008446113	0.009081853	0.009636695
0.000530656	0.001196328	0.002058265	0.003034987	0.004055212	0.005064698	0.006026226	0.006916921	0.007724891	0.008446113	0.009081853	0.009636695
0.000530656	0.001196328	0.002058265	0.003034987	0.004055212	0.005064698	0.006026226	0.006916921	0.007724891	0.008446113	0.009081853	0.009636695
0.000530656	0.001196328	0.002058265	0.003034987	0.004055212	0.005064698	0.006026226	0.006916921	0.007724891	0.008446113	0.009081853	0.009636695
0.000530656	0.001196328	0.002058265	0.003034987	0.004055212	0.005064698	0.006026226	0.006916921	0.007724891	0.008446113	0.009081853	0.009636695
0.000530656	0.001196328	0.002058265	0.003034987	0.004055212	0.005064698	0.006026226	0.006916921	0.007724891	0.008446113	0.009081853	0.009636695
0.000530656	0.001196328	0.002058265	0.003034987	0.004055212	0.005064698	0.006026226	0.006916921	0.007724891	0.008446113	0.009081853	0.009636695

#nind
1
#ind_names																																	
survey_index1																																
#nobs_ind
30
#yrs_ind																																		
1	2	3	4	5	6	7	8	9	10	11	12	13	14	15	16	17	18	19	20	21	22	23	24	25	26	27	28	29	30	
#month_ind																																	
1																																						
#biom_ind																																		
1.68385285301895	1.32277600733415	1.57674026936413	1.5286861964607	1.53971975042914	1.55046829771443	1.39936101051538	1.47068575224386	0.99578461970485	1.4616280982678	1.35218062392872	1.20599417868716	1.12062062091371	1.02830270818212	0.920960888749999	1.03987126248604	0.991541368690058	1.07002453621114	0.629910304796294	0.82428777931146	0.663625242586801	0.700814912212396	0.723525027139635	0.665453756375722	0.53963740470089	0.511617219148062	0.559002282935024	0.614470986817489	0.58755176590507	0.504761731231861
#biom_cv																				
0.336770570603789	0.264555201466831	0.315348053872826	0.305737239292141	0.307943950085828	0.310093659542886	0.279872202103075	0.294137150448772	0.19915692394097	0.292325619653561	0.270436124785744	0.241198835737431	0.224124124182743	0.205660541636425	0.18419217775	0.207974252497209	0.198308273738012	0.214004907242228	0.125982060959259	0.164857555862292	0.13272504851736	0.140162982442479	0.144705005427927	0.133090751275144	0.107927480940178	0.102323443829612	0.111800456587005	0.122894197363498	0.117510353181014	0.100952346246372
#n_ages_ind																																	
30			
#n_lengths_ind																															
0																																						
#yrs_ages_ind																																
1	2	3	4	5	6	7	8	9	10	11	12	13	14	15	16	17	18	19	20	21	22	23	24	25	26	27	28	29	30																						
#sample_ages_ind																														
200	200	200	200	200	200	200	200	200	200	200	200	200	200	200	200	200	200	200	200	200	200	200	200	200	200	200	200	200	200
#page_ind																																		
0.07	0.155	0.09	0.11	0.12	0.07	0.085	0.035	0.065	0.05	0.02	0.13
0.09	0.165	0.1	0.115	0.1	0.075	0.065	0.035	0.025	0.055	0.035	0.14
0.07	0.13	0.14	0.155	0.085	0.095	0.03	0.07	0.055	0.025	0.02	0.125
0.04	0.085	0.21	0.125	0.12	0.055	0.09	0.03	0.05	0.045	0.025	0.125
0.1	0.11	0.11	0.16	0.125	0.09	0.05	0.04	0.02	0.035	0.035	0.125
0.12	0.2	0.135	0.08	0.095	0.07	0.06	0.05	0.055	0.025	0.01	0.1
0.055	0.16	0.245	0.08	0.11	0.065	0.06	0.03	0.055	0.04	0.02	0.08
0.035	0.16	0.14	0.175	0.065	0.095	0.06	0.045	0.045	0.01	0.045	0.125
0.075	0.185	0.15	0.095	0.165	0.08	0.04	0.055	0.015	0.01	0.025	0.105
0.07	0.175	0.185	0.135	0.12	0.09	0.035	0	0.05	0.015	0.02	0.105
0.065	0.145	0.17	0.16	0.09	0.095	0.1	0.02	0.02	0.03	0.015	0.09
0.065	0.18	0.175	0.16	0.1	0.065	0.065	0.075	0.03	0.01	0.02	0.055
0.1	0.15	0.22	0.125	0.125	0.1	0.05	0.02	0.04	0.01	0.01	0.05
0.095	0.185	0.18	0.175	0.105	0.08	0.05	0.02	0.02	0.035	0.01	0.045
0.13	0.205	0.185	0.085	0.125	0.065	0.06	0.035	0.02	0.01	0.03	0.05
0.08	0.145	0.325	0.115	0.095	0.075	0.045	0.02	0.005	0.005	0.04	0.05
0.11	0.2	0.17	0.1	0.1	0.08	0.1	0.025	0.045	0.015	0.01	0.045
0.075	0.255	0.185	0.125	0.115	0.095	0.03	0.035	0.02	0.02	0.005	0.04
0.055	0.15	0.21	0.225	0.105	0.05	0.035	0.045	0.03	0.03	0.01	0.055
0.09	0.22	0.175	0.175	0.095	0.085	0.04	0.025	0.03	0.03	0.005	0.03
0.1	0.18	0.215	0.105	0.13	0.11	0.045	0.025	0.015	0.02	0.01	0.045
0.15	0.3	0.13	0.105	0.1	0.065	0.05	0.03	0.03	0.01	0.015	0.015
0.11	0.29	0.285	0.075	0.065	0.03	0.02	0.035	0.01	0.015	0.03	0.035
0.155	0.195	0.245	0.14	0.075	0.065	0.04	0.03	0.03	0.005	0.01	0.01
0.135	0.21	0.205	0.19	0.12	0.025	0.025	0.02	0.02	0.015	0	0.035
0.105	0.3	0.22	0.13	0.11	0.06	0.02	0.005	0.005	0.01	0.02	0.015
0.12	0.23	0.265	0.16	0.08	0.06	0.055	0.01	0.015	0	0	0.005
0.14	0.225	0.19	0.215	0.055	0.085	0.045	0.015	0.005	0.01	0.005	0.01
0.135	0.29	0.18	0.12	0.125	0.04	0.03	0.045	0.015	0.005	0	0.015
0.14	0.345	0.22	0.125	0.06	0.07	0.005	0.01	0.015	0	0	0.01
#wt_age_ind																																	
1 1 1 1 1 1 1 1 1 1 1 1 
1 1 1 1 1 1 1 1 1 1 1 1 
1 1 1 1 1 1 1 1 1 1 1 1 
1 1 1 1 1 1 1 1 1 1 1 1 
1 1 1 1 1 1 1 1 1 1 1 1 
1 1 1 1 1 1 1 1 1 1 1 1 
1 1 1 1 1 1 1 1 1 1 1 1 
1 1 1 1 1 1 1 1 1 1 1 1 
1 1 1 1 1 1 1 1 1 1 1 1 
1 1 1 1 1 1 1 1 1 1 1 1 
1 1 1 1 1 1 1 1 1 1 1 1 
1 1 1 1 1 1 1 1 1 1 1 1 
1 1 1 1 1 1 1 1 1 1 1 1 
1 1 1 1 1 1 1 1 1 1 1 1 
1 1 1 1 1 1 1 1 1 1 1 1 
1 1 1 1 1 1 1 1 1 1 1 1 
1 1 1 1 1 1 1 1 1 1 1 1 
1 1 1 1 1 1 1 1 1 1 1 1 
1 1 1 1 1 1 1 1 1 1 1 1 
1 1 1 1 1 1 1 1 1 1 1 1 
1 1 1 1 1 1 1 1 1 1 1 1 
1 1 1 1 1 1 1 1 1 1 1 1 
1 1 1 1 1 1 1 1 1 1 1 1 
1 1 1 1 1 1 1 1 1 1 1 1 
1 1 1 1 1 1 1 1 1 1 1 1 
1 1 1 1 1 1 1 1 1 1 1 1 
1 1 1 1 1 1 1 1 1 1 1 1 
1 1 1 1 1 1 1 1 1 1 1 1 
1 1 1 1 1 1 1 1 1 1 1 1 
1 1 1 1 1 1 1 1 1 1 1 1 
# wt_pop
0.000530656	0.001196328	0.002058265	0.003034987	0.004055212	0.005064698	0.006026226	0.006916921	0.007724891	0.008446113	0.009081853	0.009636695
#maturity
0.02297737 0.32082130 0.90465054 0.99477987 0.99973881 0.99998699 0.99999935 0.99999997 1 1 1 1
#spmonth																																		
1		
#age_err																																		
1	0	0	0	0	0	0	0	0	0	0	0
0	1	0	0	0	0	0	0	0	0	0	0
0	0	1	0	0	0	0	0	0	0	0	0
0	0	0	1	0	0	0	0	0	0	0	0
0	0	0	0	1	0	0	0	0	0	0	0
0	0	0	0	0	1	0	0	0	0	0	0
0	0	0	0	0	0	1	0	0	0	0	0
0	0	0	0	0	0	0	1	0	0	0	0
0	0	0	0	0	0	0	0	1	0	0	0
0	0	0	0	0	0	0	0	0	1	0	0
0	0	0	0	0	0	0	0	0	0	1	0
0	0	0	0	0	0	0	0	0	0	0	1																														
