# Number of parameters = 73  Objective function value = 26274.3  Maximum gradient component = 0.00410563
# sel_params[1]:
2.00000000000
# sel_params[2]:
1.00000000000
# log_Fmult_year1:
 -4.65328942687
# log_Fmult_devs:
 1.08866444496 0.510204060501 0.305287274073 -0.218243570588 0.587538271598 0.0136921045619 0.742575687219 -0.540204978995 0.211402273003 0.112618487290 0.0650261295199 -0.337698089169 0.366784879484 0.0644763948019 -0.0965736758357 0.678971361643 -0.209455219707 -0.0155649152540 -0.0121851055800 0.322734338895 -0.324028015678 0.490816992984 -0.191657314431 -0.0236432477696 -0.112648924545 -0.0391520779709 0.313714972739 -0.270900778948 0.388938190869
# log_recruit_devs:
 -0.0837761795057 0.208308950307 -0.199363635136 -0.112898580895 0.328174920810 0.174966050778 -0.0283659538598 0.183024762396 -0.0439652258753 0.140730176679 0.0796992509741 -0.0762158419375 -0.0788530043234 -0.0140858230349 -0.202139768740 0.192890319276 0.0977723683274 -0.209737063093 -0.0118508062486 -0.296866693094 0.138056254852 0.108159454931 -0.115307646751 -0.178934770142 0.175008669177 -0.222903273517 -0.158711747569 0.0767962577800 0.212187462659 -0.0817988852251
# log_N_year1_devs:
 -0.154767611248 0.0114888987268 0.0365688160236 -0.0265686319191 -0.104043901668 -0.0996873457799 -0.323291431033 -0.0561226064633 -0.548866940983 -0.799566030959 0.0905925872909
# log_q_year1:
 -7.96319092977
# log_q_devs:
 0.00000000000 0.00000000000 0.00000000000 0.00000000000 0.00000000000 0.00000000000 0.00000000000 0.00000000000 0.00000000000 0.00000000000 0.00000000000 0.00000000000 0.00000000000 0.00000000000 0.00000000000 0.00000000000 0.00000000000 0.00000000000 0.00000000000 0.00000000000 0.00000000000 0.00000000000 0.00000000000 0.00000000000 0.00000000000 0.00000000000 0.00000000000 0.00000000000 0.00000000000
# index_sel_params[1]:
1.50000000000
# index_sel_params[2]:
0.500000000000
# log_SR_scaler:
6.92083156520
# SR_steepness:
0.750000000000
