# Number of parameters = 73  Objective function value = 26457.4  Maximum gradient component = 0.00202094
# sel_params[1]:
2.00000000000
# sel_params[2]:
1.00000000000
# log_Fmult_year1:
 -4.66693457215
# log_Fmult_devs:
 1.06488214334 0.518757871889 0.298845588170 -0.232745979579 0.586756127402 0.0124528048606 0.748912288718 -0.532753833358 0.196942884986 0.118641656515 0.0797166565425 -0.323282554065 0.365089845371 0.0665893287268 -0.0952726047163 0.665064470068 -0.190848962048 -0.00969786851828 -0.00767921677469 0.331429308898 -0.322735554858 0.480620372832 -0.191810994840 -0.0237440880128 -0.106976290346 -0.0280863779956 0.325650832133 -0.290888982201 0.390913492666
# log_recruit_devs:
 -0.0581794004179 0.230015991408 0.000657216448751 -0.222567406944 0.246114598724 0.236519415402 0.0545141280212 0.102776660156 -0.127289539223 0.185526614853 -0.0230227662730 -0.101767781466 -0.0819250454048 -0.0462740935595 -0.00331605394693 0.108252427382 0.0579084566971 -0.267267573285 -0.177688938304 -0.317281524150 0.207825095764 0.170325087786 -0.0946765922427 -0.193870527655 0.0680174942088 -0.170773928459 -0.153293664897 0.0948899184377 0.196695940720 0.0791557902185
# log_N_year1_devs:
 -0.0331179678613 0.0875681549393 -0.0126558155085 -0.00732474352830 0.114023341400 0.0302439047879 -0.0649761310034 -0.201667209717 -0.0898828424442 -0.266944204862 -0.165217584992
# log_q_year1:
 -7.95636283559
# log_q_devs:
 0.00000000000 0.00000000000 0.00000000000 0.00000000000 0.00000000000 0.00000000000 0.00000000000 0.00000000000 0.00000000000 0.00000000000 0.00000000000 0.00000000000 0.00000000000 0.00000000000 0.00000000000 0.00000000000 0.00000000000 0.00000000000 0.00000000000 0.00000000000 0.00000000000 0.00000000000 0.00000000000 0.00000000000 0.00000000000 0.00000000000 0.00000000000 0.00000000000 0.00000000000
# index_sel_params[1]:
1.50000000000
# index_sel_params[2]:
0.500000000000
# log_SR_scaler:
6.92096450274
# SR_steepness:
0.750000000000
