#######GENERAL HEADER INPUT#######
1
30
1
30
1
30
30
12
1	2	3	4	5	6	7	8	9	10	11	12
12
1	2	3	4	5	6	7	8	9	10	11	12
1
101
1
1
#######SURVEY DATA#######
30
1	2	3	4	5	6	7	8	9	10	11	12	13	14	15	16	17	18	19	20	21	22	23	24	25	26	27	28	29	30
1.50827888718149	1.7643902973786	1.59363747880856	1.33513714167103	1.36191001553699	1.66377349683869	1.37400712420705	1.56445172499768	1.22646381549871	1.20677490537137	1.27758650270776	1.06029590283832	1.190034642075	0.912117791008314	1.07188656487688	0.949319400537001	1.20104482412714	0.957452523909936	0.924729296634747	0.7294025089626	0.707035627349407	0.650992351559782	0.719433008842171	0.551067202306944	0.54745052531171	0.478373451761335	0.526643180365397	0.556151678241215	0.540683750447272	0.733788748160248
0.2	0.2	0.2	0.2	0.2	0.2	0.2	0.2	0.2	0.2	0.2	0.2	0.2	0.2	0.2	0.2	0.2	0.2	0.2	0.2	0.2	0.2	0.2	0.2	0.2	0.2	0.2	0.2	0.2	0.2
30
1	2	3	4	5	6	7	8	9	10	11	12	13	14	15	16	17	18	19	20	21	22	23	24	25	26	27	28	29	30
200	200	200	200	200	200	200	200	200	200	200	200	200	200	200	200	200	200	200	200	200	200	200	200	200	200	200	200	200	200
200	200	200	200	200	200	200	200	200	200	200	200	200	200	200	200	200	200	200	200	200	200	200	200	200	200	200	200	200	200
0.06	0.155	0.095	0.12	0.085	0.1	0.07	0.04	0.05	0.05	0.015	0.16
0.075	0.15	0.16	0.135	0.085	0.075	0.055	0.06	0.03	0.015	0.015	0.145
0.095	0.155	0.14	0.115	0.075	0.085	0.085	0.025	0.04	0.04	0.015	0.13
0.04	0.13	0.195	0.165	0.075	0.07	0.035	0.065	0.045	0.045	0.01	0.125
0.07	0.155	0.115	0.135	0.09	0.09	0.07	0.04	0.065	0.015	0.02	0.135
0.11	0.175	0.105	0.11	0.09	0.1	0.06	0.035	0.015	0.045	0.05	0.105
0.045	0.25	0.18	0.09	0.095	0.05	0.04	0.025	0.03	0.06	0.03	0.105
0.105	0.135	0.185	0.145	0.09	0.11	0.05	0.065	0.02	0.02	0.01	0.065
0.085	0.235	0.12	0.15	0.115	0.04	0.05	0.045	0.035	0.015	0.02	0.09
0.045	0.175	0.205	0.105	0.13	0.09	0.04	0.055	0.035	0.015	0.03	0.075
0.1	0.19	0.145	0.115	0.125	0.1	0.095	0.02	0.02	0.025	0.025	0.04
0.095	0.175	0.18	0.16	0.085	0.05	0.07	0.08	0.035	0.01	0.015	0.045
0.1	0.13	0.185	0.115	0.12	0.11	0.05	0.03	0.045	0.025	0.015	0.075
0.09	0.15	0.175	0.14	0.12	0.08	0.045	0.055	0.065	0.04	0.015	0.025
0.08	0.18	0.165	0.09	0.12	0.09	0.045	0.075	0.035	0.02	0.02	0.08
0.085	0.195	0.195	0.19	0.065	0.08	0.065	0.02	0.03	0.015	0.025	0.035
0.075	0.22	0.185	0.17	0.085	0.075	0.075	0.025	0.03	0.01	0.015	0.035
0.055	0.2	0.255	0.155	0.09	0.07	0.055	0.055	0.02	0.015	0.01	0.02
0.12	0.18	0.2	0.195	0.075	0.065	0.05	0.025	0.03	0.03	0.005	0.025
0.11	0.27	0.18	0.135	0.1	0.015	0.075	0.015	0.025	0.02	0.01	0.045
0.135	0.17	0.245	0.135	0.095	0.065	0.07	0.035	0.005	0.015	0.005	0.025
0.13	0.26	0.185	0.14	0.085	0.09	0.045	0.015	0.015	0.005	0	0.03
0.1	0.295	0.24	0.09	0.08	0.045	0.045	0.03	0.01	0.02	0.02	0.025
0.09	0.22	0.25	0.19	0.1	0.05	0.04	0.015	0.025	0.005	0	0.015
0.14	0.225	0.19	0.155	0.155	0.035	0.035	0.035	0.01	0.01	0	0.01
0.115	0.285	0.165	0.165	0.11	0.07	0.025	0.015	0.025	0.005	0.01	0.01
0.135	0.2	0.29	0.145	0.075	0.055	0.04	0.02	0.015	0.005	0.015	0.005
0.15	0.285	0.17	0.17	0.07	0.09	0.025	0.02	0.005	0.005	0.005	0.005
0.16	0.29	0.18	0.095	0.145	0.065	0.03	0.02	0.005	0.01	0	0
0.095	0.32	0.25	0.13	0.06	0.07	0.015	0.015	0.025	0.01	0	0.01
#######LANDINGS DATA#######
1
30
161.119994414654	464.695462413044	761.476353011455	995.168106590121	759.833928228477	1337.34740750196	1272.11129163805	2481.46640548923	1319.84236082842	1528.33975816206	1627.85147835657	1605.64958645221	1109.29594033629	1521.59363570076	1515.71631063145	1274.98315620525	2243.34169027637	1609.91219769592	1458.99819874804	1322.02589407973	1631.98607354962	1072.65273576673	1634.02710450362	1198.96467783621	1113.13980708172	970.346649182065	921.227917990654	1210.37350950365	879.320768365529	1259.13635480481
0.01	0.01	0.01	0.01	0.01	0.01	0.01	0.01	0.01	0.01	0.01	0.01	0.01	0.01	0.01	0.01	0.01	0.01	0.01	0.01	0.01	0.01	0.01	0.01	0.01	0.01	0.01	0.01	0.01	0.01
30
1	2	3	4	5	6	7	8	9	10	11	12	13	14	15	16	17	18	19	20	21	22	23	24	25	26	27	28	29	30
200	200	200	200	200	200	200	200	200	200	200	200	200	200	200	200	200	200	200	200	200	200	200	200	200	200	200	200	200	200
200	200	200	200	200	200	200	200	200	200	200	200	200	200	200	200	200	200	200	200	200	200	200	200	200	200	200	200	200	200
0.08	0.095	0.125	0.14	0.075	0.105	0.05	0.09	0.05	0.045	0.02	0.125
0.095	0.125	0.125	0.09	0.13	0.08	0.06	0.085	0.035	0.01	0.04	0.125
0.055	0.1	0.14	0.095	0.1	0.08	0.095	0.05	0.055	0.035	0.015	0.18
0.065	0.1	0.21	0.1	0.075	0.085	0.05	0.05	0.055	0.015	0.045	0.15
0.12	0.085	0.085	0.165	0.09	0.11	0.075	0.04	0.04	0.02	0.03	0.14
0.07	0.15	0.09	0.095	0.14	0.09	0.08	0.05	0.07	0.03	0.035	0.1
0.065	0.13	0.185	0.125	0.065	0.09	0.065	0.05	0.04	0.06	0.03	0.095
0.105	0.13	0.16	0.14	0.105	0.055	0.07	0.035	0.04	0.05	0.015	0.095
0.07	0.185	0.115	0.135	0.14	0.07	0.065	0.04	0.04	0.035	0.01	0.095
0.07	0.135	0.155	0.12	0.165	0.105	0.035	0.04	0.045	0.015	0.02	0.095
0.11	0.135	0.185	0.13	0.095	0.125	0.085	0.03	0.015	0.01	0.01	0.07
0.085	0.13	0.185	0.2	0.11	0.08	0.055	0.05	0.01	0.025	0.025	0.045
0.135	0.125	0.195	0.14	0.065	0.09	0.055	0.045	0.025	0.03	0.02	0.075
0.085	0.145	0.135	0.11	0.11	0.115	0.075	0.055	0.015	0.035	0.01	0.11
0.09	0.145	0.195	0.135	0.1	0.105	0.065	0.05	0.02	0.015	0.035	0.045
0.135	0.135	0.21	0.07	0.1	0.085	0.05	0.055	0.05	0.015	0.035	0.06
0.13	0.135	0.145	0.125	0.105	0.08	0.07	0.035	0.06	0.03	0.01	0.075
0.065	0.11	0.275	0.145	0.125	0.04	0.045	0.065	0.03	0.04	0.01	0.05
0.165	0.13	0.2	0.185	0.1	0.065	0.04	0.03	0.02	0.015	0.01	0.04
0.12	0.17	0.195	0.135	0.115	0.085	0.035	0.04	0.02	0.025	0.02	0.04
0.2	0.145	0.16	0.16	0.115	0.075	0.04	0.035	0.01	0.015	0.015	0.03
0.13	0.18	0.16	0.165	0.095	0.1	0.055	0.045	0.015	0.005	0.005	0.045
0.115	0.22	0.195	0.125	0.105	0.095	0.05	0.04	0.025	0.01	0	0.02
0.145	0.19	0.23	0.175	0.115	0.04	0.03	0.035	0.015	0.02	0.005	0
0.19	0.14	0.225	0.195	0.125	0.03	0.03	0.02	0.01	0.015	0	0.02
0.13	0.3	0.175	0.12	0.125	0.07	0.02	0.01	0.005	0.01	0.025	0.01
0.14	0.165	0.235	0.14	0.1	0.09	0.065	0.015	0.02	0.005	0.015	0.01
0.24	0.235	0.125	0.175	0.085	0.06	0.03	0.035	0.01	0.005	0	0
0.125	0.205	0.275	0.115	0.145	0.055	0.03	0.02	0.01	0.005	0.005	0.01
0.17	0.245	0.29	0.09	0.075	0.07	0.02	0.01	0.025	0.005	0	0
#######PARAMETER SECTION#######
800	400	1200	-4	800	-0.25	1
0.18	0.01	1	-4	0.18	-0.25	1
-1.36	-5	-0.001	-4	-1.36	-0.25	1
0.1	0.05	0.3	-4	0.1	-0.25	1
0.2	0.01	0.5	-4	0.2	-0.25	1
0.75	0.20001	1	-3	0.75	-0.25	1
13.815511	-1	200	1	13.815511	-0.25	1
0	-1	1	-4	0	-0.25	1
0.2	1e-04	1.2	-3	0.2	-0.25	1
0	-10	10	-6	0	-1	1
0	-10	10	-6	0	-1	1
2	0	12	-2	2	-0.5	1
1	0	12	-2	1	-0.5	1
2	0	12	-2	2	-0.5	1
1	0	12	-2	1	-0.5	1
1.5	0	12	-2	1.5	-0.5	1
2	0	12	-2	2	-0.5	1
-14.8682006803499	-30	5	1	-14.8682006803499	-1	1
1	0.1	2	-1	1	-1	1
-1.51930887058023	-10	1.39	1	-1.51930887058023	-1	1
#######DEV CONSTRAINTS and DEVS#######
-15	15	2
-15	15	2
-15	15	2
0	0	0	0	0	0	0	0	0	0	0	0	0	0	0	0	0	0	0	0	0	0	0	0	0	0	0	0	0	0
0	0	0	0	0	0	0	0	0	0	0	0	0	0	0	0	0	0	0	0	0	0	0	0	0	0	0	0	0	0
0	0	0	0	0	0	0	0	0	0	0
#######LIKELIHOOD WEIGHTS#######
1
1
1
1
0
1
0
0
0
#######MISCELLANEOUS STUFF SECTION#######
2.5e-08
3
0.5	0.5	0.5	0.5	0.5	0.5	0.5	0.5	0.5	0.5	0.5	0.5
0.0229773699100256	0.320821300824607	0.904650535100891	0.994779874306442	0.999738809680904	0.999986992871533	0.999999352405202	0.999999967758134	0.999999998394772	0.99999999992008	0.999999999996021	0.999999999999802
0.2	0.2	0.2	0.2	0.2	0.2	0.2	0.2	0.2	0.2	0.2	0.2
0
1
10
0.2
1
1	0	0	0	0	0	0	0	0	0	0	0
0	1	0	0	0	0	0	0	0	0	0	0
0	0	1	0	0	0	0	0	0	0	0	0
0	0	0	1	0	0	0	0	0	0	0	0
0	0	0	0	1	0	0	0	0	0	0	0
0	0	0	0	0	1	0	0	0	0	0	0
0	0	0	0	0	0	1	0	0	0	0	0
0	0	0	0	0	0	0	1	0	0	0	0
0	0	0	0	0	0	0	0	1	0	0	0
0	0	0	0	0	0	0	0	0	1	0	0
0	0	0	0	0	0	0	0	0	0	1	0
0	0	0	0	0	0	0	0	0	0	0	1
40
31
2
1
#######END OF DATA FILE#######
999
