#######GENERAL HEADER INPUT#######
1
30
1
30
1
30
30
12
1	2	3	4	5	6	7	8	9	10	11	12
12
1	2	3	4	5	6	7	8	9	10	11	12
1
101
1
1
#######SURVEY DATA#######
30
1	2	3	4	5	6	7	8	9	10	11	12	13	14	15	16	17	18	19	20	21	22	23	24	25	26	27	28	29	30
1.72822582703263	1.5462247977324	1.50452508435592	1.38435092488427	1.39919488857367	1.95292798359017	1.36402938319507	1.46476978962275	1.20813986691459	1.25492607808116	1.13702873192141	0.975997565969587	1.08623019711386	1.06088228563299	1.01188215905267	1.00341902096127	1.05771591049467	0.894437780586819	0.764395747681686	0.879318849877432	0.799491564835701	0.710944491431301	0.65843407051622	0.54667385561282	0.623910360445169	0.464983633341426	0.576043688151024	0.538626865503831	0.534358256026755	0.409852804086008
0.2	0.2	0.2	0.2	0.2	0.2	0.2	0.2	0.2	0.2	0.2	0.2	0.2	0.2	0.2	0.2	0.2	0.2	0.2	0.2	0.2	0.2	0.2	0.2	0.2	0.2	0.2	0.2	0.2	0.2
30
1	2	3	4	5	6	7	8	9	10	11	12	13	14	15	16	17	18	19	20	21	22	23	24	25	26	27	28	29	30
200	200	200	200	200	200	200	200	200	200	200	200	200	200	200	200	200	200	200	200	200	200	200	200	200	200	200	200	200	200
200	200	200	200	200	200	200	200	200	200	200	200	200	200	200	200	200	200	200	200	200	200	200	200	200	200	200	200	200	200
0.075	0.135	0.09	0.145	0.11	0.075	0.09	0.04	0.045	0.015	0.02	0.16
0.07	0.165	0.175	0.1	0.09	0.065	0.09	0.06	0.02	0.03	0.01	0.125
0.035	0.195	0.135	0.11	0.11	0.065	0.09	0.045	0.06	0.03	0.025	0.1
0.08	0.11	0.19	0.11	0.09	0.07	0.08	0.045	0.06	0.05	0.025	0.09
0.1	0.085	0.115	0.165	0.1	0.105	0.06	0.075	0.04	0.015	0.01	0.13
0.1	0.21	0.135	0.06	0.065	0.055	0.09	0.05	0.055	0.055	0.03	0.095
0.09	0.17	0.2	0.075	0.08	0.105	0.065	0.04	0.03	0.025	0.015	0.105
0.075	0.135	0.14	0.145	0.07	0.1	0.045	0.08	0.05	0.035	0.045	0.08
0.055	0.225	0.18	0.13	0.11	0.035	0.015	0.085	0.04	0	0.02	0.105
0.05	0.18	0.155	0.15	0.11	0.125	0.07	0.045	0.025	0.015	0.025	0.05
0.105	0.205	0.165	0.185	0.055	0.075	0.08	0.035	0.035	0.01	0.005	0.045
0.085	0.17	0.215	0.12	0.125	0.07	0.065	0.04	0.025	0.005	0.02	0.06
0.08	0.195	0.165	0.085	0.085	0.13	0.06	0.045	0.03	0.02	0.01	0.095
0.105	0.16	0.205	0.1	0.125	0.085	0.07	0.03	0.015	0.015	0.015	0.075
0.06	0.28	0.12	0.125	0.085	0.075	0.05	0.045	0.035	0.035	0.01	0.08
0.1	0.15	0.145	0.165	0.115	0.08	0.06	0.035	0.03	0.03	0.01	0.08
0.085	0.275	0.175	0.105	0.11	0.05	0.07	0.035	0.02	0	0.01	0.065
0.075	0.235	0.27	0.105	0.105	0.04	0.04	0.015	0.05	0.02	0.015	0.03
0.08	0.16	0.275	0.175	0.105	0.07	0.025	0.01	0.02	0.02	0.01	0.05
0.08	0.21	0.195	0.16	0.11	0.085	0.035	0.035	0.01	0.005	0.025	0.05
0.14	0.21	0.185	0.165	0.1	0.065	0.04	0.025	0.04	0.005	0.01	0.015
0.115	0.28	0.185	0.15	0.09	0.06	0.045	0.025	0.02	0.005	0.005	0.02
0.11	0.27	0.255	0.125	0.065	0.05	0.02	0.045	0.025	0.005	0.015	0.015
0.105	0.185	0.25	0.15	0.09	0.09	0.045	0.015	0.035	0.015	0	0.02
0.145	0.18	0.19	0.155	0.13	0.06	0.07	0.015	0.005	0.005	0.01	0.035
0.115	0.305	0.19	0.1	0.135	0.06	0.03	0.025	0.005	0.01	0.01	0.015
0.11	0.245	0.25	0.115	0.095	0.085	0.02	0.025	0.015	0.015	0.01	0.015
0.195	0.2	0.205	0.155	0.06	0.07	0.065	0.02	0.01	0.005	0	0.015
0.155	0.295	0.16	0.11	0.14	0.065	0.03	0.015	0.005	0.01	0.005	0.01
0.095	0.315	0.305	0.09	0.07	0.055	0.03	0.01	0.01	0.015	0.005	0
#######LANDINGS DATA#######
1
30
161.164344563326	471.242377299963	755.439364914355	1002.53962503845	767.082648142521	1324.69034140948	1285.10231291275	2473.21818336742	1330.37243081403	1517.17369581572	1627.84034578263	1627.6017282646	1109.54620182476	1520.1335628464	1514.24716016657	1272.20955260716	2258.63051488152	1603.29137016763	1454.15689909759	1312.69163966069	1632.96336271663	1074.57627949978	1646.64205800919	1210.77163462518	1120.75850490027	968.296540032698	919.458228672471	1215.77466034449	877.946501265781	1271.57347501726
0.01	0.01	0.01	0.01	0.01	0.01	0.01	0.01	0.01	0.01	0.01	0.01	0.01	0.01	0.01	0.01	0.01	0.01	0.01	0.01	0.01	0.01	0.01	0.01	0.01	0.01	0.01	0.01	0.01	0.01
30
1	2	3	4	5	6	7	8	9	10	11	12	13	14	15	16	17	18	19	20	21	22	23	24	25	26	27	28	29	30
200	200	200	200	200	200	200	200	200	200	200	200	200	200	200	200	200	200	200	200	200	200	200	200	200	200	200	200	200	200
200	200	200	200	200	200	200	200	200	200	200	200	200	200	200	200	200	200	200	200	200	200	200	200	200	200	200	200	200	200
0.06	0.085	0.175	0.12	0.06	0.065	0.075	0.07	0.06	0.03	0.04	0.16
0.075	0.095	0.105	0.125	0.12	0.085	0.075	0.055	0.045	0.035	0.045	0.14
0.085	0.115	0.12	0.125	0.135	0.1	0.065	0.04	0.04	0.02	0.015	0.14
0.055	0.1	0.2	0.095	0.12	0.09	0.06	0.045	0.025	0.03	0.045	0.135
0.085	0.12	0.105	0.105	0.06	0.11	0.075	0.04	0.025	0.05	0.045	0.18
0.075	0.165	0.11	0.095	0.155	0.065	0.065	0.055	0.04	0.03	0.035	0.11
0.07	0.12	0.165	0.15	0.095	0.07	0.065	0.02	0.055	0.045	0.025	0.12
0.09	0.12	0.18	0.175	0.045	0.045	0.05	0.055	0.055	0.03	0.035	0.12
0.09	0.155	0.1	0.145	0.14	0.105	0.065	0.06	0.015	0.02	0.025	0.08
0.085	0.09	0.16	0.145	0.105	0.165	0.035	0.045	0.05	0.045	0.015	0.06
0.09	0.16	0.18	0.16	0.09	0.07	0.075	0.03	0.03	0.04	0	0.075
0.095	0.105	0.175	0.085	0.13	0.075	0.115	0.095	0.02	0.03	0.025	0.05
0.09	0.15	0.165	0.175	0.065	0.09	0.06	0.09	0.025	0.01	0.01	0.07
0.13	0.135	0.185	0.11	0.165	0.05	0.07	0.04	0.02	0.015	0.01	0.07
0.1	0.16	0.105	0.1	0.165	0.14	0.06	0.055	0.02	0.03	0.025	0.04
0.145	0.11	0.125	0.13	0.09	0.125	0.085	0.035	0.065	0.02	0.01	0.06
0.125	0.17	0.15	0.115	0.14	0.07	0.045	0.05	0.04	0.02	0.03	0.045
0.085	0.22	0.245	0.09	0.1	0.075	0.045	0.06	0.01	0.025	0.015	0.03
0.125	0.115	0.165	0.2	0.105	0.075	0.045	0.055	0.015	0.015	0.015	0.07
0.07	0.195	0.165	0.2	0.12	0.055	0.07	0.025	0.01	0.02	0.015	0.055
0.15	0.12	0.175	0.145	0.14	0.085	0.045	0.055	0.025	0.01	0.005	0.045
0.125	0.25	0.185	0.125	0.055	0.095	0.05	0.015	0.015	0.03	0.02	0.035
0.135	0.205	0.205	0.105	0.125	0.05	0.055	0.04	0.03	0.02	0.005	0.025
0.135	0.17	0.265	0.18	0.09	0.045	0.025	0.03	0.01	0.005	0.025	0.02
0.16	0.125	0.225	0.145	0.135	0.1	0.02	0.04	0.025	0.01	0.005	0.01
0.13	0.24	0.175	0.125	0.16	0.08	0.02	0.015	0.005	0.025	0.005	0.02
0.155	0.18	0.225	0.165	0.095	0.065	0.05	0.035	0	0.005	0	0.025
0.145	0.2	0.18	0.2	0.1	0.05	0.05	0.04	0.015	0	0	0.02
0.2	0.23	0.19	0.12	0.115	0.035	0.04	0.02	0.02	0.005	0.005	0.02
0.155	0.245	0.24	0.15	0.075	0.045	0.015	0.03	0.015	0.025	0.005	0
#######PARAMETER SECTION#######
800	400	1200	-4	800	-0.25	1
0.18	0.01	1	-4	0.18	-0.25	1
-1.36	-5	-0.001	-4	-1.36	-0.25	1
0.1	0.05	0.3	-4	0.1	-0.25	1
0.2	0.01	0.5	-4	0.2	-0.25	1
0.75	0.20001	1	-3	0.75	-0.25	1
13.815511	-1	200	1	13.815511	-0.25	1
0	-1	1	-4	0	-0.25	1
0.2	1e-04	1.2	-3	0.2	-0.25	1
0	-10	10	-6	0	-1	1
0	-10	10	-6	0	-1	1
2	0	12	-2	2	-0.5	1
1	0	12	-2	1	-0.5	1
2	0	12	-2	2	-0.5	1
1	0	12	-2	1	-0.5	1
1.5	0	12	-2	1.5	-0.5	1
2	0	12	-2	2	-0.5	1
-14.8682006803499	-30	5	1	-14.8682006803499	-1	1
1	0.1	2	-1	1	-1	1
-1.51930887058023	-10	1.39	1	-1.51930887058023	-1	1
#######DEV CONSTRAINTS and DEVS#######
-15	15	2
-15	15	2
-15	15	2
0	0	0	0	0	0	0	0	0	0	0	0	0	0	0	0	0	0	0	0	0	0	0	0	0	0	0	0	0	0
0	0	0	0	0	0	0	0	0	0	0	0	0	0	0	0	0	0	0	0	0	0	0	0	0	0	0	0	0	0
0	0	0	0	0	0	0	0	0	0	0
#######LIKELIHOOD WEIGHTS#######
1
1
1
1
0
1
0
0
0
#######MISCELLANEOUS STUFF SECTION#######
2.5e-08
3
0.5	0.5	0.5	0.5	0.5	0.5	0.5	0.5	0.5	0.5	0.5	0.5
0.0229773699100256	0.320821300824607	0.904650535100891	0.994779874306442	0.999738809680904	0.999986992871533	0.999999352405202	0.999999967758134	0.999999998394772	0.99999999992008	0.999999999996021	0.999999999999802
0.2	0.2	0.2	0.2	0.2	0.2	0.2	0.2	0.2	0.2	0.2	0.2
0
1
10
0.2
1
1	0	0	0	0	0	0	0	0	0	0	0
0	1	0	0	0	0	0	0	0	0	0	0
0	0	1	0	0	0	0	0	0	0	0	0
0	0	0	1	0	0	0	0	0	0	0	0
0	0	0	0	1	0	0	0	0	0	0	0
0	0	0	0	0	1	0	0	0	0	0	0
0	0	0	0	0	0	1	0	0	0	0	0
0	0	0	0	0	0	0	1	0	0	0	0
0	0	0	0	0	0	0	0	1	0	0	0
0	0	0	0	0	0	0	0	0	1	0	0
0	0	0	0	0	0	0	0	0	0	1	0
0	0	0	0	0	0	0	0	0	0	0	1
40
31
2
1
#######END OF DATA FILE#######
999
