#######GENERAL HEADER INPUT#######
1
30
1
30
1
30
30
12
1	2	3	4	5	6	7	8	9	10	11	12
12
1	2	3	4	5	6	7	8	9	10	11	12
1
101
1
1
#######SURVEY DATA#######
30
1	2	3	4	5	6	7	8	9	10	11	12	13	14	15	16	17	18	19	20	21	22	23	24	25	26	27	28	29	30
1.47890252321688	1.59076194931113	1.64156912382288	1.74422502512663	1.51903177803023	1.36253196715426	1.39362614803743	1.4128732615929	1.2048765872206	1.13453303715366	1.32006118289814	1.15176392702176	0.939467420523219	0.932481071766571	1.10381174498921	1.00705060546646	1.02318888734876	0.990419056378207	0.904979215806108	0.615792484272406	0.659643098970242	0.681050142673016	0.666434962332791	0.549985374389385	0.545999160933192	0.688704760055452	0.394230446318719	0.611366582281757	0.593476384458685	0.539114295525701
0.2	0.2	0.2	0.2	0.2	0.2	0.2	0.2	0.2	0.2	0.2	0.2	0.2	0.2	0.2	0.2	0.2	0.2	0.2	0.2	0.2	0.2	0.2	0.2	0.2	0.2	0.2	0.2	0.2	0.2
30
1	2	3	4	5	6	7	8	9	10	11	12	13	14	15	16	17	18	19	20	21	22	23	24	25	26	27	28	29	30
200	200	200	200	200	200	200	200	200	200	200	200	200	200	200	200	200	200	200	200	200	200	200	200	200	200	200	200	200	200
200	200	200	200	200	200	200	200	200	200	200	200	200	200	200	200	200	200	200	200	200	200	200	200	200	200	200	200	200	200
0.035	0.17	0.2	0.105	0.09	0.065	0.05	0.045	0.035	0.055	0.03	0.12
0.105	0.16	0.125	0.085	0.075	0.105	0.075	0.04	0.035	0.03	0.02	0.145
0.07	0.175	0.155	0.105	0.095	0.065	0.065	0.035	0.05	0.015	0.025	0.145
0.045	0.145	0.145	0.155	0.1	0.075	0.055	0.04	0.08	0.03	0.03	0.1
0.1	0.095	0.12	0.145	0.1	0.075	0.07	0.09	0.025	0.035	0.055	0.09
0.075	0.2	0.105	0.085	0.13	0.055	0.06	0.055	0.045	0.05	0.035	0.105
0.08	0.145	0.21	0.105	0.095	0.09	0.06	0.045	0.03	0.025	0.03	0.085
0.1	0.14	0.155	0.155	0.07	0.075	0.09	0.04	0.03	0.025	0.02	0.1
0.07	0.19	0.155	0.165	0.13	0.03	0.035	0.04	0.025	0.065	0.01	0.085
0.04	0.14	0.23	0.135	0.11	0.065	0.055	0.04	0.04	0.015	0.035	0.095
0.07	0.23	0.13	0.15	0.11	0.065	0.05	0.03	0.035	0.035	0.035	0.06
0.085	0.175	0.225	0.12	0.14	0.045	0.06	0.055	0.015	0.01	0.01	0.06
0.055	0.155	0.21	0.115	0.12	0.075	0.055	0.05	0.065	0.02	0.03	0.05
0.035	0.19	0.18	0.12	0.125	0.095	0.06	0.05	0.035	0.015	0.01	0.085
0.055	0.2	0.15	0.15	0.105	0.1	0.045	0.07	0.02	0.035	0.03	0.04
0.115	0.205	0.185	0.12	0.115	0.065	0.065	0.035	0.01	0.02	0.01	0.055
0.1	0.205	0.19	0.145	0.095	0.065	0.045	0.035	0.035	0.02	0.03	0.035
0.065	0.225	0.245	0.1	0.14	0.07	0.045	0.035	0.045	0.005	0.005	0.02
0.095	0.155	0.255	0.145	0.125	0.065	0.045	0.025	0.025	0.035	0.01	0.02
0.09	0.2	0.17	0.175	0.085	0.075	0.085	0.015	0.015	0.03	0.02	0.04
0.15	0.155	0.27	0.125	0.075	0.07	0.06	0.04	0.01	0.015	0.01	0.02
0.125	0.315	0.155	0.135	0.045	0.055	0.055	0.05	0.01	0.02	0	0.035
0.09	0.27	0.28	0.12	0.04	0.045	0.055	0.035	0.02	0.015	0.005	0.025
0.065	0.225	0.24	0.175	0.12	0.07	0.025	0.015	0.035	0.01	0.01	0.01
0.12	0.2	0.19	0.22	0.145	0.05	0.02	0.01	0.02	0.01	0.01	0.005
0.06	0.305	0.195	0.13	0.15	0.065	0.025	0.03	0.01	0.005	0.01	0.015
0.09	0.215	0.22	0.155	0.095	0.1	0.07	0.02	0.01	0.01	0.005	0.01
0.135	0.175	0.215	0.26	0.08	0.055	0.03	0.025	0	0.01	0.005	0.01
0.165	0.285	0.18	0.125	0.11	0.045	0.03	0.03	0.01	0.005	0.005	0.01
0.075	0.345	0.25	0.165	0.045	0.04	0.03	0.02	0.01	0.01	0	0.01
#######LANDINGS DATA#######
1
30
161.296224178591	463.783818458725	761.951612770978	995.285894257126	762.187788455668	1328.03017524077	1279.92598168099	2459.76094929484	1329.14761886138	1530.02266116165	1614.96463020529	1614.53028227167	1110.85971465148	1519.38368958687	1509.24058913668	1267.52522649495	2256.77589600949	1616.59307209831	1456.82196291284	1303.93791460178	1632.21388081499	1082.65779862285	1623.53588228451	1199.30999837688	1120.98191602343	977.449652773939	918.867760498301	1210.34813629714	867.593635129078	1271.41612057656
0.01	0.01	0.01	0.01	0.01	0.01	0.01	0.01	0.01	0.01	0.01	0.01	0.01	0.01	0.01	0.01	0.01	0.01	0.01	0.01	0.01	0.01	0.01	0.01	0.01	0.01	0.01	0.01	0.01	0.01
30
1	2	3	4	5	6	7	8	9	10	11	12	13	14	15	16	17	18	19	20	21	22	23	24	25	26	27	28	29	30
200	200	200	200	200	200	200	200	200	200	200	200	200	200	200	200	200	200	200	200	200	200	200	200	200	200	200	200	200	200
200	200	200	200	200	200	200	200	200	200	200	200	200	200	200	200	200	200	200	200	200	200	200	200	200	200	200	200	200	200
0.055	0.085	0.14	0.135	0.085	0.085	0.08	0.055	0.075	0.03	0.04	0.135
0.085	0.085	0.075	0.12	0.145	0.135	0.045	0.015	0.03	0.05	0.05	0.165
0.06	0.105	0.11	0.12	0.075	0.09	0.09	0.075	0.05	0.04	0.05	0.135
0.05	0.085	0.135	0.105	0.1	0.085	0.105	0.045	0.065	0.035	0.045	0.145
0.09	0.08	0.135	0.12	0.135	0.095	0.06	0.04	0.055	0.025	0.02	0.145
0.135	0.155	0.14	0.12	0.105	0.045	0.055	0.045	0.035	0.025	0.035	0.105
0.08	0.13	0.145	0.115	0.065	0.095	0.08	0.04	0.035	0.045	0.025	0.145
0.095	0.12	0.21	0.185	0.075	0.04	0.065	0.04	0.03	0.025	0.035	0.08
0.06	0.145	0.11	0.175	0.13	0.075	0.065	0.05	0.045	0.035	0.03	0.08
0.085	0.125	0.18	0.105	0.125	0.115	0.06	0.035	0.03	0.03	0.015	0.095
0.11	0.115	0.13	0.165	0.11	0.11	0.06	0.035	0.05	0.035	0.005	0.075
0.09	0.11	0.18	0.12	0.11	0.07	0.075	0.065	0.015	0.03	0.04	0.095
0.125	0.135	0.165	0.12	0.115	0.075	0.06	0.06	0.045	0.025	0.01	0.065
0.11	0.115	0.145	0.14	0.1	0.085	0.065	0.055	0.045	0.035	0.015	0.09
0.13	0.18	0.165	0.07	0.105	0.085	0.08	0.02	0.03	0.04	0.015	0.08
0.135	0.135	0.125	0.15	0.105	0.095	0.06	0.04	0.025	0.03	0.025	0.075
0.12	0.19	0.135	0.145	0.105	0.09	0.05	0.05	0.035	0.015	0.005	0.06
0.1	0.16	0.225	0.2	0.095	0.07	0.04	0.04	0.01	0.005	0.01	0.045
0.08	0.135	0.185	0.225	0.075	0.095	0.07	0.035	0.03	0.025	0.02	0.025
0.065	0.18	0.18	0.205	0.07	0.065	0.065	0.035	0.05	0.02	0.005	0.06
0.18	0.145	0.185	0.085	0.15	0.095	0.055	0.055	0.005	0.02	0	0.025
0.15	0.245	0.12	0.12	0.075	0.09	0.075	0.045	0.03	0.005	0.01	0.035
0.16	0.195	0.26	0.105	0.115	0.03	0.05	0.035	0.01	0.01	0.005	0.025
0.195	0.155	0.175	0.175	0.095	0.05	0.045	0.035	0.035	0.02	0	0.02
0.18	0.195	0.165	0.16	0.13	0.03	0.04	0.015	0.035	0.02	0.005	0.025
0.135	0.25	0.175	0.13	0.085	0.115	0.03	0.02	0.03	0.01	0	0.02
0.18	0.17	0.275	0.095	0.105	0.075	0.045	0.02	0.005	0.01	0.01	0.01
0.2	0.235	0.13	0.2	0.09	0.05	0.035	0.015	0.01	0.01	0.015	0.01
0.19	0.265	0.19	0.06	0.155	0.055	0.025	0.025	0.01	0.02	0	0.005
0.16	0.295	0.185	0.15	0.1	0.035	0.035	0.015	0.005	0.01	0.005	0.005
#######PARAMETER SECTION#######
800	400	1200	-4	800	-0.25	1
0.18	0.01	1	-4	0.18	-0.25	1
-1.36	-5	-0.001	-4	-1.36	-0.25	1
0.1	0.05	0.3	-4	0.1	-0.25	1
0.2	0.01	0.5	-4	0.2	-0.25	1
0.75	0.20001	1	-3	0.75	-0.25	1
13.815511	-1	200	1	13.815511	-0.25	1
0	-1	1	-4	0	-0.25	1
0.2	1e-04	1.2	-3	0.2	-0.25	1
0	-10	10	-6	0	-1	1
0	-10	10	-6	0	-1	1
2	0	12	-2	2	-0.5	1
1	0	12	-2	1	-0.5	1
2	0	12	-2	2	-0.5	1
1	0	12	-2	1	-0.5	1
1.5	0	12	-2	1.5	-0.5	1
2	0	12	-2	2	-0.5	1
-14.8682006803499	-30	5	1	-14.8682006803499	-1	1
1	0.1	2	-1	1	-1	1
-1.51930887058023	-10	1.39	1	-1.51930887058023	-1	1
#######DEV CONSTRAINTS and DEVS#######
-15	15	2
-15	15	2
-15	15	2
0	0	0	0	0	0	0	0	0	0	0	0	0	0	0	0	0	0	0	0	0	0	0	0	0	0	0	0	0	0
0	0	0	0	0	0	0	0	0	0	0	0	0	0	0	0	0	0	0	0	0	0	0	0	0	0	0	0	0	0
0	0	0	0	0	0	0	0	0	0	0
#######LIKELIHOOD WEIGHTS#######
1
1
1
1
0
1
0
0
0
#######MISCELLANEOUS STUFF SECTION#######
2.5e-08
3
0.5	0.5	0.5	0.5	0.5	0.5	0.5	0.5	0.5	0.5	0.5	0.5
0.0229773699100256	0.320821300824607	0.904650535100891	0.994779874306442	0.999738809680904	0.999986992871533	0.999999352405202	0.999999967758134	0.999999998394772	0.99999999992008	0.999999999996021	0.999999999999802
0.2	0.2	0.2	0.2	0.2	0.2	0.2	0.2	0.2	0.2	0.2	0.2
0
1
10
0.2
1
1	0	0	0	0	0	0	0	0	0	0	0
0	1	0	0	0	0	0	0	0	0	0	0
0	0	1	0	0	0	0	0	0	0	0	0
0	0	0	1	0	0	0	0	0	0	0	0
0	0	0	0	1	0	0	0	0	0	0	0
0	0	0	0	0	1	0	0	0	0	0	0
0	0	0	0	0	0	1	0	0	0	0	0
0	0	0	0	0	0	0	1	0	0	0	0
0	0	0	0	0	0	0	0	1	0	0	0
0	0	0	0	0	0	0	0	0	1	0	0
0	0	0	0	0	0	0	0	0	0	1	0
0	0	0	0	0	0	0	0	0	0	0	1
40
31
2
1
#######END OF DATA FILE#######
999
