# Number of parameters = 73  Objective function value = 26423.6  Maximum gradient component = 0.000564323
# sel_params[1]:
2.00000000000
# sel_params[2]:
1.00000000000
# log_Fmult_year1:
 -4.62745918041
# log_Fmult_devs:
 1.06071840137 0.499124257854 0.293405377445 -0.237318643815 0.583348170790 -0.00653163508669 0.736930212792 -0.535842097308 0.198051044677 0.128082755209 0.0663887137894 -0.335089371620 0.379416551093 0.0630857615502 -0.104966912258 0.678931247948 -0.197083480284 -0.00746799732129 -0.0102124169078 0.327923400896 -0.314071942744 0.488300212249 -0.211673649490 -0.0194087376875 -0.104321998403 -0.0217120268038 0.313810683103 -0.284366295009 0.390185166742
# log_recruit_devs:
 0.0484203095941 0.290352452452 0.00889302804613 -0.244176320755 0.366903919028 0.262928721059 0.00909165615528 0.103948010199 -0.0658392655924 0.114437260964 0.0457479146694 -0.168851539476 -0.0584812095259 0.00450086623321 -0.117321963886 0.0195162964928 0.129522681205 -0.225549657808 -0.230974916349 -0.331126535335 0.202380943380 0.111653755112 -0.0505514569619 -0.248394824588 0.0722993506721 -0.274826207817 -0.158058059460 0.150823404567 0.176705736927 0.0560256507989
# log_N_year1_devs:
 0.0121678970686 -0.00468964814166 0.0773144473970 -0.0240721301532 -0.0673154690136 -0.257399596698 -0.399876680714 -0.109931026252 0.0107842198200 -0.224493490633 -0.0869107225820
# log_q_year1:
 -8.01032981674
# log_q_devs:
 0.00000000000 0.00000000000 0.00000000000 0.00000000000 0.00000000000 0.00000000000 0.00000000000 0.00000000000 0.00000000000 0.00000000000 0.00000000000 0.00000000000 0.00000000000 0.00000000000 0.00000000000 0.00000000000 0.00000000000 0.00000000000 0.00000000000 0.00000000000 0.00000000000 0.00000000000 0.00000000000 0.00000000000 0.00000000000 0.00000000000 0.00000000000 0.00000000000 0.00000000000
# index_sel_params[1]:
1.50000000000
# index_sel_params[2]:
0.500000000000
# log_SR_scaler:
6.92911554802
# SR_steepness:
0.750000000000
