# Number of parameters = 73  Objective function value = 26452.4  Maximum gradient component = 0.00167714
# sel_params[1]:
2.00000000000
# sel_params[2]:
1.00000000000
# log_Fmult_year1:
 -4.70858778292
# log_Fmult_devs:
 1.07911066813 0.499201432635 0.312459633026 -0.225606066083 0.587044743620 0.00886356652421 0.757576180225 -0.536507478418 0.213342637736 0.108199853235 0.0946109426752 -0.310277427787 0.373133449717 0.0770031196241 -0.100485084886 0.668250893395 -0.196889091623 -0.0233884938462 -0.0131569961744 0.320714030526 -0.318768695438 0.482469290459 -0.180109231513 -0.00807424744512 -0.106506923356 -0.0266965599937 0.316565128727 -0.286265655611 0.420084495869
# log_recruit_devs:
 0.0241800376703 0.184092769104 -0.0396449161695 -0.144598209388 0.358426158238 0.190704666915 -0.000640177662785 0.0418503094039 -0.0482914816882 0.0721754246903 -0.0212483622652 -0.181532676414 -0.157467854387 0.0403358041093 -0.000439441444716 0.167454948606 0.148698219378 -0.201462892342 -0.125333167602 -0.278256110321 0.166224137078 0.125549479562 -0.179603003096 -0.209404743653 0.103282261789 -0.205837326408 -0.0369379428075 0.0870961496909 0.137997069137 -0.0173691297207
# log_N_year1_devs:
 0.00575753576610 0.00870324839897 0.104192106985 0.00161272375435 0.00112088421405 0.0911825124806 -0.162443623517 0.0525327382082 0.0256872288673 0.0376173805963 -0.138855126627
# log_q_year1:
 -7.99681611441
# log_q_devs:
 0.00000000000 0.00000000000 0.00000000000 0.00000000000 0.00000000000 0.00000000000 0.00000000000 0.00000000000 0.00000000000 0.00000000000 0.00000000000 0.00000000000 0.00000000000 0.00000000000 0.00000000000 0.00000000000 0.00000000000 0.00000000000 0.00000000000 0.00000000000 0.00000000000 0.00000000000 0.00000000000 0.00000000000 0.00000000000 0.00000000000 0.00000000000 0.00000000000 0.00000000000
# index_sel_params[1]:
1.50000000000
# index_sel_params[2]:
0.500000000000
# log_SR_scaler:
6.91221339032
# SR_steepness:
0.750000000000
