#######GENERAL HEADER INPUT#######
1
30
1
30
1
30
30
12
1	2	3	4	5	6	7	8	9	10	11	12
12
1	2	3	4	5	6	7	8	9	10	11	12
1
101
1
1
#######SURVEY DATA#######
30
1	2	3	4	5	6	7	8	9	10	11	12	13	14	15	16	17	18	19	20	21	22	23	24	25	26	27	28	29	30
1.40069768348574	1.45938438923942	1.36616114614467	1.76242959435201	1.30253275974853	1.5574550502684	1.43340604861374	1.31911667439323	1.36639673314478	1.12043457176039	1.27872625882359	1.30175196271587	1.29649394251144	1.08362473307543	0.999423467555801	1.00735462973826	0.981963930824328	0.961845645252275	0.826326207886347	0.66021196179196	0.689775089649633	0.618676386849465	0.697982099026608	0.608396422890503	0.517864762231229	0.599254652333175	0.530923268392907	0.554774377574394	0.470547887732212	0.517628474697906
0.2	0.2	0.2	0.2	0.2	0.2	0.2	0.2	0.2	0.2	0.2	0.2	0.2	0.2	0.2	0.2	0.2	0.2	0.2	0.2	0.2	0.2	0.2	0.2	0.2	0.2	0.2	0.2	0.2	0.2
30
1	2	3	4	5	6	7	8	9	10	11	12	13	14	15	16	17	18	19	20	21	22	23	24	25	26	27	28	29	30
200	200	200	200	200	200	200	200	200	200	200	200	200	200	200	200	200	200	200	200	200	200	200	200	200	200	200	200	200	200
200	200	200	200	200	200	200	200	200	200	200	200	200	200	200	200	200	200	200	200	200	200	200	200	200	200	200	200	200	200
0.055	0.145	0.125	0.125	0.065	0.09	0.09	0.07	0.055	0.045	0.025	0.11
0.105	0.125	0.135	0.115	0.095	0.065	0.08	0.055	0.045	0.04	0.04	0.1
0.065	0.185	0.145	0.1	0.11	0.06	0.06	0.03	0.055	0.055	0.01	0.125
0.1	0.125	0.22	0.12	0.08	0.065	0.07	0.045	0.015	0.04	0.03	0.09
0.065	0.095	0.15	0.15	0.115	0.075	0.08	0.06	0.045	0.015	0.035	0.115
0.08	0.195	0.165	0.095	0.105	0.065	0.06	0.035	0.03	0.03	0.035	0.105
0.05	0.175	0.2	0.14	0.13	0.04	0.05	0.055	0.025	0.015	0.025	0.095
0.09	0.125	0.25	0.09	0.06	0.065	0.1	0.025	0.005	0.03	0.055	0.105
0.09	0.15	0.135	0.17	0.155	0.03	0.055	0.05	0.035	0.02	0.02	0.09
0.06	0.09	0.205	0.145	0.16	0.085	0.035	0.045	0.03	0.03	0.015	0.1
0.075	0.215	0.145	0.15	0.085	0.085	0.09	0.035	0.035	0.015	0.015	0.055
0.155	0.175	0.19	0.09	0.11	0.065	0.05	0.06	0.005	0.015	0.02	0.065
0.1	0.135	0.2	0.135	0.12	0.08	0.05	0.05	0.05	0.015	0.015	0.05
0.1	0.145	0.17	0.18	0.1	0.095	0.055	0.06	0.035	0	0.015	0.045
0.07	0.2	0.21	0.12	0.09	0.06	0.06	0.05	0.055	0.015	0.03	0.04
0.1	0.105	0.255	0.125	0.08	0.105	0.06	0.03	0.03	0.025	0.035	0.05
0.12	0.22	0.2	0.14	0.07	0.045	0.055	0.045	0.025	0.015	0	0.065
0.1	0.225	0.195	0.115	0.1	0.085	0.04	0.025	0.025	0.02	0.01	0.06
0.095	0.175	0.22	0.18	0.095	0.08	0.025	0.02	0.05	0.02	0.015	0.025
0.055	0.235	0.145	0.19	0.14	0.045	0.03	0.05	0.035	0.02	0.005	0.05
0.14	0.16	0.24	0.16	0.11	0.06	0.035	0.035	0.02	0.01	0.01	0.02
0.145	0.235	0.155	0.18	0.07	0.065	0.055	0.025	0.02	0.015	0.015	0.02
0.08	0.27	0.19	0.175	0.065	0.05	0.085	0.02	0.01	0.01	0.005	0.04
0.12	0.19	0.25	0.185	0.05	0.07	0.02	0.02	0.02	0.035	0.01	0.03
0.15	0.25	0.2	0.175	0.105	0.025	0.02	0.01	0.02	0.005	0	0.04
0.09	0.3	0.175	0.15	0.1	0.065	0.045	0.01	0.02	0.035	0	0.01
0.115	0.21	0.275	0.135	0.105	0.06	0.04	0.015	0.015	0.01	0.01	0.01
0.17	0.225	0.195	0.13	0.075	0.085	0.05	0.025	0.015	0.02	0.01	0
0.19	0.27	0.23	0.1	0.085	0.05	0.015	0.02	0.015	0.005	0.01	0.01
0.105	0.36	0.18	0.135	0.09	0.06	0.025	0.01	0.015	0.01	0.005	0.005
#######LANDINGS DATA#######
1
30
160.517405441473	468.399880828639	757.109056887106	993.956092988356	769.057136204825	1326.39903314964	1277.21836908304	2488.30690055682	1328.6189011637	1531.28211716159	1612.46339990431	1617.33421642582	1096.84513074692	1521.45364665476	1508.71418381816	1264.59919625678	2239.24529335865	1621.23054836172	1474.61263075544	1322.96178129678	1629.91259292934	1080.80319872327	1628.25554606423	1198.52378467412	1115.10666199278	971.53033166456	920.868608305537	1210.41997523913	863.60328974677	1272.52615286987
0.01	0.01	0.01	0.01	0.01	0.01	0.01	0.01	0.01	0.01	0.01	0.01	0.01	0.01	0.01	0.01	0.01	0.01	0.01	0.01	0.01	0.01	0.01	0.01	0.01	0.01	0.01	0.01	0.01	0.01
30
1	2	3	4	5	6	7	8	9	10	11	12	13	14	15	16	17	18	19	20	21	22	23	24	25	26	27	28	29	30
200	200	200	200	200	200	200	200	200	200	200	200	200	200	200	200	200	200	200	200	200	200	200	200	200	200	200	200	200	200
200	200	200	200	200	200	200	200	200	200	200	200	200	200	200	200	200	200	200	200	200	200	200	200	200	200	200	200	200	200
0.115	0.11	0.085	0.105	0.08	0.065	0.055	0.05	0.085	0.07	0.025	0.155
0.095	0.115	0.15	0.095	0.12	0.095	0.075	0.05	0.02	0.035	0.04	0.11
0.06	0.18	0.12	0.105	0.1	0.09	0.065	0.065	0.035	0.02	0.035	0.125
0.06	0.105	0.145	0.08	0.11	0.09	0.075	0.075	0.04	0.035	0.03	0.155
0.1	0.055	0.085	0.21	0.11	0.09	0.06	0.06	0.065	0.04	0.02	0.105
0.075	0.145	0.105	0.14	0.125	0.07	0.08	0.03	0.04	0.025	0.03	0.135
0.08	0.165	0.18	0.085	0.085	0.085	0.07	0.045	0.055	0.03	0.025	0.095
0.11	0.105	0.155	0.155	0.1	0.06	0.055	0.06	0.035	0.03	0.035	0.1
0.09	0.105	0.135	0.165	0.125	0.065	0.07	0.05	0.015	0.015	0.025	0.14
0.085	0.14	0.125	0.11	0.12	0.105	0.05	0.055	0.05	0.015	0.02	0.125
0.095	0.17	0.11	0.135	0.1	0.095	0.07	0.06	0.03	0.045	0.04	0.05
0.06	0.155	0.19	0.105	0.12	0.06	0.08	0.06	0.025	0.04	0.025	0.08
0.085	0.135	0.135	0.14	0.08	0.1	0.085	0.065	0.035	0.005	0.035	0.1
0.1	0.17	0.12	0.12	0.155	0.085	0.05	0.055	0.015	0.01	0.025	0.095
0.095	0.135	0.14	0.14	0.115	0.105	0.06	0.065	0.005	0.04	0.015	0.085
0.09	0.16	0.125	0.18	0.075	0.145	0.065	0.035	0.025	0.035	0.01	0.055
0.155	0.205	0.155	0.13	0.125	0.025	0.055	0.03	0.04	0.025	0.01	0.045
0.155	0.17	0.175	0.125	0.07	0.045	0.06	0.03	0.045	0.045	0.035	0.045
0.105	0.14	0.215	0.155	0.11	0.065	0.06	0.035	0.045	0.01	0.01	0.05
0.115	0.165	0.115	0.19	0.14	0.095	0.065	0.02	0.02	0.015	0.02	0.04
0.175	0.2	0.16	0.125	0.11	0.08	0.025	0.035	0.04	0.02	0.005	0.025
0.165	0.25	0.125	0.095	0.105	0.1	0.075	0.025	0.03	0.01	0.005	0.015
0.125	0.18	0.225	0.12	0.16	0.08	0.05	0.02	0.015	0.01	0	0.015
0.14	0.22	0.215	0.165	0.095	0.035	0.035	0.045	0.02	0	0.02	0.01
0.2	0.195	0.175	0.175	0.105	0.035	0.04	0.005	0.025	0.015	0.01	0.02
0.14	0.195	0.22	0.13	0.1	0.1	0.025	0.045	0.01	0.01	0.005	0.02
0.17	0.2	0.18	0.155	0.155	0.045	0.035	0.015	0.015	0.005	0.015	0.01
0.16	0.16	0.225	0.2	0.065	0.075	0.035	0.015	0.015	0.005	0	0.045
0.235	0.25	0.175	0.135	0.09	0.045	0.025	0.015	0.01	0.015	0	0.005
0.115	0.315	0.245	0.135	0.045	0.05	0.03	0.02	0.015	0.02	0	0.01
#######PARAMETER SECTION#######
800	400	1200	-4	800	-0.25	1
0.18	0.01	1	-4	0.18	-0.25	1
-1.36	-5	-0.001	-4	-1.36	-0.25	1
0.1	0.05	0.3	-4	0.1	-0.25	1
0.2	0.01	0.5	-4	0.2	-0.25	1
0.75	0.20001	1	-3	0.75	-0.25	1
13.815511	-1	200	1	13.815511	-0.25	1
0	-1	1	-4	0	-0.25	1
0.2	1e-04	1.2	-3	0.2	-0.25	1
0	-10	10	-6	0	-1	1
0	-10	10	-6	0	-1	1
2	0	12	-2	2	-0.5	1
1	0	12	-2	1	-0.5	1
2	0	12	-2	2	-0.5	1
1	0	12	-2	1	-0.5	1
1.5	0	12	-2	1.5	-0.5	1
2	0	12	-2	2	-0.5	1
-14.8682006803499	-30	5	1	-14.8682006803499	-1	1
1	0.1	2	-1	1	-1	1
-1.51930887058023	-10	1.39	1	-1.51930887058023	-1	1
#######DEV CONSTRAINTS and DEVS#######
-15	15	2
-15	15	2
-15	15	2
0	0	0	0	0	0	0	0	0	0	0	0	0	0	0	0	0	0	0	0	0	0	0	0	0	0	0	0	0	0
0	0	0	0	0	0	0	0	0	0	0	0	0	0	0	0	0	0	0	0	0	0	0	0	0	0	0	0	0	0
0	0	0	0	0	0	0	0	0	0	0
#######LIKELIHOOD WEIGHTS#######
1
1
1
1
0
1
0
0
0
#######MISCELLANEOUS STUFF SECTION#######
2.5e-08
3
0.5	0.5	0.5	0.5	0.5	0.5	0.5	0.5	0.5	0.5	0.5	0.5
0.0229773699100256	0.320821300824607	0.904650535100891	0.994779874306442	0.999738809680904	0.999986992871533	0.999999352405202	0.999999967758134	0.999999998394772	0.99999999992008	0.999999999996021	0.999999999999802
0.2	0.2	0.2	0.2	0.2	0.2	0.2	0.2	0.2	0.2	0.2	0.2
0
1
10
0.2
1
1	0	0	0	0	0	0	0	0	0	0	0
0	1	0	0	0	0	0	0	0	0	0	0
0	0	1	0	0	0	0	0	0	0	0	0
0	0	0	1	0	0	0	0	0	0	0	0
0	0	0	0	1	0	0	0	0	0	0	0
0	0	0	0	0	1	0	0	0	0	0	0
0	0	0	0	0	0	1	0	0	0	0	0
0	0	0	0	0	0	0	1	0	0	0	0
0	0	0	0	0	0	0	0	1	0	0	0
0	0	0	0	0	0	0	0	0	1	0	0
0	0	0	0	0	0	0	0	0	0	1	0
0	0	0	0	0	0	0	0	0	0	0	1
40
31
2
1
#######END OF DATA FILE#######
999
