# Number of parameters = 73  Objective function value = 26441.0  Maximum gradient component = 0.00886951
# sel_params[1]:
2.00000000000
# sel_params[2]:
1.00000000000
# log_Fmult_year1:
 -4.69000038742
# log_Fmult_devs:
 1.07110058930 0.505343801068 0.297532563418 -0.231151713809 0.596477136591 0.00981995163471 0.754805729457 -0.542336001225 0.205064316846 0.129070245139 0.0779251395940 -0.314990609987 0.363327048218 0.0605068164122 -0.107533650277 0.644298766949 -0.206670622952 -0.0120406375422 -0.00427749100868 0.348981789749 -0.314726284942 0.520599434949 -0.182696927057 -0.0159973301066 -0.102772629924 -0.0476719483683 0.313809011319 -0.294646470155 0.444280879451
# log_recruit_devs:
 0.0484843954075 0.249199325001 0.0359574178118 -0.198405916952 0.211858412429 0.213072612416 -0.0723652592695 0.167551571875 -0.0292156489663 0.0772959842807 0.0367733180173 -0.0584320502053 -0.105031579810 0.106510116661 -0.0146801312867 0.190745587470 0.116482121011 -0.394269601840 -0.244708699052 -0.265796225067 0.0671213294613 0.0971919261132 -0.118138631463 -0.197071907478 0.202795426531 -0.171750274201 -0.0101872644533 0.0269297403671 -0.0101884711881 0.0422723763806
# log_N_year1_devs:
 -0.0267182039065 -0.0144755432176 -0.0619811286913 0.0890546682262 0.0676445724471 0.118146019148 0.0974467397966 0.161102925696 -0.281769292057 -0.671901702350 -0.118109039812
# log_q_year1:
 -7.97440741799
# log_q_devs:
 0.00000000000 0.00000000000 0.00000000000 0.00000000000 0.00000000000 0.00000000000 0.00000000000 0.00000000000 0.00000000000 0.00000000000 0.00000000000 0.00000000000 0.00000000000 0.00000000000 0.00000000000 0.00000000000 0.00000000000 0.00000000000 0.00000000000 0.00000000000 0.00000000000 0.00000000000 0.00000000000 0.00000000000 0.00000000000 0.00000000000 0.00000000000 0.00000000000 0.00000000000
# index_sel_params[1]:
1.50000000000
# index_sel_params[2]:
0.500000000000
# log_SR_scaler:
6.90959829226
# SR_steepness:
0.750000000000
