# Number of parameters = 73  Objective function value = 26295.7  Maximum gradient component = 0.00281725
# sel_params[1]:
2.00000000000
# sel_params[2]:
1.00000000000
# log_Fmult_year1:
 -4.59250799549
# log_Fmult_devs:
 1.05575710511 0.509303743116 0.291076862554 -0.219902257380 0.575518899951 0.0109824920012 0.738721183876 -0.528201670334 0.198953848633 0.132307166476 0.0666849084405 -0.329738468629 0.356857961915 0.0752735291527 -0.123229505772 0.663794962161 -0.197759015097 -0.00905331257441 -0.00951671402095 0.319940236057 -0.324164472526 0.485852091227 -0.200040927600 -0.0237028553893 -0.107095936329 -0.0266225804622 0.319266818329 -0.296196017091 0.423058637067
# log_recruit_devs:
 -0.0494089079369 0.238400078320 -0.0518607208578 -0.175706886881 0.347804315618 0.174754280400 -0.0672879291369 0.0927322030550 -0.0770816809670 0.105171405399 0.131876911670 -0.0868077726864 -0.0250916095847 0.0694971499791 -0.0223007753668 0.102258377069 0.0520346096777 -0.288820529898 -0.0796619414241 -0.228739995311 0.188799738388 0.150581453550 -0.0997729023817 -0.283291207412 0.144042580640 -0.251269127534 0.00681669298232 0.0177526271876 0.0869838523541 -0.122404288911
# log_N_year1_devs:
 -0.122221405586 0.0177957107931 0.0744669628223 0.0224381687251 -0.0647478218437 -0.127606745015 -0.200561602653 -0.202792797900 -0.634581425025 0.307206677214 -0.294780670155
# log_q_year1:
 -7.96394658950
# log_q_devs:
 0.00000000000 0.00000000000 0.00000000000 0.00000000000 0.00000000000 0.00000000000 0.00000000000 0.00000000000 0.00000000000 0.00000000000 0.00000000000 0.00000000000 0.00000000000 0.00000000000 0.00000000000 0.00000000000 0.00000000000 0.00000000000 0.00000000000 0.00000000000 0.00000000000 0.00000000000 0.00000000000 0.00000000000 0.00000000000 0.00000000000 0.00000000000 0.00000000000 0.00000000000
# index_sel_params[1]:
1.50000000000
# index_sel_params[2]:
0.500000000000
# log_SR_scaler:
6.91731361580
# SR_steepness:
0.750000000000
