#######GENERAL HEADER INPUT#######
1
30
1
30
1
30
30
12
1	2	3	4	5	6	7	8	9	10	11	12
12
1	2	3	4	5	6	7	8	9	10	11	12
1
101
1
1
#######SURVEY DATA#######
30
1	2	3	4	5	6	7	8	9	10	11	12	13	14	15	16	17	18	19	20	21	22	23	24	25	26	27	28	29	30
1.68465861395969	1.7513316673708	1.61662985003964	1.56662626711346	1.48620793927395	1.49367682409524	1.24841706991492	1.52299695302853	1.08412334661763	1.25391364230464	0.998843359881069	1.10153680336209	1.15977986900601	1.24445099179965	1.022748231272	1.14369487690356	0.961609301468153	0.751062669180267	0.83020323741927	0.768159266270009	0.637086363451487	0.734324620421162	0.691452190487928	0.58258314604382	0.605882468824291	0.476582996743145	0.512888399492932	0.545071961271909	0.510522722084499	0.544570924630466
0.2	0.2	0.2	0.2	0.2	0.2	0.2	0.2	0.2	0.2	0.2	0.2	0.2	0.2	0.2	0.2	0.2	0.2	0.2	0.2	0.2	0.2	0.2	0.2	0.2	0.2	0.2	0.2	0.2	0.2
30
1	2	3	4	5	6	7	8	9	10	11	12	13	14	15	16	17	18	19	20	21	22	23	24	25	26	27	28	29	30
200	200	200	200	200	200	200	200	200	200	200	200	200	200	200	200	200	200	200	200	200	200	200	200	200	200	200	200	200	200
200	200	200	200	200	200	200	200	200	200	200	200	200	200	200	200	200	200	200	200	200	200	200	200	200	200	200	200	200	200
0.08	0.115	0.18	0.15	0.105	0.08	0.05	0.055	0.015	0.02	0.02	0.13
0.07	0.175	0.165	0.115	0.11	0.1	0.04	0.045	0.05	0.03	0.015	0.085
0.055	0.165	0.125	0.1	0.105	0.08	0.115	0.045	0.045	0.015	0.02	0.13
0.05	0.095	0.15	0.16	0.105	0.085	0.065	0.035	0.055	0.04	0.02	0.14
0.07	0.125	0.155	0.155	0.075	0.12	0.05	0.05	0.055	0.04	0.02	0.085
0.11	0.16	0.135	0.075	0.11	0.065	0.04	0.07	0.04	0.055	0.02	0.12
0.075	0.125	0.195	0.08	0.105	0.1	0.065	0.025	0.045	0.02	0.03	0.135
0.09	0.09	0.21	0.195	0.07	0.055	0.08	0.015	0.025	0.015	0.04	0.115
0.065	0.25	0.105	0.12	0.135	0.045	0.055	0.045	0.035	0.03	0.01	0.105
0.055	0.13	0.17	0.13	0.16	0.105	0.05	0.035	0.02	0.035	0.01	0.1
0.07	0.175	0.17	0.13	0.08	0.115	0.085	0.035	0.035	0.01	0.005	0.09
0.05	0.205	0.165	0.16	0.045	0.065	0.04	0.07	0.025	0.04	0.055	0.08
0.06	0.18	0.225	0.145	0.075	0.08	0.05	0.055	0.025	0.005	0.03	0.07
0.08	0.135	0.19	0.165	0.125	0.065	0.065	0.04	0.07	0.02	0.01	0.035
0.12	0.17	0.16	0.165	0.125	0.075	0.025	0.035	0.02	0.03	0.03	0.045
0.095	0.215	0.165	0.115	0.1	0.085	0.035	0.02	0.035	0.035	0.035	0.065
0.075	0.215	0.155	0.15	0.08	0.095	0.08	0.02	0.03	0.025	0.01	0.065
0.055	0.21	0.23	0.13	0.1	0.065	0.04	0.055	0.03	0.005	0.005	0.075
0.095	0.12	0.25	0.175	0.1	0.07	0.065	0.04	0.015	0.03	0.01	0.03
0.065	0.185	0.135	0.26	0.13	0.03	0.035	0.035	0.02	0.025	0.015	0.065
0.13	0.185	0.175	0.135	0.14	0.105	0.035	0.02	0.025	0.005	0.02	0.025
0.145	0.265	0.17	0.125	0.075	0.06	0.07	0.015	0.025	0.01	0.005	0.035
0.125	0.265	0.235	0.13	0.07	0.045	0.05	0.025	0.02	0.01	0.01	0.015
0.11	0.22	0.285	0.13	0.09	0.055	0.02	0.015	0.03	0.015	0.005	0.025
0.135	0.26	0.175	0.165	0.155	0.025	0.03	0.015	0.01	0.005	0.01	0.015
0.125	0.285	0.205	0.185	0.075	0.05	0.025	0.01	0.005	0.015	0.01	0.01
0.155	0.185	0.245	0.145	0.095	0.09	0.02	0.025	0.01	0	0.01	0.02
0.155	0.235	0.205	0.22	0.07	0.04	0.02	0.025	0.025	0.005	0	0
0.145	0.27	0.195	0.115	0.09	0.065	0.02	0.035	0.015	0.015	0.015	0.02
0.155	0.27	0.21	0.15	0.06	0.095	0.025	0.005	0.005	0.01	0.01	0.005
#######LANDINGS DATA#######
1
30
160.701482385927	470.36054499789	756.091417031748	997.034557008473	767.973956636846	1344.06139286656	1275.78473588574	2467.21073172581	1322.74890857608	1534.65312802449	1625.9377492329	1618.3628149389	1093.74226598543	1522.11900243433	1505.08635874886	1282.96323069004	2245.11408427776	1606.80026576613	1450.80019800235	1314.13131981097	1630.18527409586	1083.79672576291	1634.41421716203	1212.95655334103	1118.61160255133	962.288543931221	930.024371221681	1209.73348007048	870.427971750454	1265.87727647125
0.01	0.01	0.01	0.01	0.01	0.01	0.01	0.01	0.01	0.01	0.01	0.01	0.01	0.01	0.01	0.01	0.01	0.01	0.01	0.01	0.01	0.01	0.01	0.01	0.01	0.01	0.01	0.01	0.01	0.01
30
1	2	3	4	5	6	7	8	9	10	11	12	13	14	15	16	17	18	19	20	21	22	23	24	25	26	27	28	29	30
200	200	200	200	200	200	200	200	200	200	200	200	200	200	200	200	200	200	200	200	200	200	200	200	200	200	200	200	200	200
200	200	200	200	200	200	200	200	200	200	200	200	200	200	200	200	200	200	200	200	200	200	200	200	200	200	200	200	200	200
0.075	0.115	0.13	0.16	0.095	0.07	0.055	0.03	0.07	0.07	0.035	0.095
0.07	0.115	0.115	0.125	0.125	0.075	0.075	0.075	0.06	0.04	0.04	0.085
0.085	0.145	0.115	0.115	0.125	0.07	0.045	0.06	0.075	0.035	0.015	0.115
0.035	0.08	0.175	0.135	0.11	0.105	0.065	0.045	0.045	0.06	0.015	0.13
0.1	0.115	0.12	0.19	0.065	0.09	0.055	0.05	0.03	0.045	0.035	0.105
0.085	0.145	0.09	0.14	0.13	0.1	0.065	0.05	0.02	0.02	0.045	0.11
0.09	0.135	0.155	0.075	0.085	0.1	0.045	0.045	0.05	0.035	0.035	0.15
0.12	0.06	0.145	0.175	0.055	0.095	0.085	0.07	0.02	0.03	0.02	0.125
0.075	0.2	0.145	0.125	0.14	0.035	0.04	0.045	0.05	0.005	0.03	0.11
0.115	0.145	0.125	0.115	0.15	0.07	0.055	0.05	0.045	0.03	0.03	0.07
0.095	0.13	0.085	0.17	0.115	0.095	0.065	0.05	0.005	0.035	0.01	0.145
0.095	0.15	0.125	0.14	0.165	0.085	0.03	0.05	0.04	0.015	0.025	0.08
0.085	0.155	0.185	0.15	0.055	0.11	0.05	0.065	0.03	0.01	0.02	0.085
0.095	0.125	0.175	0.125	0.14	0.085	0.09	0.025	0.04	0.035	0.02	0.045
0.12	0.135	0.17	0.14	0.12	0.11	0.035	0.035	0.01	0.04	0.035	0.05
0.12	0.165	0.18	0.135	0.13	0.065	0.04	0.04	0.025	0.01	0.02	0.07
0.125	0.215	0.13	0.155	0.11	0.05	0.065	0.055	0.035	0.005	0.01	0.045
0.055	0.18	0.165	0.16	0.17	0.065	0.06	0.05	0.025	0.01	0.025	0.035
0.11	0.13	0.205	0.165	0.105	0.065	0.045	0.045	0.05	0.025	0.02	0.035
0.095	0.19	0.215	0.17	0.11	0.045	0.05	0.03	0.025	0.025	0.015	0.03
0.225	0.125	0.145	0.115	0.11	0.135	0.06	0.015	0.02	0.02	0.005	0.025
0.14	0.2	0.185	0.15	0.085	0.075	0.065	0.03	0.03	0	0.015	0.025
0.105	0.265	0.22	0.125	0.095	0.06	0.035	0.04	0.025	0.01	0	0.02
0.13	0.205	0.23	0.185	0.09	0.04	0.035	0.045	0.005	0.015	0.015	0.005
0.17	0.195	0.14	0.165	0.135	0.05	0.04	0.04	0.025	0.025	0.005	0.01
0.135	0.23	0.18	0.145	0.13	0.08	0.05	0.01	0.015	0.015	0	0.01
0.17	0.215	0.25	0.09	0.08	0.075	0.065	0.03	0.005	0	0.01	0.01
0.17	0.235	0.145	0.155	0.095	0.08	0.04	0.03	0.02	0.015	0.005	0.01
0.185	0.235	0.2	0.135	0.105	0.045	0.025	0.03	0.02	0.005	0.01	0.005
0.13	0.25	0.265	0.15	0.065	0.075	0.02	0.015	0.015	0.005	0	0.01
#######PARAMETER SECTION#######
800	400	1200	-4	800	-0.25	1
0.18	0.01	1	-4	0.18	-0.25	1
-1.36	-5	-0.001	-4	-1.36	-0.25	1
0.1	0.05	0.3	-4	0.1	-0.25	1
0.2	0.01	0.5	-4	0.2	-0.25	1
0.75	0.20001	1	-3	0.75	-0.25	1
13.815511	-1	200	1	13.815511	-0.25	1
0	-1	1	-4	0	-0.25	1
0.2	1e-04	1.2	-3	0.2	-0.25	1
0	-10	10	-6	0	-1	1
0	-10	10	-6	0	-1	1
2	0	12	-2	2	-0.5	1
1	0	12	-2	1	-0.5	1
2	0	12	-2	2	-0.5	1
1	0	12	-2	1	-0.5	1
1.5	0	12	-2	1.5	-0.5	1
2	0	12	-2	2	-0.5	1
-14.8682006803499	-30	5	1	-14.8682006803499	-1	1
1	0.1	2	-1	1	-1	1
-1.51930887058023	-10	1.39	1	-1.51930887058023	-1	1
#######DEV CONSTRAINTS and DEVS#######
-15	15	2
-15	15	2
-15	15	2
0	0	0	0	0	0	0	0	0	0	0	0	0	0	0	0	0	0	0	0	0	0	0	0	0	0	0	0	0	0
0	0	0	0	0	0	0	0	0	0	0	0	0	0	0	0	0	0	0	0	0	0	0	0	0	0	0	0	0	0
0	0	0	0	0	0	0	0	0	0	0
#######LIKELIHOOD WEIGHTS#######
1
1
1
1
0
1
0
0
0
#######MISCELLANEOUS STUFF SECTION#######
2.5e-08
3
0.5	0.5	0.5	0.5	0.5	0.5	0.5	0.5	0.5	0.5	0.5	0.5
0.0229773699100256	0.320821300824607	0.904650535100891	0.994779874306442	0.999738809680904	0.999986992871533	0.999999352405202	0.999999967758134	0.999999998394772	0.99999999992008	0.999999999996021	0.999999999999802
0.2	0.2	0.2	0.2	0.2	0.2	0.2	0.2	0.2	0.2	0.2	0.2
0
1
10
0.2
1
1	0	0	0	0	0	0	0	0	0	0	0
0	1	0	0	0	0	0	0	0	0	0	0
0	0	1	0	0	0	0	0	0	0	0	0
0	0	0	1	0	0	0	0	0	0	0	0
0	0	0	0	1	0	0	0	0	0	0	0
0	0	0	0	0	1	0	0	0	0	0	0
0	0	0	0	0	0	1	0	0	0	0	0
0	0	0	0	0	0	0	1	0	0	0	0
0	0	0	0	0	0	0	0	1	0	0	0
0	0	0	0	0	0	0	0	0	1	0	0
0	0	0	0	0	0	0	0	0	0	1	0
0	0	0	0	0	0	0	0	0	0	0	1
40
31
2
1
#######END OF DATA FILE#######
999
