# Number of parameters = 73  Objective function value = 26377.8  Maximum gradient component = 0.00102486
# sel_params[1]:
2.00000000000
# sel_params[2]:
1.00000000000
# log_Fmult_year1:
 -4.68125431571
# log_Fmult_devs:
 1.09211468188 0.507974317354 0.292472318141 -0.218810469268 0.587096063883 0.0194035089933 0.737548078223 -0.538021583338 0.191429061226 0.134706967974 0.0767804228171 -0.323537393196 0.375538018099 0.0663845852393 -0.111742515068 0.665564684553 -0.194205080225 -0.0197983242263 -0.00267979411879 0.321749380044 -0.320196138735 0.481585560282 -0.178243659322 1.38851826197e-005 -0.0847843097164 -0.0113539227424 0.329919596936 -0.282718051872 0.418958720003
# log_recruit_devs:
 -0.0242201298185 0.259685252801 -0.0230936574170 -0.186515444891 0.289312529970 0.217143722899 0.0431833453286 0.200346694858 -0.179348617069 0.0917126993076 0.104373540550 -0.201661479236 -0.0238931632042 0.0285576190736 0.0170515299282 0.131791975850 0.0349141216778 -0.259892580573 -0.0295630808297 -0.294014517528 0.191428480887 0.0499976236593 -0.120316540645 -0.331275238470 0.0685970699433 -0.201546270452 0.00227646966825 0.0197058949756 0.183539685939 -0.0582775371827
# log_N_year1_devs:
 -0.117827397611 0.0790718899300 0.0214899213732 -0.151907615135 -0.0214162299464 -0.0741615346810 -0.294067972407 0.0927469386094 0.0555783620748 0.240592169700 -0.190909197667
# log_q_year1:
 -7.97538895785
# log_q_devs:
 0.00000000000 0.00000000000 0.00000000000 0.00000000000 0.00000000000 0.00000000000 0.00000000000 0.00000000000 0.00000000000 0.00000000000 0.00000000000 0.00000000000 0.00000000000 0.00000000000 0.00000000000 0.00000000000 0.00000000000 0.00000000000 0.00000000000 0.00000000000 0.00000000000 0.00000000000 0.00000000000 0.00000000000 0.00000000000 0.00000000000 0.00000000000 0.00000000000 0.00000000000
# index_sel_params[1]:
1.50000000000
# index_sel_params[2]:
0.500000000000
# log_SR_scaler:
6.90728900275
# SR_steepness:
0.750000000000
