#######GENERAL HEADER INPUT#######
1
30
1
30
1
30
30
12
1	2	3	4	5	6	7	8	9	10	11	12
12
1	2	3	4	5	6	7	8	9	10	11	12
1
101
1
1
#######SURVEY DATA#######
30
1	2	3	4	5	6	7	8	9	10	11	12	13	14	15	16	17	18	19	20	21	22	23	24	25	26	27	28	29	30
1.41729646379128	1.54437875632971	1.24986935684608	1.49845788527312	1.49688069650005	1.48727484843781	1.4660544362495	1.2181492041795	1.35914862640947	1.42333009196034	1.1443590377286	1.03954525982461	1.2141658889386	1.03688266890415	1.02684941649643	0.880640469684996	1.14200212542059	0.78229779394044	0.631294362637145	0.753313195939877	0.743046311574099	0.61066060752528	0.67956428787518	0.554847911277269	0.559560870846441	0.541148930691823	0.494396769345633	0.536263893908775	0.601231183769257	0.52677255566597
0.2	0.2	0.2	0.2	0.2	0.2	0.2	0.2	0.2	0.2	0.2	0.2	0.2	0.2	0.2	0.2	0.2	0.2	0.2	0.2	0.2	0.2	0.2	0.2	0.2	0.2	0.2	0.2	0.2	0.2
30
1	2	3	4	5	6	7	8	9	10	11	12	13	14	15	16	17	18	19	20	21	22	23	24	25	26	27	28	29	30
200	200	200	200	200	200	200	200	200	200	200	200	200	200	200	200	200	200	200	200	200	200	200	200	200	200	200	200	200	200
200	200	200	200	200	200	200	200	200	200	200	200	200	200	200	200	200	200	200	200	200	200	200	200	200	200	200	200	200	200
0.04	0.13	0.19	0.115	0.115	0.07	0.03	0.065	0.03	0.055	0.025	0.135
0.075	0.155	0.125	0.135	0.095	0.105	0.075	0.06	0.025	0.005	0.01	0.135
0.09	0.19	0.105	0.11	0.07	0.1	0.06	0.035	0.055	0.05	0.04	0.095
0.07	0.12	0.165	0.115	0.1	0.045	0.105	0.04	0.045	0.04	0.02	0.135
0.055	0.135	0.115	0.185	0.07	0.08	0.065	0.06	0.04	0.04	0.03	0.125
0.065	0.185	0.12	0.16	0.085	0.055	0.065	0.08	0.045	0.015	0.025	0.1
0.065	0.14	0.2	0.09	0.09	0.08	0.055	0.03	0.025	0.025	0.04	0.16
0.09	0.1	0.18	0.2	0.065	0.08	0.09	0.045	0.015	0.04	0.01	0.085
0.08	0.11	0.145	0.175	0.105	0.06	0.065	0.085	0.025	0.035	0.015	0.1
0.095	0.16	0.185	0.14	0.1	0.095	0.04	0.03	0.04	0.015	0.02	0.08
0.13	0.175	0.145	0.135	0.105	0.075	0.035	0.03	0.025	0.02	0.025	0.1
0.045	0.205	0.17	0.135	0.08	0.06	0.07	0.065	0.045	0.025	0.02	0.08
0.075	0.15	0.19	0.115	0.1	0.07	0.07	0.065	0.05	0.015	0.025	0.075
0.075	0.17	0.17	0.15	0.105	0.1	0.055	0.015	0.02	0.04	0.015	0.085
0.09	0.175	0.145	0.12	0.105	0.08	0.08	0.04	0.025	0.025	0.04	0.075
0.07	0.17	0.19	0.165	0.115	0.07	0.045	0.04	0.025	0.02	0.02	0.07
0.105	0.205	0.22	0.14	0.095	0.07	0.03	0.05	0.01	0.015	0.02	0.04
0.09	0.215	0.2	0.115	0.115	0.075	0.04	0.055	0.05	0.01	0.02	0.015
0.085	0.155	0.235	0.195	0.095	0.065	0.04	0.03	0.05	0.01	0.01	0.03
0.11	0.15	0.175	0.15	0.075	0.115	0.06	0.035	0.035	0.02	0.025	0.05
0.12	0.18	0.225	0.135	0.115	0.065	0.04	0.025	0.02	0.01	0.01	0.055
0.13	0.305	0.155	0.135	0.055	0.07	0.05	0.025	0.005	0.01	0.025	0.035
0.065	0.305	0.265	0.13	0.07	0.05	0.04	0.015	0.01	0.015	0.01	0.025
0.08	0.19	0.285	0.205	0.055	0.085	0.02	0.025	0.015	0.005	0.01	0.025
0.125	0.215	0.25	0.18	0.105	0.04	0.01	0.005	0.02	0.02	0.01	0.02
0.105	0.255	0.2	0.18	0.105	0.06	0.02	0.02	0.02	0.015	0	0.02
0.17	0.175	0.265	0.185	0.07	0.045	0.045	0.015	0	0.005	0.015	0.01
0.14	0.25	0.22	0.155	0.125	0.045	0.02	0.02	0.01	0	0.01	0.005
0.15	0.295	0.225	0.1	0.095	0.02	0.04	0.035	0.005	0.015	0.01	0.01
0.11	0.315	0.29	0.11	0.05	0.05	0.045	0.005	0.005	0.01	0	0.01
#######LANDINGS DATA#######
1
30
162.17766655723	464.061126120422	763.361822966488	995.31315335302	773.708989398496	1329.57886936789	1269.70808999529	2456.67498746307	1321.8344313012	1537.6174650364	1629.46832759986	1595.30652353923	1108.52303482482	1544.52846884301	1506.17820343574	1280.35697063789	2243.75585295354	1610.08850262206	1452.50165235587	1306.29285177713	1625.24660350472	1084.02453288663	1632.9980522078	1210.82149202491	1119.84754207595	977.243842243717	921.19696394547	1213.22029239558	874.730687905482	1274.86959802344
0.01	0.01	0.01	0.01	0.01	0.01	0.01	0.01	0.01	0.01	0.01	0.01	0.01	0.01	0.01	0.01	0.01	0.01	0.01	0.01	0.01	0.01	0.01	0.01	0.01	0.01	0.01	0.01	0.01	0.01
30
1	2	3	4	5	6	7	8	9	10	11	12	13	14	15	16	17	18	19	20	21	22	23	24	25	26	27	28	29	30
200	200	200	200	200	200	200	200	200	200	200	200	200	200	200	200	200	200	200	200	200	200	200	200	200	200	200	200	200	200
200	200	200	200	200	200	200	200	200	200	200	200	200	200	200	200	200	200	200	200	200	200	200	200	200	200	200	200	200	200
0.075	0.1	0.135	0.09	0.09	0.11	0.05	0.065	0.045	0.04	0.04	0.16
0.085	0.12	0.13	0.13	0.065	0.06	0.1	0.09	0.025	0.03	0.025	0.14
0.06	0.13	0.14	0.12	0.09	0.085	0.075	0.055	0.05	0.005	0.03	0.16
0.075	0.07	0.18	0.105	0.085	0.09	0.065	0.045	0.04	0.06	0.045	0.14
0.11	0.095	0.11	0.145	0.07	0.055	0.06	0.06	0.045	0.02	0.06	0.17
0.075	0.11	0.135	0.1	0.135	0.085	0.1	0.035	0.07	0.025	0.03	0.1
0.05	0.165	0.205	0.105	0.105	0.06	0.045	0.015	0.045	0.035	0.05	0.12
0.1	0.105	0.185	0.125	0.075	0.05	0.115	0.05	0.045	0.02	0.015	0.115
0.085	0.185	0.175	0.135	0.09	0.07	0.085	0.055	0.02	0.005	0.015	0.08
0.13	0.13	0.145	0.11	0.075	0.095	0.035	0.065	0.065	0.03	0.03	0.09
0.085	0.155	0.14	0.195	0.07	0.135	0.07	0.02	0.015	0.025	0.015	0.075
0.1	0.165	0.175	0.13	0.125	0.08	0.06	0.06	0.01	0.01	0.02	0.065
0.065	0.12	0.135	0.15	0.1	0.165	0.075	0.03	0.025	0.035	0.02	0.08
0.075	0.12	0.14	0.2	0.115	0.08	0.055	0.035	0.05	0.015	0.015	0.1
0.11	0.15	0.15	0.115	0.125	0.11	0.04	0.07	0.045	0.005	0.01	0.07
0.12	0.155	0.205	0.12	0.095	0.075	0.05	0.03	0.05	0.03	0.01	0.06
0.15	0.19	0.155	0.135	0.105	0.045	0.065	0.05	0.005	0.035	0.025	0.04
0.09	0.2	0.205	0.15	0.1	0.04	0.05	0.04	0.035	0.02	0.015	0.055
0.155	0.135	0.235	0.165	0.095	0.075	0.04	0.015	0.035	0.025	0.015	0.01
0.08	0.11	0.13	0.15	0.185	0.12	0.08	0.045	0.025	0.035	0.01	0.03
0.2	0.2	0.185	0.1	0.105	0.06	0.035	0.025	0.03	0.025	0.005	0.03
0.18	0.245	0.11	0.165	0.085	0.075	0.045	0.015	0.015	0.02	0.01	0.035
0.16	0.205	0.215	0.12	0.08	0.075	0.055	0.03	0.02	0.02	0	0.02
0.13	0.18	0.255	0.185	0.075	0.05	0.03	0.025	0.03	0.01	0.005	0.025
0.115	0.215	0.175	0.215	0.14	0.045	0.025	0.02	0.015	0.01	0.005	0.02
0.12	0.26	0.16	0.135	0.155	0.075	0.045	0.025	0.005	0	0	0.02
0.175	0.14	0.255	0.1	0.12	0.07	0.045	0.035	0.005	0.02	0.005	0.03
0.135	0.2	0.215	0.18	0.13	0.06	0.045	0.01	0.015	0	0.005	0.005
0.2	0.215	0.18	0.13	0.13	0.065	0.02	0.025	0.01	0.01	0.005	0.01
0.105	0.3	0.255	0.115	0.07	0.08	0.025	0.015	0.025	0.01	0	0
#######PARAMETER SECTION#######
800	400	1200	-4	800	-0.25	1
0.18	0.01	1	-4	0.18	-0.25	1
-1.36	-5	-0.001	-4	-1.36	-0.25	1
0.1	0.05	0.3	-4	0.1	-0.25	1
0.2	0.01	0.5	-4	0.2	-0.25	1
0.75	0.20001	1	-3	0.75	-0.25	1
13.815511	-1	200	1	13.815511	-0.25	1
0	-1	1	-4	0	-0.25	1
0.2	1e-04	1.2	-3	0.2	-0.25	1
0	-10	10	-6	0	-1	1
0	-10	10	-6	0	-1	1
2	0	12	-2	2	-0.5	1
1	0	12	-2	1	-0.5	1
2	0	12	-2	2	-0.5	1
1	0	12	-2	1	-0.5	1
1.5	0	12	-2	1.5	-0.5	1
2	0	12	-2	2	-0.5	1
-14.8682006803499	-30	5	1	-14.8682006803499	-1	1
1	0.1	2	-1	1	-1	1
-1.51930887058023	-10	1.39	1	-1.51930887058023	-1	1
#######DEV CONSTRAINTS and DEVS#######
-15	15	2
-15	15	2
-15	15	2
0	0	0	0	0	0	0	0	0	0	0	0	0	0	0	0	0	0	0	0	0	0	0	0	0	0	0	0	0	0
0	0	0	0	0	0	0	0	0	0	0	0	0	0	0	0	0	0	0	0	0	0	0	0	0	0	0	0	0	0
0	0	0	0	0	0	0	0	0	0	0
#######LIKELIHOOD WEIGHTS#######
1
1
1
1
0
1
0
0
0
#######MISCELLANEOUS STUFF SECTION#######
2.5e-08
3
0.5	0.5	0.5	0.5	0.5	0.5	0.5	0.5	0.5	0.5	0.5	0.5
0.0229773699100256	0.320821300824607	0.904650535100891	0.994779874306442	0.999738809680904	0.999986992871533	0.999999352405202	0.999999967758134	0.999999998394772	0.99999999992008	0.999999999996021	0.999999999999802
0.2	0.2	0.2	0.2	0.2	0.2	0.2	0.2	0.2	0.2	0.2	0.2
0
1
10
0.2
1
1	0	0	0	0	0	0	0	0	0	0	0
0	1	0	0	0	0	0	0	0	0	0	0
0	0	1	0	0	0	0	0	0	0	0	0
0	0	0	1	0	0	0	0	0	0	0	0
0	0	0	0	1	0	0	0	0	0	0	0
0	0	0	0	0	1	0	0	0	0	0	0
0	0	0	0	0	0	1	0	0	0	0	0
0	0	0	0	0	0	0	1	0	0	0	0
0	0	0	0	0	0	0	0	1	0	0	0
0	0	0	0	0	0	0	0	0	1	0	0
0	0	0	0	0	0	0	0	0	0	1	0
0	0	0	0	0	0	0	0	0	0	0	1
40
31
2
1
#######END OF DATA FILE#######
999
