# Number of parameters = 73  Objective function value = 26217.8  Maximum gradient component = 0.00129801
# sel_params[1]:
2.00000000000
# sel_params[2]:
1.00000000000
# log_Fmult_year1:
 -4.66263141214
# log_Fmult_devs:
 1.07736453117 0.518368656518 0.298964017679 -0.217177003190 0.598763922611 0.0206180690596 0.744082181932 -0.532365739593 0.201441729085 0.124367123429 0.0663937987328 -0.320118128835 0.377544199953 0.0549721120063 -0.108015552039 0.680660508154 -0.205737646649 -0.0107555260342 -0.0179323559487 0.316993513566 -0.317452683092 0.493904040982 -0.211830911290 -0.0203713609672 -0.118527673843 -0.0352631810506 0.320386094110 -0.275102832951 0.412533892690
# log_recruit_devs:
 0.0424824153646 0.149270961553 -0.191782130617 -0.239503527006 0.322235112161 0.232143900465 -0.0528015320498 0.0921307836429 -0.0557316698190 0.112540593860 0.107068528183 -0.185275104065 -0.0102392302420 0.0363439556899 -0.0789762710596 0.117359494649 0.162525132503 -0.315847975438 0.00277193160373 -0.292254117148 0.250873372452 0.0366623150591 -0.0155256473942 -0.134058248542 0.139739887667 -0.285626319664 -0.0689311806558 0.0233709582499 0.191925918383 -0.0928923077857
# log_N_year1_devs:
 -0.0416730310158 -0.0635340189976 -0.0297326800646 0.00330159111588 0.0543185595969 -0.152647091091 -0.183909708264 -0.0609091188244 -0.399613747731 0.00304777168868 -0.0493547922370
# log_q_year1:
 -7.97574625883
# log_q_devs:
 0.00000000000 0.00000000000 0.00000000000 0.00000000000 0.00000000000 0.00000000000 0.00000000000 0.00000000000 0.00000000000 0.00000000000 0.00000000000 0.00000000000 0.00000000000 0.00000000000 0.00000000000 0.00000000000 0.00000000000 0.00000000000 0.00000000000 0.00000000000 0.00000000000 0.00000000000 0.00000000000 0.00000000000 0.00000000000 0.00000000000 0.00000000000 0.00000000000 0.00000000000
# index_sel_params[1]:
1.50000000000
# index_sel_params[2]:
0.500000000000
# log_SR_scaler:
6.91038268673
# SR_steepness:
0.750000000000
