#styr																																				
1
#endyr																																			
30
#rec_age																																	
1																																						#n_ages																																		
12
# numbers of length intervals
81
#Length	bin
10	11	12	13	14	15	16	17	18	19	20	21	22	23	24	25	26	27	28	29	30	31	32	33	34	35	36	37	38	39	40	41	42	43	44	45	46	47	48	49	50	51	52	53	54	55	56	57	58	59	60	61	62	63	64	65	66	67	68	69	70	71	72	73	74	75	76	77	78	79	80	81	82	83	84	85	86	87	88	89	90
#nfsh
1
#names_fsh
OM1																																				
#catch																																			
160.571813880621	467.839466704247	764.01387043057	1002.88189580831	766.834703374147	1328.23691005646	1281.21317326492	2492.60734271641	1328.03469729987	1533.15945462033	1624.69092618589	1614.5166227093	1109.65581763013	1524.31446511931	1503.61781836982	1273.76754204877	2256.61804560655	1623.20834743073	1454.14371428257	1308.18925363598	1616.54149601807	1088.98555404908	1611.59751786868	1199.77539271432	1117.30142244278	966.182885074446	926.098180219002	1210.46015281459	870.12370720432	1281.83958184837
#catch_cv																																		
0.01	0.01	0.01	0.01	0.01	0.01	0.01	0.01	0.01	0.01	0.01	0.01	0.01	0.01	0.01	0.01	0.01	0.01	0.01	0.01	0.01	0.01	0.01	0.01	0.01	0.01	0.01	0.01	0.01	0.01
#n_ages_fsh																															
30																			
#n_lengths_fsh																															
0																																						
#yrs_ages_fsh																																
1	2	3	4	5	6	7	8	9	10	11	12	13	14	15	16	17	18	19	20	21	22	23	24	25	26	27	28	29	30						
#sample_ages_fsh																														
200	200	200	200	200	200	200	200	200	200	200	200	200	200	200	200	200	200	200	200	200	200	200	200	200	200	200	200	200	200
#page_fsh	2	3	4	5	6	7	8	9	10	11																						
0.075	0.075	0.1	0.15	0.135	0.075	0.055	0.05	0.05	0.06	0.04	0.135
0.125	0.085	0.075	0.17	0.105	0.08	0.085	0.02	0.045	0.03	0.03	0.15
0.05	0.19	0.09	0.08	0.11	0.12	0.07	0.05	0.04	0.025	0.015	0.16
0.06	0.105	0.165	0.1	0.085	0.105	0.07	0.055	0.045	0.06	0.015	0.135
0.075	0.06	0.15	0.15	0.14	0.08	0.065	0.035	0.05	0.03	0.015	0.15
0.08	0.15	0.085	0.155	0.105	0.075	0.06	0.055	0.04	0.03	0.035	0.13
0.045	0.135	0.2	0.1	0.08	0.105	0.07	0.04	0.035	0.03	0.04	0.12
0.12	0.09	0.145	0.205	0.07	0.075	0.085	0.04	0.025	0.03	0.03	0.085
0.075	0.155	0.15	0.15	0.145	0.055	0.015	0.045	0.07	0.02	0.03	0.09
0.09	0.145	0.15	0.09	0.13	0.115	0.05	0.06	0.045	0.025	0.03	0.07
0.06	0.16	0.155	0.14	0.11	0.085	0.075	0.035	0.01	0.025	0.025	0.12
0.1	0.125	0.16	0.12	0.14	0.09	0.05	0.04	0.02	0.03	0.03	0.095
0.08	0.13	0.2	0.135	0.13	0.095	0.045	0.05	0.045	0.01	0.015	0.065
0.11	0.12	0.16	0.145	0.125	0.075	0.075	0.04	0.045	0.03	0.015	0.06
0.105	0.18	0.16	0.14	0.09	0.08	0.025	0.04	0.015	0.045	0.045	0.075
0.13	0.11	0.17	0.15	0.1	0.075	0.075	0.06	0.045	0.025	0.015	0.045
0.165	0.195	0.125	0.12	0.13	0.06	0.05	0.03	0.04	0.015	0.025	0.045
0.06	0.165	0.195	0.2	0.11	0.085	0.06	0.045	0.025	0.02	0.005	0.03
0.105	0.14	0.17	0.165	0.095	0.075	0.07	0.055	0.03	0.02	0.015	0.06
0.075	0.12	0.21	0.19	0.14	0.075	0.055	0.035	0.025	0.015	0.03	0.03
0.175	0.12	0.215	0.11	0.105	0.1	0.08	0.055	0.005	0.015	0	0.02
0.165	0.22	0.165	0.135	0.125	0.065	0.035	0.025	0.02	0.02	0.005	0.02
0.115	0.24	0.225	0.12	0.105	0.08	0.03	0.035	0.02	0.01	0.01	0.01
0.125	0.13	0.2	0.2	0.085	0.105	0.055	0.035	0.03	0.005	0.01	0.02
0.165	0.17	0.16	0.165	0.095	0.09	0.04	0.025	0.03	0.025	0.015	0.02
0.13	0.2	0.175	0.205	0.14	0.085	0.015	0.01	0.005	0.01	0.01	0.015
0.2	0.18	0.2	0.095	0.09	0.11	0.05	0.035	0.01	0.02	0.005	0.005
0.195	0.19	0.155	0.22	0.095	0.04	0.04	0.03	0.02	0.005	0	0.01
0.2	0.265	0.18	0.16	0.055	0.04	0.04	0.035	0.015	0	0.005	0.005
0.12	0.27	0.22	0.16	0.06	0.075	0.055	0.01	0.015	0.01	0	0.005
#wt_age_fsh	1 2	3	4	5	6	7	8	9	10	11																				
0.000530656	0.001196328	0.002058265	0.003034987	0.004055212	0.005064698	0.006026226	0.006916921	0.007724891	0.008446113	0.009081853	0.009636695
0.000530656	0.001196328	0.002058265	0.003034987	0.004055212	0.005064698	0.006026226	0.006916921	0.007724891	0.008446113	0.009081853	0.009636695
0.000530656	0.001196328	0.002058265	0.003034987	0.004055212	0.005064698	0.006026226	0.006916921	0.007724891	0.008446113	0.009081853	0.009636695
0.000530656	0.001196328	0.002058265	0.003034987	0.004055212	0.005064698	0.006026226	0.006916921	0.007724891	0.008446113	0.009081853	0.009636695
0.000530656	0.001196328	0.002058265	0.003034987	0.004055212	0.005064698	0.006026226	0.006916921	0.007724891	0.008446113	0.009081853	0.009636695
0.000530656	0.001196328	0.002058265	0.003034987	0.004055212	0.005064698	0.006026226	0.006916921	0.007724891	0.008446113	0.009081853	0.009636695
0.000530656	0.001196328	0.002058265	0.003034987	0.004055212	0.005064698	0.006026226	0.006916921	0.007724891	0.008446113	0.009081853	0.009636695
0.000530656	0.001196328	0.002058265	0.003034987	0.004055212	0.005064698	0.006026226	0.006916921	0.007724891	0.008446113	0.009081853	0.009636695
0.000530656	0.001196328	0.002058265	0.003034987	0.004055212	0.005064698	0.006026226	0.006916921	0.007724891	0.008446113	0.009081853	0.009636695
0.000530656	0.001196328	0.002058265	0.003034987	0.004055212	0.005064698	0.006026226	0.006916921	0.007724891	0.008446113	0.009081853	0.009636695
0.000530656	0.001196328	0.002058265	0.003034987	0.004055212	0.005064698	0.006026226	0.006916921	0.007724891	0.008446113	0.009081853	0.009636695
0.000530656	0.001196328	0.002058265	0.003034987	0.004055212	0.005064698	0.006026226	0.006916921	0.007724891	0.008446113	0.009081853	0.009636695
0.000530656	0.001196328	0.002058265	0.003034987	0.004055212	0.005064698	0.006026226	0.006916921	0.007724891	0.008446113	0.009081853	0.009636695
0.000530656	0.001196328	0.002058265	0.003034987	0.004055212	0.005064698	0.006026226	0.006916921	0.007724891	0.008446113	0.009081853	0.009636695
0.000530656	0.001196328	0.002058265	0.003034987	0.004055212	0.005064698	0.006026226	0.006916921	0.007724891	0.008446113	0.009081853	0.009636695
0.000530656	0.001196328	0.002058265	0.003034987	0.004055212	0.005064698	0.006026226	0.006916921	0.007724891	0.008446113	0.009081853	0.009636695
0.000530656	0.001196328	0.002058265	0.003034987	0.004055212	0.005064698	0.006026226	0.006916921	0.007724891	0.008446113	0.009081853	0.009636695
0.000530656	0.001196328	0.002058265	0.003034987	0.004055212	0.005064698	0.006026226	0.006916921	0.007724891	0.008446113	0.009081853	0.009636695
0.000530656	0.001196328	0.002058265	0.003034987	0.004055212	0.005064698	0.006026226	0.006916921	0.007724891	0.008446113	0.009081853	0.009636695
0.000530656	0.001196328	0.002058265	0.003034987	0.004055212	0.005064698	0.006026226	0.006916921	0.007724891	0.008446113	0.009081853	0.009636695
0.000530656	0.001196328	0.002058265	0.003034987	0.004055212	0.005064698	0.006026226	0.006916921	0.007724891	0.008446113	0.009081853	0.009636695
0.000530656	0.001196328	0.002058265	0.003034987	0.004055212	0.005064698	0.006026226	0.006916921	0.007724891	0.008446113	0.009081853	0.009636695
0.000530656	0.001196328	0.002058265	0.003034987	0.004055212	0.005064698	0.006026226	0.006916921	0.007724891	0.008446113	0.009081853	0.009636695
0.000530656	0.001196328	0.002058265	0.003034987	0.004055212	0.005064698	0.006026226	0.006916921	0.007724891	0.008446113	0.009081853	0.009636695
0.000530656	0.001196328	0.002058265	0.003034987	0.004055212	0.005064698	0.006026226	0.006916921	0.007724891	0.008446113	0.009081853	0.009636695
0.000530656	0.001196328	0.002058265	0.003034987	0.004055212	0.005064698	0.006026226	0.006916921	0.007724891	0.008446113	0.009081853	0.009636695
0.000530656	0.001196328	0.002058265	0.003034987	0.004055212	0.005064698	0.006026226	0.006916921	0.007724891	0.008446113	0.009081853	0.009636695
0.000530656	0.001196328	0.002058265	0.003034987	0.004055212	0.005064698	0.006026226	0.006916921	0.007724891	0.008446113	0.009081853	0.009636695
0.000530656	0.001196328	0.002058265	0.003034987	0.004055212	0.005064698	0.006026226	0.006916921	0.007724891	0.008446113	0.009081853	0.009636695
0.000530656	0.001196328	0.002058265	0.003034987	0.004055212	0.005064698	0.006026226	0.006916921	0.007724891	0.008446113	0.009081853	0.009636695

#nind
1
#ind_names																																	
survey_index1																																
#nobs_ind
30
#yrs_ind																																		
1	2	3	4	5	6	7	8	9	10	11	12	13	14	15	16	17	18	19	20	21	22	23	24	25	26	27	28	29	30	
#month_ind																																	
1																																						
#biom_ind																																		
1.65147480454745	1.92277391561684	1.41416125124296	1.47523658848185	1.47619169325962	1.92131210156971	1.61533310332653	1.03750345333866	1.30976716075643	1.1485985188984	1.07597040127718	0.873558570092815	1.0670680321123	1.20983944347103	0.909653795321989	0.851922665142716	1.0939535545095	0.877289538781078	0.680668173597667	0.743558560535962	0.68790756186408	0.732713469223987	0.767010122875	0.651445948504138	0.512333637787761	0.568310432699734	0.529291558982328	0.571436082336986	0.56528416969545	0.469067743241994
#biom_cv																				
0.330294960909491	0.384554783123367	0.282832250248593	0.29504731769637	0.295238338651923	0.384262420313942	0.323066620665307	0.207500690667732	0.261953432151287	0.229719703779679	0.215194080255436	0.174711714018563	0.21341360642246	0.241967888694205	0.181930759064398	0.170384533028543	0.218790710901899	0.175457907756216	0.136133634719533	0.148711712107192	0.137581512372816	0.146542693844797	0.153402024575	0.130289189700828	0.102466727557552	0.113662086539947	0.105858311796466	0.114287216467397	0.11305683393909	0.0938135486483987
#n_ages_ind																																	
30			
#n_lengths_ind																															
0																																						
#yrs_ages_ind																																
1	2	3	4	5	6	7	8	9	10	11	12	13	14	15	16	17	18	19	20	21	22	23	24	25	26	27	28	29	30																						
#sample_ages_ind																														
200	200	200	200	200	200	200	200	200	200	200	200	200	200	200	200	200	200	200	200	200	200	200	200	200	200	200	200	200	200
#page_ind																																		
0.055	0.16	0.16	0.115	0.145	0.04	0.06	0.045	0.06	0.03	0.015	0.115
0.115	0.09	0.17	0.135	0.095	0.055	0.04	0.045	0.045	0.035	0.04	0.135
0.06	0.18	0.12	0.155	0.095	0.07	0.05	0.04	0.055	0.035	0.035	0.105
0.035	0.085	0.195	0.14	0.085	0.08	0.07	0.04	0.06	0.055	0.025	0.13
0.08	0.065	0.165	0.15	0.155	0.085	0.05	0.03	0.04	0.045	0.04	0.095
0.12	0.185	0.12	0.115	0.095	0.045	0.04	0.075	0.035	0.025	0.02	0.125
0.05	0.165	0.22	0.115	0.065	0.11	0.065	0.035	0.03	0.015	0.04	0.09
0.095	0.11	0.205	0.18	0.085	0.075	0.035	0.045	0.01	0.05	0.025	0.085
0.06	0.16	0.195	0.18	0.095	0.05	0.025	0.045	0.02	0.015	0.035	0.12
0.05	0.175	0.215	0.155	0.105	0.085	0.015	0.05	0.035	0.015	0	0.1
0.05	0.19	0.16	0.21	0.05	0.08	0.06	0.025	0.02	0.04	0.005	0.11
0.065	0.19	0.235	0.12	0.1	0.05	0.075	0.06	0.025	0.015	0.02	0.045
0.07	0.155	0.14	0.165	0.115	0.07	0.06	0.08	0.04	0.02	0.03	0.055
0.09	0.215	0.15	0.145	0.095	0.07	0.065	0.035	0.05	0.035	0.01	0.04
0.105	0.2	0.18	0.095	0.115	0.075	0.06	0.035	0.025	0.035	0.01	0.065
0.095	0.215	0.245	0.11	0.1	0.055	0.025	0.05	0.025	0.015	0.015	0.05
0.12	0.22	0.185	0.13	0.08	0.04	0.07	0.055	0.005	0.02	0.025	0.05
0.065	0.24	0.195	0.16	0.1	0.055	0.03	0.03	0.03	0.025	0.015	0.055
0.09	0.145	0.26	0.16	0.09	0.095	0.04	0.045	0.02	0.01	0.015	0.03
0.08	0.235	0.175	0.16	0.115	0.08	0.055	0.025	0.025	0.015	0.005	0.03
0.13	0.195	0.25	0.065	0.13	0.105	0.045	0.045	0.005	0.01	0.005	0.015
0.125	0.23	0.215	0.15	0.075	0.085	0.02	0.04	0.02	0	0.015	0.025
0.115	0.3	0.25	0.08	0.09	0.035	0.045	0.02	0.015	0.01	0.01	0.03
0.11	0.245	0.285	0.155	0.055	0.05	0.03	0.01	0.03	0	0.015	0.015
0.14	0.19	0.25	0.16	0.115	0.05	0.02	0.01	0.03	0.01	0.005	0.02
0.075	0.215	0.2	0.18	0.165	0.065	0.035	0.025	0	0.01	0.01	0.02
0.13	0.155	0.325	0.14	0.075	0.06	0.05	0.015	0.015	0	0.01	0.025
0.145	0.25	0.245	0.17	0.05	0.06	0.035	0.025	0.015	0	0	0.005
0.15	0.32	0.195	0.095	0.11	0.045	0.03	0.04	0.005	0	0.005	0.005
0.12	0.35	0.265	0.105	0.06	0.04	0.025	0.015	0.005	0.015	0	0
#wt_age_ind																																	
1 1 1 1 1 1 1 1 1 1 1 1 
1 1 1 1 1 1 1 1 1 1 1 1 
1 1 1 1 1 1 1 1 1 1 1 1 
1 1 1 1 1 1 1 1 1 1 1 1 
1 1 1 1 1 1 1 1 1 1 1 1 
1 1 1 1 1 1 1 1 1 1 1 1 
1 1 1 1 1 1 1 1 1 1 1 1 
1 1 1 1 1 1 1 1 1 1 1 1 
1 1 1 1 1 1 1 1 1 1 1 1 
1 1 1 1 1 1 1 1 1 1 1 1 
1 1 1 1 1 1 1 1 1 1 1 1 
1 1 1 1 1 1 1 1 1 1 1 1 
1 1 1 1 1 1 1 1 1 1 1 1 
1 1 1 1 1 1 1 1 1 1 1 1 
1 1 1 1 1 1 1 1 1 1 1 1 
1 1 1 1 1 1 1 1 1 1 1 1 
1 1 1 1 1 1 1 1 1 1 1 1 
1 1 1 1 1 1 1 1 1 1 1 1 
1 1 1 1 1 1 1 1 1 1 1 1 
1 1 1 1 1 1 1 1 1 1 1 1 
1 1 1 1 1 1 1 1 1 1 1 1 
1 1 1 1 1 1 1 1 1 1 1 1 
1 1 1 1 1 1 1 1 1 1 1 1 
1 1 1 1 1 1 1 1 1 1 1 1 
1 1 1 1 1 1 1 1 1 1 1 1 
1 1 1 1 1 1 1 1 1 1 1 1 
1 1 1 1 1 1 1 1 1 1 1 1 
1 1 1 1 1 1 1 1 1 1 1 1 
1 1 1 1 1 1 1 1 1 1 1 1 
1 1 1 1 1 1 1 1 1 1 1 1 
# wt_pop
0.000530656	0.001196328	0.002058265	0.003034987	0.004055212	0.005064698	0.006026226	0.006916921	0.007724891	0.008446113	0.009081853	0.009636695
#maturity
0.02297737 0.32082130 0.90465054 0.99477987 0.99973881 0.99998699 0.99999935 0.99999997 1 1 1 1
#spmonth																																		
1		
#age_err																																		
1	0	0	0	0	0	0	0	0	0	0	0
0	1	0	0	0	0	0	0	0	0	0	0
0	0	1	0	0	0	0	0	0	0	0	0
0	0	0	1	0	0	0	0	0	0	0	0
0	0	0	0	1	0	0	0	0	0	0	0
0	0	0	0	0	1	0	0	0	0	0	0
0	0	0	0	0	0	1	0	0	0	0	0
0	0	0	0	0	0	0	1	0	0	0	0
0	0	0	0	0	0	0	0	1	0	0	0
0	0	0	0	0	0	0	0	0	1	0	0
0	0	0	0	0	0	0	0	0	0	1	0
0	0	0	0	0	0	0	0	0	0	0	1																														
