#######GENERAL HEADER INPUT#######
1
30
1
30
1
30
30
12
1	2	3	4	5	6	7	8	9	10	11	12
12
1	2	3	4	5	6	7	8	9	10	11	12
1
101
1
1
#######SURVEY DATA#######
30
1	2	3	4	5	6	7	8	9	10	11	12	13	14	15	16	17	18	19	20	21	22	23	24	25	26	27	28	29	30
1.50010317546547	1.59687703207816	1.38669935847526	1.2968490339068	1.37978473287602	1.53398705346473	1.46943755288203	1.49109608352101	1.24624242509601	1.26917536463858	1.10953805947247	1.29248318277574	0.955566667364361	1.0454001425589	1.3264869712513	0.980063771446913	1.04703142708251	0.887567808348522	0.702857088238439	0.705804513250113	0.699328484815148	0.595531116578643	0.672201988051014	0.592973003979816	0.554918967505648	0.559160121572848	0.557504044893328	0.565043944030351	0.504678400275931	0.496785243799599
0.2	0.2	0.2	0.2	0.2	0.2	0.2	0.2	0.2	0.2	0.2	0.2	0.2	0.2	0.2	0.2	0.2	0.2	0.2	0.2	0.2	0.2	0.2	0.2	0.2	0.2	0.2	0.2	0.2	0.2
30
1	2	3	4	5	6	7	8	9	10	11	12	13	14	15	16	17	18	19	20	21	22	23	24	25	26	27	28	29	30
200	200	200	200	200	200	200	200	200	200	200	200	200	200	200	200	200	200	200	200	200	200	200	200	200	200	200	200	200	200
200	200	200	200	200	200	200	200	200	200	200	200	200	200	200	200	200	200	200	200	200	200	200	200	200	200	200	200	200	200
0.07	0.125	0.135	0.175	0.09	0.055	0.06	0.06	0.03	0.05	0.02	0.13
0.06	0.145	0.15	0.11	0.115	0.045	0.075	0.055	0.045	0.045	0.02	0.135
0.06	0.185	0.125	0.105	0.07	0.09	0.035	0.03	0.055	0.055	0.03	0.16
0.04	0.11	0.215	0.175	0.07	0.085	0.06	0.035	0.02	0.045	0.035	0.11
0.095	0.115	0.17	0.18	0.1	0.045	0.085	0.04	0.045	0.025	0.035	0.065
0.075	0.17	0.075	0.135	0.155	0.105	0.045	0.025	0.04	0.015	0.025	0.135
0.05	0.205	0.19	0.095	0.09	0.09	0.04	0.065	0.035	0.02	0.02	0.1
0.075	0.125	0.205	0.145	0.08	0.06	0.065	0.055	0.01	0.025	0.025	0.13
0.085	0.235	0.135	0.125	0.13	0.06	0.025	0.03	0.04	0.025	0.02	0.09
0.035	0.16	0.2	0.14	0.115	0.105	0.02	0.045	0.055	0.035	0.02	0.07
0.075	0.175	0.14	0.15	0.08	0.075	0.09	0.015	0.04	0.05	0.02	0.09
0.075	0.16	0.185	0.11	0.13	0.07	0.035	0.08	0.015	0.035	0.04	0.065
0.06	0.17	0.165	0.22	0.11	0.08	0.03	0.05	0.03	0.02	0.005	0.06
0.07	0.165	0.205	0.175	0.085	0.085	0.055	0.02	0.035	0.035	0.015	0.055
0.075	0.22	0.175	0.145	0.105	0.075	0.04	0.045	0.035	0.025	0.015	0.045
0.115	0.16	0.19	0.125	0.125	0.09	0.05	0.055	0.03	0.005	0.005	0.05
0.125	0.23	0.135	0.14	0.135	0.05	0.05	0.04	0.025	0.02	0.005	0.045
0.07	0.215	0.185	0.12	0.105	0.125	0.045	0.025	0.045	0.02	0.005	0.04
0.1	0.16	0.235	0.17	0.095	0.08	0.055	0.02	0.03	0.005	0.015	0.035
0.08	0.205	0.235	0.17	0.095	0.055	0.05	0.04	0.015	0.025	0.01	0.02
0.105	0.215	0.205	0.13	0.15	0.07	0.07	0.015	0.01	0	0.01	0.02
0.12	0.295	0.205	0.1	0.09	0.075	0.04	0.025	0.015	0.01	0.005	0.02
0.13	0.255	0.255	0.12	0.08	0.03	0.05	0.02	0.005	0.005	0.005	0.045
0.06	0.24	0.255	0.165	0.105	0.08	0.03	0.025	0.005	0.015	0.005	0.015
0.18	0.235	0.215	0.17	0.105	0.04	0.03	0.01	0.005	0.005	0	0.005
0.095	0.33	0.18	0.165	0.125	0.02	0.025	0.02	0.005	0.015	0.015	0.005
0.11	0.2	0.3	0.145	0.075	0.065	0.035	0.015	0.035	0	0.005	0.015
0.105	0.275	0.175	0.21	0.055	0.065	0.045	0.03	0.02	0.005	0.01	0.005
0.145	0.295	0.235	0.1	0.15	0.015	0.035	0.01	0.005	0.005	0	0.005
0.14	0.31	0.25	0.12	0.075	0.04	0.02	0.04	0	0.005	0	0
#######LANDINGS DATA#######
1
30
160.900845505491	471.870271428384	761.575833336177	991.951273239258	769.885311167969	1328.82969709457	1270.28562778367	2498.12544388468	1330.71262920007	1524.3088373955	1628.46227794557	1608.65452443927	1099.3025759489	1531.26431819649	1506.38451763073	1266.59106187479	2246.02825387189	1605.25637236144	1459.23321342346	1324.60563029815	1617.80818009633	1071.02952253658	1621.46072916062	1204.91799323975	1123.24826750827	964.739661997481	921.45264297876	1209.99309711856	869.463392337627	1281.9467737608
0.01	0.01	0.01	0.01	0.01	0.01	0.01	0.01	0.01	0.01	0.01	0.01	0.01	0.01	0.01	0.01	0.01	0.01	0.01	0.01	0.01	0.01	0.01	0.01	0.01	0.01	0.01	0.01	0.01	0.01
30
1	2	3	4	5	6	7	8	9	10	11	12	13	14	15	16	17	18	19	20	21	22	23	24	25	26	27	28	29	30
200	200	200	200	200	200	200	200	200	200	200	200	200	200	200	200	200	200	200	200	200	200	200	200	200	200	200	200	200	200
200	200	200	200	200	200	200	200	200	200	200	200	200	200	200	200	200	200	200	200	200	200	200	200	200	200	200	200	200	200
0.055	0.11	0.135	0.125	0.155	0.115	0.055	0.045	0.04	0.02	0.025	0.12
0.095	0.1	0.13	0.135	0.08	0.11	0.055	0.04	0.03	0.035	0.045	0.145
0.055	0.165	0.13	0.095	0.11	0.06	0.08	0.045	0.06	0.04	0.03	0.13
0.05	0.095	0.175	0.11	0.095	0.06	0.065	0.05	0.06	0.025	0.04	0.175
0.085	0.11	0.135	0.125	0.095	0.1	0.065	0.045	0.055	0.035	0.025	0.125
0.095	0.165	0.125	0.11	0.12	0.065	0.075	0.03	0.045	0.045	0.02	0.105
0.07	0.1	0.185	0.095	0.115	0.11	0.055	0.09	0.015	0.01	0.025	0.13
0.06	0.1	0.155	0.18	0.09	0.06	0.1	0.06	0.04	0.01	0.04	0.105
0.08	0.11	0.105	0.18	0.15	0.06	0.05	0.085	0.025	0.015	0.03	0.11
0.11	0.135	0.095	0.12	0.195	0.105	0.04	0.03	0.04	0.035	0.015	0.08
0.075	0.12	0.145	0.15	0.12	0.11	0.07	0.05	0.03	0.025	0.015	0.09
0.075	0.195	0.175	0.14	0.1	0.075	0.045	0.07	0.01	0.015	0.025	0.075
0.09	0.105	0.135	0.15	0.16	0.09	0.05	0.065	0.035	0.04	0.02	0.06
0.085	0.135	0.175	0.16	0.11	0.075	0.04	0.065	0.025	0.03	0.015	0.085
0.085	0.145	0.12	0.115	0.11	0.115	0.07	0.07	0.04	0.04	0.02	0.07
0.135	0.145	0.19	0.165	0.08	0.085	0.035	0.025	0.05	0.02	0.02	0.05
0.12	0.145	0.16	0.14	0.095	0.09	0.075	0.05	0.03	0.025	0.015	0.055
0.095	0.19	0.2	0.165	0.095	0.075	0.045	0.03	0.02	0.015	0.015	0.055
0.165	0.105	0.235	0.175	0.1	0.06	0.035	0.015	0.025	0.03	0.015	0.04
0.07	0.165	0.135	0.17	0.165	0.085	0.055	0.04	0.03	0.015	0.025	0.045
0.2	0.09	0.195	0.095	0.18	0.09	0.05	0.035	0.02	0.005	0.015	0.025
0.12	0.25	0.155	0.15	0.11	0.095	0.05	0.04	0.01	0	0.005	0.015
0.11	0.245	0.225	0.115	0.11	0.055	0.04	0.035	0.005	0.01	0.005	0.045
0.095	0.125	0.21	0.22	0.11	0.09	0.05	0.04	0.01	0.005	0.025	0.02
0.215	0.17	0.175	0.15	0.145	0.08	0.015	0.02	0.01	0.01	0	0.01
0.115	0.28	0.175	0.125	0.16	0.09	0.02	0.01	0.005	0.01	0.01	0
0.115	0.095	0.265	0.155	0.135	0.115	0.055	0.03	0.01	0.015	0	0.01
0.155	0.185	0.175	0.225	0.105	0.05	0.045	0.025	0.005	0.01	0	0.02
0.225	0.24	0.175	0.13	0.09	0.04	0.06	0.025	0.005	0	0.005	0.005
0.125	0.275	0.22	0.15	0.045	0.055	0.065	0.01	0.04	0	0.005	0.01
#######PARAMETER SECTION#######
800	400	1200	-4	800	-0.25	1
0.18	0.01	1	-4	0.18	-0.25	1
-1.36	-5	-0.001	-4	-1.36	-0.25	1
0.1	0.05	0.3	-4	0.1	-0.25	1
0.2	0.01	0.5	-4	0.2	-0.25	1
0.75	0.20001	1	-3	0.75	-0.25	1
13.815511	-1	200	1	13.815511	-0.25	1
0	-1	1	-4	0	-0.25	1
0.2	1e-04	1.2	-3	0.2	-0.25	1
0	-10	10	-6	0	-1	1
0	-10	10	-6	0	-1	1
2	0	12	-2	2	-0.5	1
1	0	12	-2	1	-0.5	1
2	0	12	-2	2	-0.5	1
1	0	12	-2	1	-0.5	1
1.5	0	12	-2	1.5	-0.5	1
2	0	12	-2	2	-0.5	1
-14.8682006803499	-30	5	1	-14.8682006803499	-1	1
1	0.1	2	-1	1	-1	1
-1.51930887058023	-10	1.39	1	-1.51930887058023	-1	1
#######DEV CONSTRAINTS and DEVS#######
-15	15	2
-15	15	2
-15	15	2
0	0	0	0	0	0	0	0	0	0	0	0	0	0	0	0	0	0	0	0	0	0	0	0	0	0	0	0	0	0
0	0	0	0	0	0	0	0	0	0	0	0	0	0	0	0	0	0	0	0	0	0	0	0	0	0	0	0	0	0
0	0	0	0	0	0	0	0	0	0	0
#######LIKELIHOOD WEIGHTS#######
1
1
1
1
0
1
0
0
0
#######MISCELLANEOUS STUFF SECTION#######
2.5e-08
3
0.5	0.5	0.5	0.5	0.5	0.5	0.5	0.5	0.5	0.5	0.5	0.5
0.0229773699100256	0.320821300824607	0.904650535100891	0.994779874306442	0.999738809680904	0.999986992871533	0.999999352405202	0.999999967758134	0.999999998394772	0.99999999992008	0.999999999996021	0.999999999999802
0.2	0.2	0.2	0.2	0.2	0.2	0.2	0.2	0.2	0.2	0.2	0.2
0
1
10
0.2
1
1	0	0	0	0	0	0	0	0	0	0	0
0	1	0	0	0	0	0	0	0	0	0	0
0	0	1	0	0	0	0	0	0	0	0	0
0	0	0	1	0	0	0	0	0	0	0	0
0	0	0	0	1	0	0	0	0	0	0	0
0	0	0	0	0	1	0	0	0	0	0	0
0	0	0	0	0	0	1	0	0	0	0	0
0	0	0	0	0	0	0	1	0	0	0	0
0	0	0	0	0	0	0	0	1	0	0	0
0	0	0	0	0	0	0	0	0	1	0	0
0	0	0	0	0	0	0	0	0	0	1	0
0	0	0	0	0	0	0	0	0	0	0	1
40
31
2
1
#######END OF DATA FILE#######
999
