#styr												
1
#endyr												
30
#rec_age										
1															
#n_ages										
12
# numbers of length intervals
81
#Length	bin
10	11	12	13	14	15	16	17	18	19	20	21	22	23	24	25	26	27	28	29	30	31	32	33	34	35	36	37	38	39	40	41	42	43	44	45	46	47	48	49	50	51	52	53	54	55	56	57	58	59	60	61	62	63	64	65	66	67	68	69	70	71	72	73	74	75	76	77	78	79	80	81	82	83	84	85	86	87	88	89	90
#nfsh
1
#names_fsh
FLEET1												
#catch												
194.917527780837	559.795451274151	890.181271341173	1157.55510680511	878.902042096457	1473.68081888254	1407.96361010881	2717.35587900508	1449.655421018	1675.51387437211	1794.66261942251	1827.70659849252	1300.39136869101	1863.72724849316	1889.89446681087	1656.03152091925	3020.38096107711	2129.92889725873	1833.94073602201	1578.14688950801	1896.51791143109	1243.58136564078	1832.82658412274	1295.38392784277	1128.69172422218	999.470355631266	1037.66286545216	1482.53281924372	1074.61573127046	1483.68036227901
#catch_cv											
0.01	0.01	0.01	0.01	0.01	0.01	0.01	0.01	0.01	0.01	0.01	0.01	0.01	0.01	0.01	0.01	0.01	0.01	0.01	0.01	0.01	0.01	0.01	0.01	0.01	0.01	0.01	0.01	0.01	0.01
#n_ages_fsh								
30		
#n_lengths_fsh								
0															
#yrs_ages_fsh								
1	2	3	4	5	6	7	8	9	10	11	12	13	14	15	16	17	18	19	20	21	22	23	24	25	26	27	28	29	30	
#sample_ages_fsh							
200	200	200	200	200	200	200	200	200	200	200	200	200	200	200	200	200	200	200	200	200	200	200	200	200	200	200	200	200	200
#page_fsh	2	3	4	5	6	7	8	9	10	11						
0.065	0.11	0.13	0.09	0.11	0.08	0.085	0.045	0.065	0.025	0.065	0.13
0.045	0.08	0.17	0.115	0.105	0.125	0.06	0.065	0.04	0.03	0.015	0.15
0.075	0.06	0.09	0.12	0.12	0.11	0.095	0.075	0.03	0.02	0.035	0.17
0.095	0.115	0.09	0.125	0.095	0.105	0.085	0.065	0.055	0.05	0.045	0.075
0.095	0.075	0.14	0.065	0.135	0.095	0.07	0.075	0.035	0.025	0.015	0.175
0.09	0.185	0.095	0.115	0.075	0.095	0.015	0.05	0.08	0.04	0.02	0.14
0.03	0.135	0.185	0.1	0.11	0.07	0.085	0.04	0.05	0.06	0.01	0.125
0.105	0.085	0.165	0.115	0.07	0.07	0.06	0.07	0.065	0.04	0.03	0.125
0.045	0.175	0.135	0.22	0.125	0.01	0.045	0.035	0.04	0.04	0.03	0.1
0.165	0.125	0.12	0.105	0.115	0.115	0.04	0.06	0.03	0.02	0.025	0.08
0.05	0.265	0.105	0.155	0.12	0.085	0.055	0.03	0.03	0.02	0.02	0.065
0.155	0.095	0.22	0.135	0.075	0.06	0.07	0.06	0.02	0.03	0.01	0.07
0.06	0.295	0.145	0.195	0.065	0.07	0.035	0.04	0.03	0.005	0	0.06
0.145	0.08	0.235	0.09	0.14	0.085	0.075	0.03	0.03	0.02	0.01	0.06
0.185	0.14	0.1	0.175	0.07	0.13	0.025	0.045	0.02	0.03	0.045	0.035
0.05	0.235	0.21	0.075	0.17	0.08	0.08	0.015	0.02	0.005	0.015	0.045
0.07	0.105	0.265	0.185	0.06	0.1	0.045	0.065	0.01	0.02	0.02	0.055
0.075	0.105	0.15	0.195	0.18	0.065	0.11	0.02	0.04	0.015	0.005	0.04
0.075	0.105	0.075	0.19	0.23	0.11	0.03	0.09	0.025	0.02	0	0.05
0.245	0.13	0.075	0.155	0.09	0.11	0.075	0.01	0.055	0.01	0.015	0.03
0.12	0.31	0.155	0.07	0.08	0.075	0.09	0.02	0.005	0.035	0.015	0.025
0.11	0.2	0.305	0.06	0.08	0.085	0.045	0.06	0.025	0.01	0.005	0.015
0.045	0.24	0.2	0.2	0.08	0.045	0.04	0.035	0.055	0.02	0.005	0.035
0.085	0.115	0.27	0.18	0.185	0.035	0.03	0.01	0.035	0.03	0.01	0.015
0.265	0.14	0.055	0.205	0.115	0.125	0.015	0.025	0.02	0.01	0.005	0.02
0.145	0.375	0.16	0.05	0.1	0.025	0.07	0.01	0.005	0.005	0.025	0.03
0.225	0.185	0.29	0.075	0.04	0.09	0.04	0.035	0.01	0	0	0.01
0.02	0.31	0.225	0.275	0.07	0.03	0.03	0.01	0.01	0.015	0	0.005
0.17	0.025	0.37	0.145	0.2	0.03	0.01	0.01	0.005	0.005	0.01	0.02
0.11	0.325	0.035	0.28	0.085	0.105	0.025	0	0.015	0	0.015	0.005
#wt_age_fsh	1 2	3	4	5	6	7	8	9	10	11						
0.000530656	0.001196328	0.002058265	0.003034987	0.004055212	0.005064698	0.006026226	0.006916921	0.007724891	0.008446113	0.009081853	0.009636695
0.000530656	0.001196328	0.002058265	0.003034987	0.004055212	0.005064698	0.006026226	0.006916921	0.007724891	0.008446113	0.009081853	0.009636695
0.000530656	0.001196328	0.002058265	0.003034987	0.004055212	0.005064698	0.006026226	0.006916921	0.007724891	0.008446113	0.009081853	0.009636695
0.000530656	0.001196328	0.002058265	0.003034987	0.004055212	0.005064698	0.006026226	0.006916921	0.007724891	0.008446113	0.009081853	0.009636695
0.000530656	0.001196328	0.002058265	0.003034987	0.004055212	0.005064698	0.006026226	0.006916921	0.007724891	0.008446113	0.009081853	0.009636695
0.000530656	0.001196328	0.002058265	0.003034987	0.004055212	0.005064698	0.006026226	0.006916921	0.007724891	0.008446113	0.009081853	0.009636695
0.000530656	0.001196328	0.002058265	0.003034987	0.004055212	0.005064698	0.006026226	0.006916921	0.007724891	0.008446113	0.009081853	0.009636695
0.000530656	0.001196328	0.002058265	0.003034987	0.004055212	0.005064698	0.006026226	0.006916921	0.007724891	0.008446113	0.009081853	0.009636695
0.000530656	0.001196328	0.002058265	0.003034987	0.004055212	0.005064698	0.006026226	0.006916921	0.007724891	0.008446113	0.009081853	0.009636695
0.000530656	0.001196328	0.002058265	0.003034987	0.004055212	0.005064698	0.006026226	0.006916921	0.007724891	0.008446113	0.009081853	0.009636695
0.000530656	0.001196328	0.002058265	0.003034987	0.004055212	0.005064698	0.006026226	0.006916921	0.007724891	0.008446113	0.009081853	0.009636695
0.000530656	0.001196328	0.002058265	0.003034987	0.004055212	0.005064698	0.006026226	0.006916921	0.007724891	0.008446113	0.009081853	0.009636695
0.000530656	0.001196328	0.002058265	0.003034987	0.004055212	0.005064698	0.006026226	0.006916921	0.007724891	0.008446113	0.009081853	0.009636695
0.000530656	0.001196328	0.002058265	0.003034987	0.004055212	0.005064698	0.006026226	0.006916921	0.007724891	0.008446113	0.009081853	0.009636695
0.000530656	0.001196328	0.002058265	0.003034987	0.004055212	0.005064698	0.006026226	0.006916921	0.007724891	0.008446113	0.009081853	0.009636695
0.000530656	0.001196328	0.002058265	0.003034987	0.004055212	0.005064698	0.006026226	0.006916921	0.007724891	0.008446113	0.009081853	0.009636695
0.000530656	0.001196328	0.002058265	0.003034987	0.004055212	0.005064698	0.006026226	0.006916921	0.007724891	0.008446113	0.009081853	0.009636695
0.000530656	0.001196328	0.002058265	0.003034987	0.004055212	0.005064698	0.006026226	0.006916921	0.007724891	0.008446113	0.009081853	0.009636695
0.000530656	0.001196328	0.002058265	0.003034987	0.004055212	0.005064698	0.006026226	0.006916921	0.007724891	0.008446113	0.009081853	0.009636695
0.000530656	0.001196328	0.002058265	0.003034987	0.004055212	0.005064698	0.006026226	0.006916921	0.007724891	0.008446113	0.009081853	0.009636695
0.000530656	0.001196328	0.002058265	0.003034987	0.004055212	0.005064698	0.006026226	0.006916921	0.007724891	0.008446113	0.009081853	0.009636695
0.000530656	0.001196328	0.002058265	0.003034987	0.004055212	0.005064698	0.006026226	0.006916921	0.007724891	0.008446113	0.009081853	0.009636695
0.000530656	0.001196328	0.002058265	0.003034987	0.004055212	0.005064698	0.006026226	0.006916921	0.007724891	0.008446113	0.009081853	0.009636695
0.000530656	0.001196328	0.002058265	0.003034987	0.004055212	0.005064698	0.006026226	0.006916921	0.007724891	0.008446113	0.009081853	0.009636695
0.000530656	0.001196328	0.002058265	0.003034987	0.004055212	0.005064698	0.006026226	0.006916921	0.007724891	0.008446113	0.009081853	0.009636695
0.000530656	0.001196328	0.002058265	0.003034987	0.004055212	0.005064698	0.006026226	0.006916921	0.007724891	0.008446113	0.009081853	0.009636695
0.000530656	0.001196328	0.002058265	0.003034987	0.004055212	0.005064698	0.006026226	0.006916921	0.007724891	0.008446113	0.009081853	0.009636695
0.000530656	0.001196328	0.002058265	0.003034987	0.004055212	0.005064698	0.006026226	0.006916921	0.007724891	0.008446113	0.009081853	0.009636695
0.000530656	0.001196328	0.002058265	0.003034987	0.004055212	0.005064698	0.006026226	0.006916921	0.007724891	0.008446113	0.009081853	0.009636695
0.000530656	0.001196328	0.002058265	0.003034987	0.004055212	0.005064698	0.006026226	0.006916921	0.007724891	0.008446113	0.009081853	0.009636695
#nind
1
#ind_names									
SURVEY1									
#nobs_ind
30
#yrs_ind											
1	2	3	4	5	6	7	8	9	10	11	12	13	14	15	16	17	18	19	20	21	22	23	24	25	26	27	28	29	30	
#month_ind										
1															
#biom_ind											
1.39951091463684	1.39119404001173	1.69311596873154	1.32194848452776	1.36454815808847	1.54611061080549	1.42069496964459	1.14994770330677	1.20180037958269	1.52500608494574	1.17099582707578	1.01380546971219	1.27916963893954	1.26785348225634	1.44785666361655	1.05162279191681	1.19706606648653	0.968397024052632	0.706953193809636	0.687280689320523	0.649147792719692	0.720310549610792	0.63782116313719	0.492154900736457	0.462443234989758	0.555453178192588	0.60657033683307	0.68249501824383	0.519443069412023	0.481001699400039
#biom_cv																
0.279902182927367	0.278238808002345	0.338623193746308	0.264389696905553	0.272909631617693	0.309222122161099	0.284138993928917	0.229989540661355	0.240360075916539	0.305001216989149	0.234199165415156	0.202761093942437	0.255833927787909	0.253570696451268	0.28957133272331	0.210324558383362	0.239413213297307	0.193679404810526	0.141390638761927	0.137456137864105	0.129829558543938	0.144062109922158	0.127564232627438	0.0984309801472913	0.0924886469979516	0.111090635638518	0.121314067366614	0.136499003648766	0.103888613882405	0.0962003398800078
#n_ages_ind															
30			
#n_lengths_ind															
0															
#yrs_ages_ind															
1	2	3	4	5	6	7	8	9	10	11	12	13	14	15	16	17	18	19	20	21	22	23	24	25	26	27	28	29	30	
#sample_ages_ind					
200	200	200	200	200	200	200	200	200	200	200	200	200	200	200	200	200	200	200	200	200	200	200	200	200	200	200	200	200	200
#page_ind						
0.065	0.12	0.11	0.13	0.11	0.14	0.04	0.03	0.07	0.045	0.02	0.12
0.025	0.14	0.125	0.155	0.11	0.11	0.085	0.05	0.04	0.04	0.02	0.1
0.065	0.07	0.135	0.175	0.095	0.115	0.05	0.04	0.03	0.03	0.035	0.16
0.025	0.16	0.12	0.135	0.125	0.07	0.075	0.06	0.055	0.055	0.02	0.1
0.095	0.105	0.185	0.075	0.09	0.1	0.07	0.07	0.03	0.035	0.02	0.125
0.085	0.235	0.08	0.15	0.045	0.03	0.07	0.06	0.04	0.045	0.015	0.145
0.055	0.205	0.215	0.08	0.085	0.045	0.05	0.045	0.035	0.02	0.02	0.145
0.07	0.135	0.19	0.225	0.035	0.07	0.05	0.04	0.02	0.035	0.02	0.11
0.05	0.17	0.14	0.16	0.125	0.075	0.055	0.045	0.055	0.055	0.025	0.045
0.135	0.115	0.19	0.105	0.105	0.105	0.05	0.035	0.04	0.02	0.01	0.09
0.035	0.22	0.13	0.165	0.085	0.085	0.11	0.03	0.04	0.005	0.02	0.075
0.14	0.08	0.305	0.125	0.105	0.055	0.055	0.055	0.045	0.005	0	0.03
0.035	0.28	0.1	0.205	0.075	0.075	0.06	0.03	0.055	0.01	0.025	0.05
0.085	0.1	0.315	0.095	0.16	0.04	0.075	0.02	0.035	0.03	0	0.045
0.1	0.245	0.085	0.195	0.045	0.135	0.02	0.05	0.025	0.035	0.02	0.045
0.085	0.235	0.185	0.105	0.19	0.03	0.08	0.03	0.005	0.01	0.02	0.025
0.045	0.165	0.27	0.145	0.06	0.125	0.035	0.055	0.01	0.02	0.025	0.045
0.04	0.14	0.205	0.225	0.11	0.025	0.075	0.025	0.055	0.005	0.03	0.065
0.04	0.155	0.145	0.135	0.155	0.1	0.035	0.08	0.04	0.055	0.01	0.05
0.165	0.14	0.15	0.11	0.09	0.125	0.075	0.02	0.035	0.025	0.025	0.04
0.05	0.41	0.14	0.08	0.08	0.085	0.07	0.02	0.02	0.015	0	0.03
0.095	0.18	0.285	0.135	0.04	0.055	0.025	0.08	0.025	0.01	0.035	0.035
0.05	0.22	0.17	0.315	0.08	0.045	0.04	0.02	0.035	0.01	0	0.015
0.105	0.085	0.295	0.155	0.175	0.045	0.015	0.025	0.025	0.035	0.015	0.025
0.255	0.17	0.07	0.155	0.11	0.14	0.045	0.01	0.015	0.015	0.01	0.005
0.115	0.495	0.13	0.045	0.075	0.035	0.045	0.02	0.005	0.005	0.015	0.015
0.17	0.255	0.34	0.085	0.025	0.055	0.03	0.01	0.015	0	0.005	0.01
0.01	0.4	0.215	0.23	0.055	0.025	0.025	0.02	0.01	0.005	0	0.005
0.205	0.04	0.37	0.15	0.175	0.03	0	0.02	0	0	0.005	0.005
0.08	0.305	0.03	0.32	0.1	0.115	0.025	0	0.015	0	0	0.01
#wt_age_ind						
1 1 1 1 1 1 1 1 1 1 1 1 
1 1 1 1 1 1 1 1 1 1 1 1 
1 1 1 1 1 1 1 1 1 1 1 1 
1 1 1 1 1 1 1 1 1 1 1 1 
1 1 1 1 1 1 1 1 1 1 1 1 
1 1 1 1 1 1 1 1 1 1 1 1 
1 1 1 1 1 1 1 1 1 1 1 1 
1 1 1 1 1 1 1 1 1 1 1 1 
1 1 1 1 1 1 1 1 1 1 1 1 
1 1 1 1 1 1 1 1 1 1 1 1 
1 1 1 1 1 1 1 1 1 1 1 1 
1 1 1 1 1 1 1 1 1 1 1 1 
1 1 1 1 1 1 1 1 1 1 1 1 
1 1 1 1 1 1 1 1 1 1 1 1 
1 1 1 1 1 1 1 1 1 1 1 1 
1 1 1 1 1 1 1 1 1 1 1 1 
1 1 1 1 1 1 1 1 1 1 1 1 
1 1 1 1 1 1 1 1 1 1 1 1 
1 1 1 1 1 1 1 1 1 1 1 1 
1 1 1 1 1 1 1 1 1 1 1 1 
1 1 1 1 1 1 1 1 1 1 1 1 
1 1 1 1 1 1 1 1 1 1 1 1 
1 1 1 1 1 1 1 1 1 1 1 1 
1 1 1 1 1 1 1 1 1 1 1 1 
1 1 1 1 1 1 1 1 1 1 1 1 
1 1 1 1 1 1 1 1 1 1 1 1 
1 1 1 1 1 1 1 1 1 1 1 1 
1 1 1 1 1 1 1 1 1 1 1 1 
1 1 1 1 1 1 1 1 1 1 1 1 
1 1 1 1 1 1 1 1 1 1 1 1 
# wt_pop
0.000530656	0.001196328	0.002058265	0.003034987	0.004055212	0.005064698	0.006026226	0.006916921	0.007724891	0.008446113	0.009081853	0.009636695
#maturity
0.02297737 0.32082130 0.90465054 0.99477987 0.99973881 0.99998699 0.99999935 0.99999997 1 1 1 1
#spmonth						
1		
#age_err						
1	0	0	0	0	0	0	0	0	0	0	0
0	1	0	0	0	0	0	0	0	0	0	0
0	0	1	0	0	0	0	0	0	0	0	0
0	0	0	1	0	0	0	0	0	0	0	0
0	0	0	0	1	0	0	0	0	0	0	0
0	0	0	0	0	1	0	0	0	0	0	0
0	0	0	0	0	0	1	0	0	0	0	0
0	0	0	0	0	0	0	1	0	0	0	0
0	0	0	0	0	0	0	0	1	0	0	0
0	0	0	0	0	0	0	0	0	1	0	0
0	0	0	0	0	0	0	0	0	0	1	0
0	0	0	0	0	0	0	0	0	0	0	1																														
