#######GENERAL HEADER INPUT#######
1
30
1
30
1
30
30
12
1	2	3	4	5	6	7	8	9	10	11	12
12
1	2	3	4	5	6	7	8	9	10	11	12
1
101
1
1
#######SURVEY DATA#######
30
1	2	3	4	5	6	7	8	9	10	11	12	13	14	15	16	17	18	19	20	21	22	23	24	25	26	27	28	29	30
1.71259754136242	1.47323706361537	1.55041044669085	1.33616468238365	1.44622557665863	1.36075008917702	1.48978878892676	1.6027609200616	1.12274468310325	1.5438799764414	1.12274933980735	1.08181232568864	1.22063609920939	1.14375976883764	1.08022946110166	1.00343791301508	1.05395752596542	0.699221346159213	0.729941478060639	0.77378606051596	0.580397242419858	0.625674725190299	0.673337085370959	0.576383645685019	0.627215038276067	0.527545073068122	0.631740053985293	0.509697815934504	0.549665496815923	0.586588076610988
0.2	0.2	0.2	0.2	0.2	0.2	0.2	0.2	0.2	0.2	0.2	0.2	0.2	0.2	0.2	0.2	0.2	0.2	0.2	0.2	0.2	0.2	0.2	0.2	0.2	0.2	0.2	0.2	0.2	0.2
30
1	2	3	4	5	6	7	8	9	10	11	12	13	14	15	16	17	18	19	20	21	22	23	24	25	26	27	28	29	30
200	200	200	200	200	200	200	200	200	200	200	200	200	200	200	200	200	200	200	200	200	200	200	200	200	200	200	200	200	200
200	200	200	200	200	200	200	200	200	200	200	200	200	200	200	200	200	200	200	200	200	200	200	200	200	200	200	200	200	200
0.08	0.16	0.175	0.09	0.045	0.07	0.07	0.075	0.04	0.035	0.02	0.14
0.09	0.105	0.135	0.12	0.09	0.11	0.055	0.06	0.04	0.04	0.025	0.13
0.055	0.135	0.17	0.125	0.1	0.1	0.055	0.06	0.05	0.025	0.025	0.1
0.04	0.14	0.165	0.09	0.075	0.155	0.08	0.04	0.045	0.025	0.015	0.13
0.085	0.09	0.13	0.14	0.12	0.07	0.06	0.035	0.05	0.02	0.05	0.15
0.045	0.225	0.09	0.09	0.13	0.06	0.065	0.055	0.025	0.04	0.04	0.135
0.08	0.15	0.15	0.11	0.07	0.105	0.05	0.055	0.04	0.035	0.025	0.13
0.045	0.13	0.18	0.17	0.09	0.095	0.045	0.02	0.04	0.02	0.03	0.135
0.07	0.175	0.175	0.185	0.125	0.045	0.025	0.04	0.02	0.02	0.025	0.095
0.09	0.115	0.155	0.12	0.12	0.095	0.08	0.015	0.055	0.05	0.02	0.085
0.04	0.155	0.175	0.135	0.13	0.105	0.06	0.04	0.015	0.02	0.015	0.11
0.075	0.19	0.265	0.145	0.07	0.055	0.03	0.045	0.025	0.01	0.01	0.08
0.095	0.145	0.205	0.155	0.08	0.06	0.06	0.095	0.015	0.015	0.015	0.06
0.06	0.145	0.205	0.15	0.145	0.075	0.055	0.055	0.06	0	0.005	0.045
0.08	0.225	0.18	0.105	0.11	0.09	0.055	0.04	0.025	0.03	0.02	0.04
0.075	0.215	0.225	0.125	0.075	0.08	0.04	0.04	0.03	0.005	0	0.09
0.09	0.18	0.185	0.115	0.105	0.07	0.05	0.05	0.035	0.015	0.005	0.1
0.09	0.23	0.195	0.145	0.09	0.075	0.025	0.025	0.035	0.015	0.015	0.06
0.125	0.14	0.26	0.175	0.085	0.07	0.04	0.005	0.04	0.015	0.015	0.03
0.05	0.195	0.145	0.17	0.17	0.07	0.06	0.03	0.02	0.02	0.015	0.055
0.125	0.16	0.19	0.145	0.145	0.105	0.045	0.03	0.005	0	0.015	0.035
0.13	0.27	0.175	0.13	0.055	0.08	0.055	0.05	0.025	0.015	0.005	0.01
0.075	0.27	0.265	0.115	0.085	0.04	0.05	0.025	0.01	0.01	0.01	0.045
0.095	0.265	0.22	0.18	0.085	0.06	0.05	0.025	0.01	0	0	0.01
0.125	0.165	0.19	0.21	0.13	0.06	0.03	0.02	0.015	0.015	0.02	0.02
0.075	0.325	0.19	0.15	0.135	0.06	0.015	0.015	0.01	0.015	0	0.01
0.11	0.155	0.3	0.16	0.095	0.085	0.04	0	0.02	0	0.015	0.02
0.175	0.235	0.215	0.23	0.055	0.04	0.025	0.005	0	0.01	0	0.01
0.235	0.265	0.225	0.09	0.065	0.05	0.03	0.025	0.01	0.005	0	0
0.105	0.365	0.225	0.125	0.07	0.055	0.015	0.01	0.005	0.01	0.005	0.01
#######LANDINGS DATA#######
1
30
160.982060049218	466.082820029814	763.982234108876	996.107060798105	763.825344391786	1331.58593734857	1274.22798916412	2495.03381872463	1315.93639887386	1531.95427891759	1611.84312664293	1607.94825810533	1115.06032027755	1519.14237733995	1500.09932550328	1277.00453491465	2253.64018177945	1603.43405961156	1470.39943086139	1318.41750757981	1620.40506132561	1072.14403261541	1644.24883517952	1196.80871655324	1117.13662195057	958.440627425402	921.450299954255	1210.79477453466	872.7468515895	1268.65226728796
0.01	0.01	0.01	0.01	0.01	0.01	0.01	0.01	0.01	0.01	0.01	0.01	0.01	0.01	0.01	0.01	0.01	0.01	0.01	0.01	0.01	0.01	0.01	0.01	0.01	0.01	0.01	0.01	0.01	0.01
30
1	2	3	4	5	6	7	8	9	10	11	12	13	14	15	16	17	18	19	20	21	22	23	24	25	26	27	28	29	30
200	200	200	200	200	200	200	200	200	200	200	200	200	200	200	200	200	200	200	200	200	200	200	200	200	200	200	200	200	200
200	200	200	200	200	200	200	200	200	200	200	200	200	200	200	200	200	200	200	200	200	200	200	200	200	200	200	200	200	200
0.065	0.09	0.1	0.09	0.105	0.125	0.105	0.065	0.045	0.04	0.045	0.125
0.09	0.13	0.125	0.11	0.095	0.08	0.07	0.09	0.03	0.03	0.025	0.125
0.04	0.13	0.125	0.18	0.105	0.085	0.06	0.05	0.06	0.03	0.025	0.11
0.06	0.11	0.15	0.075	0.115	0.11	0.07	0.065	0.045	0.025	0.035	0.14
0.07	0.06	0.11	0.155	0.125	0.085	0.085	0.04	0.06	0.04	0.03	0.14
0.115	0.085	0.1	0.115	0.14	0.115	0.085	0.045	0.03	0.025	0.035	0.11
0.09	0.135	0.2	0.125	0.085	0.095	0.025	0.035	0.045	0.02	0.025	0.12
0.055	0.12	0.175	0.14	0.115	0.05	0.105	0.06	0.035	0.025	0.045	0.075
0.075	0.135	0.12	0.17	0.16	0.05	0.065	0.05	0.015	0.015	0.035	0.11
0.095	0.135	0.155	0.105	0.16	0.085	0.05	0.04	0.035	0.015	0.03	0.095
0.09	0.115	0.145	0.16	0.11	0.105	0.07	0.045	0.025	0.035	0.015	0.085
0.095	0.18	0.165	0.12	0.145	0.07	0.04	0.035	0.03	0.015	0.04	0.065
0.08	0.135	0.14	0.16	0.095	0.11	0.07	0.07	0.035	0.01	0.025	0.07
0.06	0.14	0.175	0.155	0.14	0.075	0.115	0.025	0.035	0.02	0.01	0.05
0.14	0.15	0.12	0.115	0.105	0.165	0.06	0.055	0.025	0.02	0.02	0.025
0.125	0.125	0.145	0.165	0.13	0.095	0.04	0.07	0.035	0.015	0.02	0.035
0.15	0.15	0.195	0.145	0.1	0.07	0.035	0.035	0.035	0.025	0.02	0.04
0.07	0.185	0.185	0.17	0.115	0.065	0.05	0.055	0.025	0.005	0.02	0.055
0.11	0.14	0.21	0.205	0.12	0.025	0.07	0.035	0.02	0.035	0.01	0.02
0.07	0.145	0.165	0.235	0.1	0.08	0.045	0.035	0	0.02	0.04	0.065
0.165	0.16	0.17	0.15	0.115	0.1	0.035	0.045	0.02	0.02	0	0.02
0.13	0.25	0.155	0.135	0.095	0.08	0.035	0.04	0.025	0.03	0.005	0.02
0.135	0.2	0.265	0.125	0.08	0.035	0.07	0.015	0.04	0.015	0.01	0.01
0.185	0.185	0.18	0.18	0.09	0.06	0.04	0.025	0.02	0.01	0.005	0.02
0.1	0.14	0.225	0.175	0.12	0.065	0.05	0.03	0.015	0.02	0.025	0.035
0.1	0.26	0.17	0.12	0.125	0.095	0.045	0.015	0.015	0.02	0.015	0.02
0.185	0.17	0.245	0.11	0.08	0.08	0.035	0.02	0.03	0.01	0.005	0.03
0.21	0.155	0.175	0.165	0.095	0.09	0.05	0.035	0.005	0.005	0.005	0.01
0.215	0.21	0.24	0.12	0.12	0.045	0.015	0.015	0.01	0.005	0	0.005
0.125	0.255	0.205	0.17	0.095	0.06	0.015	0.025	0.02	0.015	0.01	0.005
#######PARAMETER SECTION#######
800	400	1200	-4	800	-0.25	1
0.18	0.01	1	-4	0.18	-0.25	1
-1.36	-5	-0.001	-4	-1.36	-0.25	1
0.1	0.05	0.3	-4	0.1	-0.25	1
0.2	0.01	0.5	-4	0.2	-0.25	1
0.75	0.20001	1	-3	0.75	-0.25	1
13.815511	-1	200	1	13.815511	-0.25	1
0	-1	1	-4	0	-0.25	1
0.2	1e-04	1.2	-3	0.2	-0.25	1
0	-10	10	-6	0	-1	1
0	-10	10	-6	0	-1	1
2	0	12	-2	2	-0.5	1
1	0	12	-2	1	-0.5	1
2	0	12	-2	2	-0.5	1
1	0	12	-2	1	-0.5	1
1.5	0	12	-2	1.5	-0.5	1
2	0	12	-2	2	-0.5	1
-14.8682006803499	-30	5	1	-14.8682006803499	-1	1
1	0.1	2	-1	1	-1	1
-1.51930887058023	-10	1.39	1	-1.51930887058023	-1	1
#######DEV CONSTRAINTS and DEVS#######
-15	15	2
-15	15	2
-15	15	2
0	0	0	0	0	0	0	0	0	0	0	0	0	0	0	0	0	0	0	0	0	0	0	0	0	0	0	0	0	0
0	0	0	0	0	0	0	0	0	0	0	0	0	0	0	0	0	0	0	0	0	0	0	0	0	0	0	0	0	0
0	0	0	0	0	0	0	0	0	0	0
#######LIKELIHOOD WEIGHTS#######
1
1
1
1
0
1
0
0
0
#######MISCELLANEOUS STUFF SECTION#######
2.5e-08
3
0.5	0.5	0.5	0.5	0.5	0.5	0.5	0.5	0.5	0.5	0.5	0.5
0.0229773699100256	0.320821300824607	0.904650535100891	0.994779874306442	0.999738809680904	0.999986992871533	0.999999352405202	0.999999967758134	0.999999998394772	0.99999999992008	0.999999999996021	0.999999999999802
0.2	0.2	0.2	0.2	0.2	0.2	0.2	0.2	0.2	0.2	0.2	0.2
0
1
10
0.2
1
1	0	0	0	0	0	0	0	0	0	0	0
0	1	0	0	0	0	0	0	0	0	0	0
0	0	1	0	0	0	0	0	0	0	0	0
0	0	0	1	0	0	0	0	0	0	0	0
0	0	0	0	1	0	0	0	0	0	0	0
0	0	0	0	0	1	0	0	0	0	0	0
0	0	0	0	0	0	1	0	0	0	0	0
0	0	0	0	0	0	0	1	0	0	0	0
0	0	0	0	0	0	0	0	1	0	0	0
0	0	0	0	0	0	0	0	0	1	0	0
0	0	0	0	0	0	0	0	0	0	1	0
0	0	0	0	0	0	0	0	0	0	0	1
40
31
2
1
#######END OF DATA FILE#######
999
