#######GENERAL HEADER INPUT#######
1
30
1
30
1
30
30
12
1	2	3	4	5	6	7	8	9	10	11	12
12
1	2	3	4	5	6	7	8	9	10	11	12
1
101
1
1
#######SURVEY DATA#######
30
1	2	3	4	5	6	7	8	9	10	11	12	13	14	15	16	17	18	19	20	21	22	23	24	25	26	27	28	29	30
1.71019943880182	1.44139991031321	1.31946880734402	1.39898876339832	1.37603009687631	1.34149252512626	1.38039727478746	1.54172240746588	1.22529728100902	1.1497254170884	1.28857037411741	1.30749126632881	1.1531879281819	0.881310442014511	1.14878709074254	0.945938029385679	0.952759612807998	0.845963286326858	0.737945897500426	0.784688381339298	0.633156216932912	0.580930982841022	0.763851981090077	0.566807063028788	0.605337983063664	0.576297037754778	0.616140796195228	0.46815780612534	0.612359001514528	0.510745107674311
0.2	0.2	0.2	0.2	0.2	0.2	0.2	0.2	0.2	0.2	0.2	0.2	0.2	0.2	0.2	0.2	0.2	0.2	0.2	0.2	0.2	0.2	0.2	0.2	0.2	0.2	0.2	0.2	0.2	0.2
30
1	2	3	4	5	6	7	8	9	10	11	12	13	14	15	16	17	18	19	20	21	22	23	24	25	26	27	28	29	30
200	200	200	200	200	200	200	200	200	200	200	200	200	200	200	200	200	200	200	200	200	200	200	200	200	200	200	200	200	200
200	200	200	200	200	200	200	200	200	200	200	200	200	200	200	200	200	200	200	200	200	200	200	200	200	200	200	200	200	200
0.04	0.125	0.12	0.165	0.06	0.105	0.055	0.045	0.03	0.035	0.03	0.19
0.11	0.115	0.1	0.15	0.095	0.12	0.05	0.06	0.025	0.03	0.02	0.125
0.065	0.175	0.1	0.15	0.105	0.085	0.055	0.05	0.045	0.02	0.055	0.095
0.05	0.11	0.18	0.12	0.085	0.105	0.08	0.045	0.02	0.025	0.015	0.165
0.05	0.105	0.115	0.205	0.1	0.085	0.07	0.07	0.035	0.025	0.02	0.12
0.085	0.16	0.125	0.12	0.085	0.075	0.08	0.055	0.015	0.07	0.02	0.11
0.085	0.19	0.17	0.05	0.085	0.095	0.09	0.05	0.02	0.035	0.045	0.085
0.065	0.18	0.225	0.14	0.065	0.085	0.065	0.045	0.015	0.025	0.025	0.065
0.105	0.155	0.135	0.18	0.105	0.05	0.05	0.1	0.015	0.03	0.02	0.055
0.07	0.15	0.2	0.135	0.15	0.06	0.025	0.04	0.015	0.045	0.02	0.09
0.055	0.16	0.13	0.15	0.13	0.125	0.06	0.03	0.03	0.04	0.005	0.085
0.1	0.175	0.205	0.12	0.07	0.07	0.07	0.07	0.02	0.015	0.015	0.07
0.09	0.165	0.22	0.105	0.115	0.115	0.03	0.045	0.01	0.035	0.01	0.06
0.145	0.115	0.16	0.165	0.13	0.075	0.065	0.025	0.035	0.03	0.005	0.05
0.08	0.17	0.15	0.16	0.11	0.075	0.05	0.04	0.04	0.035	0.03	0.06
0.12	0.195	0.215	0.085	0.1	0.115	0.055	0.015	0.015	0.015	0.015	0.055
0.085	0.205	0.175	0.155	0.115	0.08	0.04	0.05	0.005	0.015	0.01	0.065
0.06	0.23	0.22	0.15	0.115	0.055	0.045	0.03	0.025	0.02	0.01	0.04
0.1	0.16	0.225	0.165	0.09	0.065	0.045	0.035	0.015	0.02	0.015	0.065
0.095	0.16	0.225	0.165	0.135	0.065	0.04	0.03	0.025	0.015	0.005	0.04
0.155	0.215	0.17	0.12	0.09	0.075	0.06	0.04	0.01	0.025	0.01	0.03
0.13	0.32	0.155	0.115	0.1	0.085	0.04	0.005	0.015	0.005	0.01	0.02
0.1	0.27	0.215	0.125	0.065	0.07	0.06	0.05	0.005	0.02	0.01	0.01
0.08	0.22	0.315	0.165	0.055	0.06	0.025	0.02	0.02	0.01	0.015	0.015
0.115	0.235	0.22	0.195	0.095	0.02	0.05	0	0.02	0.005	0.02	0.025
0.11	0.295	0.185	0.175	0.115	0.035	0.02	0.035	0.005	0.01	0.01	0.005
0.115	0.21	0.305	0.145	0.075	0.06	0.05	0.015	0.015	0.005	0.005	0
0.155	0.255	0.165	0.185	0.075	0.05	0.015	0.04	0.02	0.02	0.005	0.015
0.15	0.305	0.23	0.09	0.09	0.045	0.03	0.02	0.025	0.01	0.005	0
0.155	0.295	0.245	0.09	0.075	0.065	0.02	0.01	0.01	0.015	0.005	0.015
#######LANDINGS DATA#######
1
30
162.503237178326	467.511338721867	765.390118770605	993.035801019768	763.48924930702	1332.88018358061	1282.20781704251	2489.63551024029	1315.4174224969	1519.50881411126	1610.31203515788	1591.58469984496	1099.32985864339	1555.99842763753	1514.12933964667	1287.33559042087	2255.66452935424	1599.68212345362	1469.63632211361	1326.43958852694	1623.52125573871	1079.98650006108	1621.82594126776	1213.217667967	1121.67378078317	959.846762968673	923.448980241565	1215.16275694954	871.386611200331	1278.37341399656
0.01	0.01	0.01	0.01	0.01	0.01	0.01	0.01	0.01	0.01	0.01	0.01	0.01	0.01	0.01	0.01	0.01	0.01	0.01	0.01	0.01	0.01	0.01	0.01	0.01	0.01	0.01	0.01	0.01	0.01
30
1	2	3	4	5	6	7	8	9	10	11	12	13	14	15	16	17	18	19	20	21	22	23	24	25	26	27	28	29	30
200	200	200	200	200	200	200	200	200	200	200	200	200	200	200	200	200	200	200	200	200	200	200	200	200	200	200	200	200	200
200	200	200	200	200	200	200	200	200	200	200	200	200	200	200	200	200	200	200	200	200	200	200	200	200	200	200	200	200	200
0.075	0.065	0.13	0.095	0.14	0.07	0.065	0.065	0.075	0.05	0.04	0.13
0.085	0.1	0.095	0.145	0.125	0.065	0.07	0.055	0.04	0.045	0.045	0.13
0.06	0.125	0.085	0.13	0.115	0.085	0.08	0.06	0.07	0.02	0.04	0.13
0.06	0.09	0.15	0.115	0.1	0.1	0.06	0.105	0.045	0.04	0.02	0.115
0.11	0.075	0.12	0.09	0.08	0.1	0.075	0.1	0.045	0.035	0.015	0.155
0.105	0.14	0.115	0.1	0.125	0.085	0.06	0.05	0.025	0.04	0.045	0.11
0.08	0.08	0.175	0.075	0.125	0.085	0.11	0.04	0.03	0.04	0.025	0.135
0.075	0.095	0.185	0.115	0.115	0.07	0.105	0.015	0.04	0.02	0.035	0.13
0.075	0.18	0.1	0.165	0.125	0.03	0.06	0.06	0.055	0.035	0.02	0.095
0.09	0.09	0.155	0.19	0.11	0.09	0.04	0.075	0.04	0.015	0.03	0.075
0.105	0.1	0.2	0.12	0.105	0.07	0.075	0.035	0.065	0.01	0.025	0.09
0.07	0.165	0.19	0.085	0.125	0.065	0.1	0.04	0.03	0	0.02	0.11
0.09	0.115	0.16	0.17	0.11	0.06	0.06	0.04	0.05	0.025	0.015	0.105
0.09	0.16	0.155	0.12	0.12	0.11	0.04	0.05	0.055	0.025	0.01	0.065
0.13	0.135	0.115	0.165	0.1	0.09	0.085	0.055	0.03	0.025	0.02	0.05
0.145	0.165	0.185	0.12	0.085	0.085	0.045	0.05	0.04	0	0.005	0.075
0.11	0.175	0.14	0.175	0.1	0.085	0.075	0.02	0.02	0.015	0.005	0.08
0.065	0.23	0.21	0.125	0.115	0.04	0.08	0.04	0.02	0.01	0.025	0.04
0.12	0.165	0.195	0.13	0.09	0.095	0.045	0.06	0.015	0.015	0.01	0.06
0.11	0.195	0.18	0.185	0.145	0.055	0.035	0.02	0.04	0.005	0.01	0.02
0.15	0.15	0.215	0.1	0.135	0.065	0.03	0.08	0.02	0.025	0.01	0.02
0.21	0.23	0.13	0.11	0.065	0.085	0.055	0.025	0.03	0.015	0.01	0.035
0.115	0.19	0.265	0.14	0.09	0.05	0.055	0.04	0.01	0.005	0.005	0.035
0.105	0.2	0.19	0.215	0.08	0.075	0.045	0.035	0.01	0.01	0.005	0.03
0.155	0.19	0.205	0.22	0.1	0.04	0.025	0.02	0.02	0.01	0	0.015
0.15	0.205	0.17	0.11	0.15	0.065	0.04	0.035	0.015	0.03	0.005	0.025
0.165	0.145	0.235	0.125	0.13	0.09	0.07	0	0.01	0.005	0.005	0.02
0.23	0.17	0.12	0.155	0.115	0.08	0.075	0.01	0.005	0.005	0.005	0.03
0.165	0.27	0.195	0.13	0.095	0.035	0.025	0.04	0.02	0.015	0	0.01
0.14	0.34	0.18	0.12	0.08	0.055	0.025	0.01	0.025	0.015	0	0.01
#######PARAMETER SECTION#######
800	400	1200	-4	800	-0.25	1
0.18	0.01	1	-4	0.18	-0.25	1
-1.36	-5	-0.001	-4	-1.36	-0.25	1
0.1	0.05	0.3	-4	0.1	-0.25	1
0.2	0.01	0.5	-4	0.2	-0.25	1
0.75	0.20001	1	-3	0.75	-0.25	1
13.815511	-1	200	1	13.815511	-0.25	1
0	-1	1	-4	0	-0.25	1
0.2	1e-04	1.2	-3	0.2	-0.25	1
0	-10	10	-6	0	-1	1
0	-10	10	-6	0	-1	1
2	0	12	-2	2	-0.5	1
1	0	12	-2	1	-0.5	1
2	0	12	-2	2	-0.5	1
1	0	12	-2	1	-0.5	1
1.5	0	12	-2	1.5	-0.5	1
2	0	12	-2	2	-0.5	1
-14.8682006803499	-30	5	1	-14.8682006803499	-1	1
1	0.1	2	-1	1	-1	1
-1.51930887058023	-10	1.39	1	-1.51930887058023	-1	1
#######DEV CONSTRAINTS and DEVS#######
-15	15	2
-15	15	2
-15	15	2
0	0	0	0	0	0	0	0	0	0	0	0	0	0	0	0	0	0	0	0	0	0	0	0	0	0	0	0	0	0
0	0	0	0	0	0	0	0	0	0	0	0	0	0	0	0	0	0	0	0	0	0	0	0	0	0	0	0	0	0
0	0	0	0	0	0	0	0	0	0	0
#######LIKELIHOOD WEIGHTS#######
1
1
1
1
0
1
0
0
0
#######MISCELLANEOUS STUFF SECTION#######
2.5e-08
3
0.5	0.5	0.5	0.5	0.5	0.5	0.5	0.5	0.5	0.5	0.5	0.5
0.0229773699100256	0.320821300824607	0.904650535100891	0.994779874306442	0.999738809680904	0.999986992871533	0.999999352405202	0.999999967758134	0.999999998394772	0.99999999992008	0.999999999996021	0.999999999999802
0.2	0.2	0.2	0.2	0.2	0.2	0.2	0.2	0.2	0.2	0.2	0.2
0
1
10
0.2
1
1	0	0	0	0	0	0	0	0	0	0	0
0	1	0	0	0	0	0	0	0	0	0	0
0	0	1	0	0	0	0	0	0	0	0	0
0	0	0	1	0	0	0	0	0	0	0	0
0	0	0	0	1	0	0	0	0	0	0	0
0	0	0	0	0	1	0	0	0	0	0	0
0	0	0	0	0	0	1	0	0	0	0	0
0	0	0	0	0	0	0	1	0	0	0	0
0	0	0	0	0	0	0	0	1	0	0	0
0	0	0	0	0	0	0	0	0	1	0	0
0	0	0	0	0	0	0	0	0	0	1	0
0	0	0	0	0	0	0	0	0	0	0	1
40
31
2
1
#######END OF DATA FILE#######
999
