#styr																																				
1
#endyr																																			
30
#rec_age																																	
1																																						#n_ages																																		
12
# numbers of length intervals
81
#Length	bin
10	11	12	13	14	15	16	17	18	19	20	21	22	23	24	25	26	27	28	29	30	31	32	33	34	35	36	37	38	39	40	41	42	43	44	45	46	47	48	49	50	51	52	53	54	55	56	57	58	59	60	61	62	63	64	65	66	67	68	69	70	71	72	73	74	75	76	77	78	79	80	81	82	83	84	85	86	87	88	89	90
#nfsh
1
#names_fsh
OM1																																				
#catch																																			
161.864359831531	467.482958274975	758.39260634005	995.085436486434	769.18906080181	1317.90374664668	1275.19425353722	2491.45178832528	1332.7555039439	1531.72431823407	1611.64618602305	1606.80516399643	1112.29620426519	1532.41021411815	1509.64357403497	1277.41046104631	2249.54530345611	1615.4768297662	1456.10559022828	1315.52837628449	1623.17341801377	1080.97271607	1622.35483886627	1206.6906652007	1124.51323252965	962.74338442113	931.382517245063	1216.24168018422	877.74195806357	1278.79662414758
#catch_cv																																		
0.01	0.01	0.01	0.01	0.01	0.01	0.01	0.01	0.01	0.01	0.01	0.01	0.01	0.01	0.01	0.01	0.01	0.01	0.01	0.01	0.01	0.01	0.01	0.01	0.01	0.01	0.01	0.01	0.01	0.01
#n_ages_fsh																															
30																			
#n_lengths_fsh																															
0																																						
#yrs_ages_fsh																																
1	2	3	4	5	6	7	8	9	10	11	12	13	14	15	16	17	18	19	20	21	22	23	24	25	26	27	28	29	30						
#sample_ages_fsh																														
200	200	200	200	200	200	200	200	200	200	200	200	200	200	200	200	200	200	200	200	200	200	200	200	200	200	200	200	200	200
#page_fsh	2	3	4	5	6	7	8	9	10	11																						
0.07	0.065	0.125	0.12	0.1	0.09	0.09	0.06	0.055	0.04	0.035	0.15
0.04	0.12	0.11	0.13	0.085	0.06	0.09	0.08	0.07	0.03	0.035	0.15
0.05	0.11	0.12	0.13	0.11	0.105	0.045	0.035	0.075	0.05	0.025	0.145
0.05	0.105	0.16	0.125	0.13	0.07	0.07	0.065	0.025	0.03	0.03	0.14
0.13	0.1	0.085	0.16	0.1	0.06	0.075	0.065	0.02	0.05	0.025	0.13
0.14	0.145	0.115	0.13	0.12	0.055	0.065	0.035	0.015	0.045	0.02	0.115
0.05	0.175	0.175	0.085	0.075	0.09	0.08	0.065	0.04	0.025	0.025	0.115
0.07	0.125	0.185	0.115	0.085	0.11	0.04	0.05	0.045	0.03	0.015	0.13
0.065	0.145	0.11	0.13	0.11	0.06	0.065	0.06	0.035	0.035	0.04	0.145
0.095	0.17	0.12	0.125	0.085	0.12	0.065	0.04	0.045	0.02	0.015	0.1
0.105	0.115	0.135	0.12	0.11	0.08	0.105	0.035	0.05	0.04	0.02	0.085
0.075	0.13	0.165	0.14	0.1	0.05	0.12	0.065	0.025	0.02	0.04	0.07
0.065	0.14	0.18	0.14	0.125	0.085	0.075	0.04	0.045	0.025	0.02	0.06
0.085	0.125	0.17	0.15	0.145	0.07	0.065	0.035	0.05	0.03	0.01	0.065
0.105	0.165	0.15	0.135	0.115	0.095	0.05	0.05	0.05	0.02	0.02	0.045
0.115	0.14	0.165	0.11	0.1	0.085	0.065	0.06	0.03	0.025	0.035	0.07
0.115	0.185	0.165	0.125	0.105	0.095	0.045	0.04	0.02	0.01	0.02	0.075
0.105	0.225	0.15	0.11	0.125	0.09	0.045	0.045	0.04	0.01	0.01	0.045
0.1	0.185	0.16	0.24	0.075	0.06	0.035	0.05	0.045	0.02	0	0.03
0.095	0.15	0.155	0.22	0.115	0.07	0.07	0.03	0.025	0.015	0.025	0.03
0.2	0.135	0.21	0.095	0.16	0.08	0.02	0.045	0.02	0.01	0.01	0.015
0.21	0.205	0.17	0.11	0.07	0.05	0.04	0.045	0.04	0.005	0.02	0.035
0.12	0.14	0.285	0.125	0.095	0.065	0.065	0.02	0.02	0.02	0.015	0.03
0.09	0.2	0.265	0.22	0.05	0.07	0.01	0.025	0.02	0.015	0.005	0.03
0.245	0.145	0.155	0.22	0.095	0.04	0.035	0.015	0.01	0.02	0.005	0.015
0.145	0.27	0.145	0.15	0.115	0.08	0.035	0.03	0.015	0	0	0.015
0.14	0.15	0.255	0.135	0.125	0.07	0.04	0.025	0.025	0.005	0.025	0.005
0.185	0.205	0.21	0.165	0.07	0.055	0.08	0.02	0.005	0.005	0	0
0.22	0.3	0.15	0.08	0.11	0.035	0.05	0.015	0.01	0.01	0.005	0.015
0.16	0.24	0.24	0.105	0.065	0.09	0.035	0.03	0.005	0.005	0	0.025
#wt_age_fsh	1 2	3	4	5	6	7	8	9	10	11																				
0.000530656	0.001196328	0.002058265	0.003034987	0.004055212	0.005064698	0.006026226	0.006916921	0.007724891	0.008446113	0.009081853	0.009636695
0.000530656	0.001196328	0.002058265	0.003034987	0.004055212	0.005064698	0.006026226	0.006916921	0.007724891	0.008446113	0.009081853	0.009636695
0.000530656	0.001196328	0.002058265	0.003034987	0.004055212	0.005064698	0.006026226	0.006916921	0.007724891	0.008446113	0.009081853	0.009636695
0.000530656	0.001196328	0.002058265	0.003034987	0.004055212	0.005064698	0.006026226	0.006916921	0.007724891	0.008446113	0.009081853	0.009636695
0.000530656	0.001196328	0.002058265	0.003034987	0.004055212	0.005064698	0.006026226	0.006916921	0.007724891	0.008446113	0.009081853	0.009636695
0.000530656	0.001196328	0.002058265	0.003034987	0.004055212	0.005064698	0.006026226	0.006916921	0.007724891	0.008446113	0.009081853	0.009636695
0.000530656	0.001196328	0.002058265	0.003034987	0.004055212	0.005064698	0.006026226	0.006916921	0.007724891	0.008446113	0.009081853	0.009636695
0.000530656	0.001196328	0.002058265	0.003034987	0.004055212	0.005064698	0.006026226	0.006916921	0.007724891	0.008446113	0.009081853	0.009636695
0.000530656	0.001196328	0.002058265	0.003034987	0.004055212	0.005064698	0.006026226	0.006916921	0.007724891	0.008446113	0.009081853	0.009636695
0.000530656	0.001196328	0.002058265	0.003034987	0.004055212	0.005064698	0.006026226	0.006916921	0.007724891	0.008446113	0.009081853	0.009636695
0.000530656	0.001196328	0.002058265	0.003034987	0.004055212	0.005064698	0.006026226	0.006916921	0.007724891	0.008446113	0.009081853	0.009636695
0.000530656	0.001196328	0.002058265	0.003034987	0.004055212	0.005064698	0.006026226	0.006916921	0.007724891	0.008446113	0.009081853	0.009636695
0.000530656	0.001196328	0.002058265	0.003034987	0.004055212	0.005064698	0.006026226	0.006916921	0.007724891	0.008446113	0.009081853	0.009636695
0.000530656	0.001196328	0.002058265	0.003034987	0.004055212	0.005064698	0.006026226	0.006916921	0.007724891	0.008446113	0.009081853	0.009636695
0.000530656	0.001196328	0.002058265	0.003034987	0.004055212	0.005064698	0.006026226	0.006916921	0.007724891	0.008446113	0.009081853	0.009636695
0.000530656	0.001196328	0.002058265	0.003034987	0.004055212	0.005064698	0.006026226	0.006916921	0.007724891	0.008446113	0.009081853	0.009636695
0.000530656	0.001196328	0.002058265	0.003034987	0.004055212	0.005064698	0.006026226	0.006916921	0.007724891	0.008446113	0.009081853	0.009636695
0.000530656	0.001196328	0.002058265	0.003034987	0.004055212	0.005064698	0.006026226	0.006916921	0.007724891	0.008446113	0.009081853	0.009636695
0.000530656	0.001196328	0.002058265	0.003034987	0.004055212	0.005064698	0.006026226	0.006916921	0.007724891	0.008446113	0.009081853	0.009636695
0.000530656	0.001196328	0.002058265	0.003034987	0.004055212	0.005064698	0.006026226	0.006916921	0.007724891	0.008446113	0.009081853	0.009636695
0.000530656	0.001196328	0.002058265	0.003034987	0.004055212	0.005064698	0.006026226	0.006916921	0.007724891	0.008446113	0.009081853	0.009636695
0.000530656	0.001196328	0.002058265	0.003034987	0.004055212	0.005064698	0.006026226	0.006916921	0.007724891	0.008446113	0.009081853	0.009636695
0.000530656	0.001196328	0.002058265	0.003034987	0.004055212	0.005064698	0.006026226	0.006916921	0.007724891	0.008446113	0.009081853	0.009636695
0.000530656	0.001196328	0.002058265	0.003034987	0.004055212	0.005064698	0.006026226	0.006916921	0.007724891	0.008446113	0.009081853	0.009636695
0.000530656	0.001196328	0.002058265	0.003034987	0.004055212	0.005064698	0.006026226	0.006916921	0.007724891	0.008446113	0.009081853	0.009636695
0.000530656	0.001196328	0.002058265	0.003034987	0.004055212	0.005064698	0.006026226	0.006916921	0.007724891	0.008446113	0.009081853	0.009636695
0.000530656	0.001196328	0.002058265	0.003034987	0.004055212	0.005064698	0.006026226	0.006916921	0.007724891	0.008446113	0.009081853	0.009636695
0.000530656	0.001196328	0.002058265	0.003034987	0.004055212	0.005064698	0.006026226	0.006916921	0.007724891	0.008446113	0.009081853	0.009636695
0.000530656	0.001196328	0.002058265	0.003034987	0.004055212	0.005064698	0.006026226	0.006916921	0.007724891	0.008446113	0.009081853	0.009636695
0.000530656	0.001196328	0.002058265	0.003034987	0.004055212	0.005064698	0.006026226	0.006916921	0.007724891	0.008446113	0.009081853	0.009636695

#nind
1
#ind_names																																	
survey_index1																																
#nobs_ind
30
#yrs_ind																																		
1	2	3	4	5	6	7	8	9	10	11	12	13	14	15	16	17	18	19	20	21	22	23	24	25	26	27	28	29	30	
#month_ind																																	
1																																						
#biom_ind																																		
1.78516024226283	1.3940190500672	1.57329542439153	1.45389266360944	1.62360469320608	1.69539083992466	1.53972041069396	1.38924471043881	1.27905144881872	1.22876254441148	1.25047876172603	1.30291212269404	1.06003355175251	0.928897271077308	1.13718647068999	0.937066667620671	0.900780944392881	1.05797832651492	0.698561767945466	0.72286864721884	0.687250302677964	0.710700350915691	0.754816520478601	0.700233154158898	0.546163602637438	0.580160999762277	0.518797254245335	0.549139052710936	0.446018762800742	0.50174329839072
#biom_cv																				
0.357032048452566	0.27880381001344	0.314659084878305	0.290778532721889	0.324720938641216	0.339078167984933	0.307944082138793	0.277848942087762	0.255810289763744	0.245752508882295	0.250095752345205	0.260582424538808	0.212006710350502	0.185779454215462	0.227437294137998	0.187413333524134	0.180156188878576	0.211595665302984	0.139712353589093	0.144573729443768	0.137450060535593	0.142140070183138	0.15096330409572	0.14004663083178	0.109232720527488	0.116032199952455	0.103759450849067	0.109827810542187	0.0892037525601485	0.100348659678144
#n_ages_ind																																	
30			
#n_lengths_ind																															
0																																						
#yrs_ages_ind																																
1	2	3	4	5	6	7	8	9	10	11	12	13	14	15	16	17	18	19	20	21	22	23	24	25	26	27	28	29	30																						
#sample_ages_ind																														
200	200	200	200	200	200	200	200	200	200	200	200	200	200	200	200	200	200	200	200	200	200	200	200	200	200	200	200	200	200
#page_ind																																		
0.12	0.115	0.125	0.14	0.1	0.115	0.035	0.03	0.05	0.015	0.025	0.13
0.07	0.11	0.155	0.115	0.1	0.07	0.09	0.06	0.035	0.03	0.015	0.15
0.04	0.145	0.17	0.115	0.095	0.075	0.085	0.04	0.03	0.035	0.02	0.15
0.085	0.085	0.195	0.13	0.08	0.105	0.08	0.055	0.02	0.015	0.05	0.1
0.12	0.125	0.13	0.135	0.1	0.095	0.055	0.04	0.05	0.045	0.025	0.08
0.09	0.2	0.125	0.11	0.08	0.085	0.075	0.045	0.04	0.025	0.035	0.09
0.045	0.18	0.215	0.075	0.105	0.05	0.095	0.05	0.04	0.04	0.035	0.07
0.08	0.165	0.24	0.16	0.055	0.075	0.05	0.015	0.015	0.04	0.025	0.08
0.07	0.185	0.13	0.14	0.11	0.08	0.04	0.065	0.045	0.015	0.02	0.1
0.095	0.155	0.2	0.095	0.13	0.105	0.04	0.065	0.05	0	0.025	0.04
0.095	0.165	0.15	0.175	0.105	0.065	0.085	0.04	0	0.015	0.03	0.075
0.055	0.225	0.17	0.105	0.155	0.075	0.06	0.03	0.03	0.015	0.02	0.06
0.075	0.155	0.245	0.13	0.105	0.055	0.045	0.055	0.04	0.015	0.01	0.07
0.11	0.165	0.14	0.135	0.095	0.085	0.06	0.055	0.05	0.045	0.01	0.05
0.07	0.21	0.195	0.11	0.095	0.08	0.05	0.05	0.04	0.025	0.025	0.05
0.125	0.185	0.175	0.12	0.1	0.07	0.105	0.035	0.01	0.01	0.015	0.05
0.11	0.245	0.19	0.15	0.055	0.045	0.07	0.055	0.02	0.015	0.01	0.035
0.08	0.19	0.185	0.175	0.105	0.065	0.04	0.07	0.03	0.02	0.005	0.035
0.07	0.145	0.23	0.185	0.12	0.07	0.055	0.03	0.01	0.025	0.01	0.05
0.07	0.19	0.205	0.18	0.17	0.045	0.055	0.02	0.01	0.005	0.015	0.035
0.18	0.17	0.18	0.085	0.135	0.075	0.065	0.025	0.035	0.015	0.005	0.03
0.125	0.295	0.185	0.105	0.09	0.055	0.035	0.03	0.02	0.03	0.005	0.025
0.105	0.275	0.275	0.11	0.095	0.045	0.035	0.015	0.025	0.005	0	0.015
0.105	0.23	0.26	0.205	0.06	0.05	0.025	0.03	0.01	0.01	0.015	0
0.12	0.22	0.19	0.195	0.08	0.08	0.05	0.01	0.015	0.02	0	0.02
0.15	0.27	0.195	0.165	0.11	0.045	0.025	0.01	0.01	0.005	0.005	0.01
0.11	0.2	0.3	0.155	0.13	0.025	0.03	0.005	0.015	0.005	0.005	0.02
0.125	0.2	0.22	0.18	0.095	0.09	0.035	0.035	0.005	0.01	0	0.005
0.17	0.285	0.205	0.105	0.125	0.04	0.01	0.025	0.025	0	0	0.01
0.145	0.27	0.245	0.115	0.065	0.085	0.025	0.015	0.015	0.005	0.005	0.01
#wt_age_ind																																	
1 1 1 1 1 1 1 1 1 1 1 1 
1 1 1 1 1 1 1 1 1 1 1 1 
1 1 1 1 1 1 1 1 1 1 1 1 
1 1 1 1 1 1 1 1 1 1 1 1 
1 1 1 1 1 1 1 1 1 1 1 1 
1 1 1 1 1 1 1 1 1 1 1 1 
1 1 1 1 1 1 1 1 1 1 1 1 
1 1 1 1 1 1 1 1 1 1 1 1 
1 1 1 1 1 1 1 1 1 1 1 1 
1 1 1 1 1 1 1 1 1 1 1 1 
1 1 1 1 1 1 1 1 1 1 1 1 
1 1 1 1 1 1 1 1 1 1 1 1 
1 1 1 1 1 1 1 1 1 1 1 1 
1 1 1 1 1 1 1 1 1 1 1 1 
1 1 1 1 1 1 1 1 1 1 1 1 
1 1 1 1 1 1 1 1 1 1 1 1 
1 1 1 1 1 1 1 1 1 1 1 1 
1 1 1 1 1 1 1 1 1 1 1 1 
1 1 1 1 1 1 1 1 1 1 1 1 
1 1 1 1 1 1 1 1 1 1 1 1 
1 1 1 1 1 1 1 1 1 1 1 1 
1 1 1 1 1 1 1 1 1 1 1 1 
1 1 1 1 1 1 1 1 1 1 1 1 
1 1 1 1 1 1 1 1 1 1 1 1 
1 1 1 1 1 1 1 1 1 1 1 1 
1 1 1 1 1 1 1 1 1 1 1 1 
1 1 1 1 1 1 1 1 1 1 1 1 
1 1 1 1 1 1 1 1 1 1 1 1 
1 1 1 1 1 1 1 1 1 1 1 1 
1 1 1 1 1 1 1 1 1 1 1 1 
# wt_pop
0.000530656	0.001196328	0.002058265	0.003034987	0.004055212	0.005064698	0.006026226	0.006916921	0.007724891	0.008446113	0.009081853	0.009636695
#maturity
0.02297737 0.32082130 0.90465054 0.99477987 0.99973881 0.99998699 0.99999935 0.99999997 1 1 1 1
#spmonth																																		
1		
#age_err																																		
1	0	0	0	0	0	0	0	0	0	0	0
0	1	0	0	0	0	0	0	0	0	0	0
0	0	1	0	0	0	0	0	0	0	0	0
0	0	0	1	0	0	0	0	0	0	0	0
0	0	0	0	1	0	0	0	0	0	0	0
0	0	0	0	0	1	0	0	0	0	0	0
0	0	0	0	0	0	1	0	0	0	0	0
0	0	0	0	0	0	0	1	0	0	0	0
0	0	0	0	0	0	0	0	1	0	0	0
0	0	0	0	0	0	0	0	0	1	0	0
0	0	0	0	0	0	0	0	0	0	1	0
0	0	0	0	0	0	0	0	0	0	0	1																														
