#######GENERAL HEADER INPUT#######
1
30
1
30
1
30
30
12
1	2	3	4	5	6	7	8	9	10	11	12
12
1	2	3	4	5	6	7	8	9	10	11	12
1
101
1
1
#######SURVEY DATA#######
30
1	2	3	4	5	6	7	8	9	10	11	12	13	14	15	16	17	18	19	20	21	22	23	24	25	26	27	28	29	30
1.58286164427094	1.90375289587272	1.61999154743186	1.31040644084739	1.80732953041042	1.32799855735192	1.15465165830855	1.45358377294175	1.21094025803129	1.20037301190514	1.03777736512819	1.0157021224799	1.17551468331277	1.06771229518623	1.05993202978442	1.06872383390307	0.949907221096597	0.868437565374924	0.787535496656775	0.876198691321922	0.629065730389857	0.682866423096968	0.646280594726723	0.703279796801975	0.545517015578176	0.549543976796432	0.532081523689309	0.479751026021962	0.481991749077316	0.503692526309451
0.2	0.2	0.2	0.2	0.2	0.2	0.2	0.2	0.2	0.2	0.2	0.2	0.2	0.2	0.2	0.2	0.2	0.2	0.2	0.2	0.2	0.2	0.2	0.2	0.2	0.2	0.2	0.2	0.2	0.2
30
1	2	3	4	5	6	7	8	9	10	11	12	13	14	15	16	17	18	19	20	21	22	23	24	25	26	27	28	29	30
200	200	200	200	200	200	200	200	200	200	200	200	200	200	200	200	200	200	200	200	200	200	200	200	200	200	200	200	200	200
200	200	200	200	200	200	200	200	200	200	200	200	200	200	200	200	200	200	200	200	200	200	200	200	200	200	200	200	200	200
0.06	0.14	0.14	0.12	0.11	0.09	0.06	0.035	0.05	0.04	0.015	0.14
0.07	0.145	0.165	0.19	0.085	0.07	0.065	0.025	0.03	0.015	0.015	0.125
0.085	0.145	0.155	0.155	0.115	0.055	0.05	0.035	0.05	0.03	0.025	0.1
0.03	0.2	0.205	0.075	0.09	0.08	0.07	0.045	0.055	0.04	0.015	0.095
0.1	0.15	0.12	0.13	0.075	0.085	0.095	0.04	0.035	0.05	0.025	0.095
0.14	0.165	0.1	0.14	0.11	0.045	0.05	0.05	0.035	0.055	0.02	0.09
0.075	0.18	0.2	0.065	0.07	0.1	0.07	0.05	0.045	0.015	0.02	0.11
0.075	0.11	0.22	0.155	0.075	0.06	0.09	0.035	0.04	0.055	0.02	0.065
0.06	0.165	0.13	0.18	0.12	0.07	0.065	0.05	0.025	0.045	0.01	0.08
0.04	0.155	0.185	0.165	0.11	0.115	0.03	0.05	0.03	0.04	0.025	0.055
0.11	0.175	0.17	0.185	0.105	0.08	0.06	0	0.015	0.02	0.02	0.06
0.08	0.18	0.135	0.175	0.105	0.075	0.085	0.04	0.04	0.01	0.015	0.06
0.075	0.145	0.205	0.145	0.08	0.095	0.045	0.065	0.055	0.02	0.02	0.05
0.08	0.135	0.14	0.16	0.13	0.065	0.075	0.06	0.075	0.035	0.01	0.035
0.09	0.19	0.13	0.145	0.125	0.1	0.07	0.035	0.025	0.015	0.01	0.065
0.105	0.2	0.195	0.105	0.1	0.1	0.055	0.015	0.025	0.02	0.025	0.055
0.1	0.155	0.16	0.17	0.13	0.055	0.07	0.035	0.025	0.03	0	0.07
0.055	0.21	0.21	0.145	0.165	0.06	0.04	0.03	0.015	0.025	0.005	0.04
0.085	0.19	0.23	0.185	0.11	0.06	0.035	0.015	0.035	0.02	0.01	0.025
0.05	0.205	0.14	0.225	0.105	0.065	0.065	0.045	0.04	0.02	0.005	0.035
0.12	0.13	0.26	0.14	0.125	0.065	0.055	0.04	0.015	0.015	0.015	0.02
0.15	0.24	0.185	0.11	0.04	0.1	0.05	0.04	0.01	0.015	0.02	0.04
0.105	0.28	0.22	0.13	0.1	0.03	0.045	0.035	0.01	0.005	0.005	0.035
0.11	0.195	0.265	0.16	0.1	0.075	0.035	0.035	0.01	0.005	0	0.01
0.105	0.25	0.21	0.175	0.14	0.015	0.055	0	0.015	0.02	0.01	0.005
0.1	0.275	0.21	0.125	0.09	0.075	0.035	0.045	0	0.015	0.01	0.02
0.13	0.23	0.265	0.135	0.08	0.08	0.035	0.025	0.015	0	0	0.005
0.15	0.24	0.22	0.135	0.1	0.05	0.025	0.03	0.015	0.005	0	0.03
0.165	0.285	0.17	0.135	0.135	0.035	0.015	0.02	0.02	0.005	0.005	0.01
0.1	0.315	0.225	0.155	0.075	0.06	0.02	0	0.015	0.025	0	0.01
#######LANDINGS DATA#######
1
30
160.054790627354	469.473976744236	755.924053496859	995.214383189927	767.386765511996	1329.44028390187	1289.26736586404	2486.58269254558	1319.09841211377	1531.96165806879	1607.11733964585	1612.49170846848	1094.35201984062	1523.89830541083	1514.00113523038	1262.90693415223	2259.79718518064	1618.17403258282	1464.94807883144	1309.75486081079	1616.76969637417	1070.49799668921	1623.26472073336	1203.051265087	1102.49317518883	959.663955368632	931.73557806445	1198.03158536346	874.440530596426	1276.06123330651
0.01	0.01	0.01	0.01	0.01	0.01	0.01	0.01	0.01	0.01	0.01	0.01	0.01	0.01	0.01	0.01	0.01	0.01	0.01	0.01	0.01	0.01	0.01	0.01	0.01	0.01	0.01	0.01	0.01	0.01
30
1	2	3	4	5	6	7	8	9	10	11	12	13	14	15	16	17	18	19	20	21	22	23	24	25	26	27	28	29	30
200	200	200	200	200	200	200	200	200	200	200	200	200	200	200	200	200	200	200	200	200	200	200	200	200	200	200	200	200	200
200	200	200	200	200	200	200	200	200	200	200	200	200	200	200	200	200	200	200	200	200	200	200	200	200	200	200	200	200	200
0.07	0.12	0.11	0.115	0.125	0.065	0.05	0.065	0.035	0.04	0.05	0.155
0.14	0.125	0.125	0.095	0.075	0.085	0.08	0.055	0.06	0.04	0.025	0.095
0.075	0.135	0.095	0.095	0.145	0.09	0.085	0.055	0.05	0.02	0.02	0.135
0.025	0.12	0.16	0.095	0.09	0.12	0.06	0.05	0.045	0.055	0.05	0.13
0.09	0.075	0.14	0.11	0.1	0.055	0.1	0.06	0.035	0.04	0.035	0.16
0.09	0.165	0.045	0.09	0.14	0.08	0.07	0.065	0.065	0.05	0.025	0.115
0.06	0.145	0.17	0.105	0.06	0.095	0.075	0.08	0.05	0.03	0.035	0.095
0.095	0.135	0.135	0.175	0.055	0.075	0.06	0.075	0.045	0.05	0	0.1
0.09	0.145	0.14	0.155	0.13	0.03	0.08	0.06	0.04	0.03	0.015	0.085
0.1	0.125	0.13	0.15	0.13	0.09	0.05	0.04	0.045	0.02	0.015	0.105
0.12	0.16	0.12	0.155	0.085	0.095	0.065	0.06	0.015	0.03	0.015	0.08
0.07	0.13	0.18	0.13	0.105	0.07	0.09	0.065	0.03	0.01	0.035	0.085
0.09	0.085	0.2	0.14	0.11	0.075	0.03	0.055	0.095	0.025	0	0.095
0.1	0.125	0.145	0.21	0.085	0.11	0.07	0.04	0.015	0.05	0.015	0.035
0.08	0.115	0.12	0.14	0.115	0.13	0.055	0.075	0.035	0.04	0.045	0.05
0.145	0.135	0.155	0.135	0.115	0.075	0.075	0.025	0.035	0.015	0.03	0.06
0.145	0.165	0.13	0.18	0.075	0.065	0.055	0.055	0.04	0.025	0.005	0.06
0.105	0.155	0.165	0.17	0.12	0.07	0.05	0.035	0.03	0.02	0.005	0.075
0.175	0.15	0.195	0.155	0.08	0.085	0.05	0.02	0.025	0.01	0	0.055
0.09	0.18	0.19	0.15	0.105	0.06	0.035	0.035	0.03	0.015	0.045	0.065
0.2	0.145	0.16	0.12	0.12	0.12	0.035	0.02	0.005	0.03	0	0.045
0.15	0.285	0.1	0.14	0.1	0.085	0.05	0.035	0.01	0.02	0.005	0.02
0.09	0.21	0.245	0.115	0.075	0.065	0.06	0.055	0.015	0.02	0.005	0.045
0.13	0.19	0.23	0.17	0.08	0.055	0.025	0.04	0.035	0.015	0.015	0.015
0.15	0.21	0.18	0.185	0.135	0.045	0.025	0.02	0.02	0.015	0	0.015
0.16	0.195	0.16	0.14	0.14	0.115	0.015	0.02	0.02	0.005	0.015	0.015
0.15	0.16	0.275	0.155	0.09	0.05	0.07	0.015	0.02	0.005	0.005	0.005
0.2	0.19	0.11	0.2	0.1	0.045	0.09	0.035	0.01	0.01	0	0.01
0.2	0.26	0.175	0.115	0.09	0.03	0.055	0.035	0.02	0.005	0	0.015
0.145	0.235	0.27	0.15	0.05	0.065	0.01	0.02	0.03	0.01	0	0.015
#######PARAMETER SECTION#######
800	400	1200	-4	800	-0.25	1
0.18	0.01	1	-4	0.18	-0.25	1
-1.36	-5	-0.001	-4	-1.36	-0.25	1
0.1	0.05	0.3	-4	0.1	-0.25	1
0.2	0.01	0.5	-4	0.2	-0.25	1
0.75	0.20001	1	-3	0.75	-0.25	1
13.815511	-1	200	1	13.815511	-0.25	1
0	-1	1	-4	0	-0.25	1
0.2	1e-04	1.2	-3	0.2	-0.25	1
0	-10	10	-6	0	-1	1
0	-10	10	-6	0	-1	1
2	0	12	-2	2	-0.5	1
1	0	12	-2	1	-0.5	1
2	0	12	-2	2	-0.5	1
1	0	12	-2	1	-0.5	1
1.5	0	12	-2	1.5	-0.5	1
2	0	12	-2	2	-0.5	1
-14.8682006803499	-30	5	1	-14.8682006803499	-1	1
1	0.1	2	-1	1	-1	1
-1.51930887058023	-10	1.39	1	-1.51930887058023	-1	1
#######DEV CONSTRAINTS and DEVS#######
-15	15	2
-15	15	2
-15	15	2
0	0	0	0	0	0	0	0	0	0	0	0	0	0	0	0	0	0	0	0	0	0	0	0	0	0	0	0	0	0
0	0	0	0	0	0	0	0	0	0	0	0	0	0	0	0	0	0	0	0	0	0	0	0	0	0	0	0	0	0
0	0	0	0	0	0	0	0	0	0	0
#######LIKELIHOOD WEIGHTS#######
1
1
1
1
0
1
0
0
0
#######MISCELLANEOUS STUFF SECTION#######
2.5e-08
3
0.5	0.5	0.5	0.5	0.5	0.5	0.5	0.5	0.5	0.5	0.5	0.5
0.0229773699100256	0.320821300824607	0.904650535100891	0.994779874306442	0.999738809680904	0.999986992871533	0.999999352405202	0.999999967758134	0.999999998394772	0.99999999992008	0.999999999996021	0.999999999999802
0.2	0.2	0.2	0.2	0.2	0.2	0.2	0.2	0.2	0.2	0.2	0.2
0
1
10
0.2
1
1	0	0	0	0	0	0	0	0	0	0	0
0	1	0	0	0	0	0	0	0	0	0	0
0	0	1	0	0	0	0	0	0	0	0	0
0	0	0	1	0	0	0	0	0	0	0	0
0	0	0	0	1	0	0	0	0	0	0	0
0	0	0	0	0	1	0	0	0	0	0	0
0	0	0	0	0	0	1	0	0	0	0	0
0	0	0	0	0	0	0	1	0	0	0	0
0	0	0	0	0	0	0	0	1	0	0	0
0	0	0	0	0	0	0	0	0	1	0	0
0	0	0	0	0	0	0	0	0	0	1	0
0	0	0	0	0	0	0	0	0	0	0	1
40
31
2
1
#######END OF DATA FILE#######
999
