#######GENERAL HEADER INPUT#######
1
30
1
30
1
30
30
12
1	2	3	4	5	6	7	8	9	10	11	12
12
1	2	3	4	5	6	7	8	9	10	11	12
1
101
1
1
#######SURVEY DATA#######
30
1	2	3	4	5	6	7	8	9	10	11	12	13	14	15	16	17	18	19	20	21	22	23	24	25	26	27	28	29	30
1.69842717179363	1.77072050369317	1.54663052078141	1.36926462822359	1.35825458404991	1.30087413543654	1.57701649167432	1.52638673534603	1.06636772080445	1.05896381056355	0.981829767047916	1.25278168355202	1.2371042591845	1.00431265020281	1.11086674849133	1.0767203243149	0.918675611263797	0.801416239741722	0.811153076696278	0.590329333011772	0.734213188005988	0.72835403106529	0.622403142717479	0.57735930826664	0.559157873749793	0.477532202689373	0.597417774864316	0.523686195208245	0.486683561227588	0.431449933236497
0.2	0.2	0.2	0.2	0.2	0.2	0.2	0.2	0.2	0.2	0.2	0.2	0.2	0.2	0.2	0.2	0.2	0.2	0.2	0.2	0.2	0.2	0.2	0.2	0.2	0.2	0.2	0.2	0.2	0.2
30
1	2	3	4	5	6	7	8	9	10	11	12	13	14	15	16	17	18	19	20	21	22	23	24	25	26	27	28	29	30
200	200	200	200	200	200	200	200	200	200	200	200	200	200	200	200	200	200	200	200	200	200	200	200	200	200	200	200	200	200
200	200	200	200	200	200	200	200	200	200	200	200	200	200	200	200	200	200	200	200	200	200	200	200	200	200	200	200	200	200
0.04	0.195	0.13	0.13	0.08	0.07	0.075	0.055	0.04	0.05	0.02	0.115
0.065	0.135	0.13	0.1	0.115	0.065	0.045	0.07	0.075	0.02	0.025	0.155
0.09	0.15	0.135	0.13	0.1	0.105	0.045	0.065	0.03	0.035	0.005	0.11
0.09	0.18	0.15	0.145	0.06	0.055	0.07	0.02	0.05	0.04	0.03	0.11
0.085	0.115	0.15	0.145	0.105	0.08	0.065	0.07	0.05	0.035	0.015	0.085
0.1	0.18	0.09	0.1	0.165	0.065	0.075	0.04	0.04	0.02	0.015	0.11
0.08	0.15	0.195	0.105	0.07	0.045	0.11	0.035	0.035	0.03	0.035	0.11
0.09	0.085	0.2	0.155	0.06	0.08	0.07	0.04	0.05	0.035	0.015	0.12
0.03	0.2	0.15	0.12	0.16	0.055	0.07	0.035	0.045	0.035	0.02	0.08
0.05	0.205	0.19	0.11	0.125	0.105	0.03	0.035	0.035	0.05	0.02	0.045
0.1	0.19	0.17	0.115	0.095	0.06	0.095	0.04	0.035	0.02	0.005	0.075
0.055	0.18	0.18	0.145	0.12	0.05	0.07	0.075	0.01	0.015	0.045	0.055
0.07	0.14	0.185	0.135	0.075	0.09	0.09	0.035	0.03	0.04	0.03	0.08
0.1	0.2	0.12	0.15	0.115	0.065	0.055	0.05	0.03	0.035	0.025	0.055
0.1	0.14	0.19	0.1	0.115	0.08	0.07	0.08	0.03	0.03	0.02	0.045
0.135	0.15	0.2	0.135	0.09	0.075	0.075	0.035	0.035	0.02	0.005	0.045
0.1	0.22	0.155	0.2	0.09	0.04	0.065	0.015	0.02	0.025	0.02	0.05
0.07	0.21	0.225	0.14	0.085	0.065	0.045	0.04	0.04	0.015	0.015	0.05
0.09	0.15	0.21	0.18	0.155	0.075	0.035	0.03	0.01	0.02	0.005	0.04
0.1	0.22	0.17	0.185	0.105	0.075	0.035	0.025	0.02	0.025	0.02	0.02
0.15	0.13	0.21	0.11	0.12	0.075	0.08	0.02	0.02	0.01	0.015	0.06
0.165	0.26	0.165	0.16	0.09	0.055	0.05	0.015	0.005	0.015	0	0.02
0.115	0.245	0.26	0.13	0.1	0.045	0.025	0.03	0.01	0.005	0	0.035
0.13	0.215	0.28	0.145	0.07	0.055	0.025	0.04	0.01	0.005	0.01	0.015
0.165	0.17	0.24	0.15	0.12	0.06	0.035	0.02	0.015	0	0.005	0.02
0.105	0.29	0.225	0.12	0.11	0.065	0.03	0.015	0.02	0.01	0.005	0.005
0.11	0.21	0.235	0.155	0.1	0.065	0.075	0.025	0	0.005	0	0.02
0.195	0.225	0.2	0.175	0.07	0.055	0.025	0.03	0.015	0.005	0.005	0
0.16	0.315	0.18	0.095	0.105	0.04	0.035	0.025	0.02	0.005	0	0.02
0.13	0.315	0.21	0.14	0.085	0.045	0.025	0.01	0.015	0.005	0.01	0.01
#######LANDINGS DATA#######
1
30
159.941720023548	463.289063921875	759.240290287253	987.869672042171	773.091754469733	1316.8037842967	1280.5664432417	2497.19434440643	1323.39611726694	1538.8664546394	1618.22737723087	1615.58655367694	1103.15270659359	1535.27367534758	1508.1001446688	1288.39521348375	2243.55835027662	1602.59078516334	1471.53568870172	1327.4498792265	1627.52676938316	1085.67126182996	1628.83925567582	1201.52818114941	1111.52565179697	968.19619560802	921.311706188392	1217.52066248114	877.240167993063	1274.10724488033
0.01	0.01	0.01	0.01	0.01	0.01	0.01	0.01	0.01	0.01	0.01	0.01	0.01	0.01	0.01	0.01	0.01	0.01	0.01	0.01	0.01	0.01	0.01	0.01	0.01	0.01	0.01	0.01	0.01	0.01
30
1	2	3	4	5	6	7	8	9	10	11	12	13	14	15	16	17	18	19	20	21	22	23	24	25	26	27	28	29	30
200	200	200	200	200	200	200	200	200	200	200	200	200	200	200	200	200	200	200	200	200	200	200	200	200	200	200	200	200	200
200	200	200	200	200	200	200	200	200	200	200	200	200	200	200	200	200	200	200	200	200	200	200	200	200	200	200	200	200	200
0.06	0.095	0.095	0.14	0.145	0.1	0.075	0.095	0.035	0.02	0.03	0.11
0.065	0.1	0.12	0.11	0.115	0.045	0.055	0.075	0.09	0.05	0.045	0.13
0.055	0.145	0.125	0.14	0.12	0.05	0.085	0.07	0.04	0.005	0.055	0.11
0.055	0.085	0.12	0.12	0.13	0.1	0.07	0.055	0.05	0.05	0.015	0.15
0.085	0.1	0.11	0.14	0.09	0.065	0.07	0.075	0.045	0.06	0.03	0.13
0.1	0.145	0.12	0.08	0.115	0.055	0.075	0.075	0.035	0.015	0.04	0.145
0.085	0.18	0.16	0.105	0.105	0.1	0.065	0.025	0.005	0	0.015	0.155
0.08	0.125	0.2	0.115	0.085	0.04	0.075	0.07	0.05	0.025	0.035	0.1
0.07	0.125	0.13	0.175	0.12	0.105	0.065	0.04	0.03	0.05	0.015	0.075
0.11	0.125	0.165	0.085	0.095	0.09	0.065	0.05	0.03	0.02	0.035	0.13
0.08	0.19	0.095	0.16	0.085	0.12	0.07	0.045	0.035	0.03	0.015	0.075
0.06	0.13	0.155	0.12	0.105	0.09	0.09	0.085	0.03	0.025	0.04	0.07
0.085	0.12	0.12	0.19	0.12	0.095	0.08	0.055	0.035	0.01	0.015	0.075
0.12	0.145	0.135	0.155	0.13	0.075	0.06	0.045	0.025	0.02	0.025	0.065
0.085	0.125	0.14	0.16	0.16	0.11	0.055	0.03	0.03	0.02	0.03	0.055
0.1	0.15	0.15	0.15	0.075	0.115	0.07	0.05	0.025	0.02	0.04	0.055
0.095	0.185	0.165	0.145	0.115	0.085	0.06	0.06	0.02	0.015	0.01	0.045
0.12	0.175	0.22	0.115	0.095	0.095	0.05	0.035	0.025	0.005	0.025	0.04
0.07	0.14	0.24	0.19	0.085	0.07	0.075	0.03	0.015	0.045	0	0.04
0.095	0.17	0.15	0.21	0.13	0.06	0.055	0.02	0.03	0.02	0.015	0.045
0.14	0.145	0.185	0.165	0.155	0.055	0.065	0.02	0.01	0.02	0.01	0.03
0.2	0.21	0.115	0.13	0.115	0.06	0.075	0.04	0.02	0.01	0.005	0.02
0.095	0.22	0.2	0.13	0.16	0.07	0.025	0.04	0.02	0.01	0	0.03
0.14	0.2	0.25	0.18	0.055	0.06	0.05	0.015	0.01	0.01	0.005	0.025
0.22	0.15	0.125	0.205	0.1	0.07	0.03	0.01	0.035	0.015	0.005	0.035
0.13	0.225	0.18	0.135	0.12	0.09	0.02	0.035	0.005	0.02	0.005	0.035
0.165	0.19	0.22	0.145	0.07	0.11	0.045	0.015	0.01	0.005	0.005	0.02
0.125	0.2	0.175	0.175	0.11	0.08	0.03	0.05	0.025	0.005	0.005	0.02
0.19	0.23	0.195	0.125	0.1	0.045	0.045	0.04	0.01	0	0	0.02
0.205	0.245	0.23	0.135	0.045	0.055	0.03	0.025	0.01	0	0.005	0.015
#######PARAMETER SECTION#######
800	400	1200	-4	800	-0.25	1
0.18	0.01	1	-4	0.18	-0.25	1
-1.36	-5	-0.001	-4	-1.36	-0.25	1
0.1	0.05	0.3	-4	0.1	-0.25	1
0.2	0.01	0.5	-4	0.2	-0.25	1
0.75	0.20001	1	-3	0.75	-0.25	1
13.815511	-1	200	1	13.815511	-0.25	1
0	-1	1	-4	0	-0.25	1
0.2	1e-04	1.2	-3	0.2	-0.25	1
0	-10	10	-6	0	-1	1
0	-10	10	-6	0	-1	1
2	0	12	-2	2	-0.5	1
1	0	12	-2	1	-0.5	1
2	0	12	-2	2	-0.5	1
1	0	12	-2	1	-0.5	1
1.5	0	12	-2	1.5	-0.5	1
2	0	12	-2	2	-0.5	1
-14.8682006803499	-30	5	1	-14.8682006803499	-1	1
1	0.1	2	-1	1	-1	1
-1.51930887058023	-10	1.39	1	-1.51930887058023	-1	1
#######DEV CONSTRAINTS and DEVS#######
-15	15	2
-15	15	2
-15	15	2
0	0	0	0	0	0	0	0	0	0	0	0	0	0	0	0	0	0	0	0	0	0	0	0	0	0	0	0	0	0
0	0	0	0	0	0	0	0	0	0	0	0	0	0	0	0	0	0	0	0	0	0	0	0	0	0	0	0	0	0
0	0	0	0	0	0	0	0	0	0	0
#######LIKELIHOOD WEIGHTS#######
1
1
1
1
0
1
0
0
0
#######MISCELLANEOUS STUFF SECTION#######
2.5e-08
3
0.5	0.5	0.5	0.5	0.5	0.5	0.5	0.5	0.5	0.5	0.5	0.5
0.0229773699100256	0.320821300824607	0.904650535100891	0.994779874306442	0.999738809680904	0.999986992871533	0.999999352405202	0.999999967758134	0.999999998394772	0.99999999992008	0.999999999996021	0.999999999999802
0.2	0.2	0.2	0.2	0.2	0.2	0.2	0.2	0.2	0.2	0.2	0.2
0
1
10
0.2
1
1	0	0	0	0	0	0	0	0	0	0	0
0	1	0	0	0	0	0	0	0	0	0	0
0	0	1	0	0	0	0	0	0	0	0	0
0	0	0	1	0	0	0	0	0	0	0	0
0	0	0	0	1	0	0	0	0	0	0	0
0	0	0	0	0	1	0	0	0	0	0	0
0	0	0	0	0	0	1	0	0	0	0	0
0	0	0	0	0	0	0	1	0	0	0	0
0	0	0	0	0	0	0	0	1	0	0	0
0	0	0	0	0	0	0	0	0	1	0	0
0	0	0	0	0	0	0	0	0	0	1	0
0	0	0	0	0	0	0	0	0	0	0	1
40
31
2
1
#######END OF DATA FILE#######
999
