# Number of parameters = 73  Objective function value = 26348.0  Maximum gradient component = 0.000251155
# sel_params[1]:
2.00000000000
# sel_params[2]:
1.00000000000
# log_Fmult_year1:
 -4.63774696699
# log_Fmult_devs:
 1.08849531405 0.494260077258 0.306920707363 -0.228876131403 0.583113075871 0.0151380719776 0.741759125651 -0.543216760880 0.199640710970 0.118011017253 0.0768511111664 -0.318301257305 0.368499593258 0.0604255573253 -0.121181643335 0.671769450448 -0.216297584070 -0.00512914922077 -0.0189472525222 0.337334221188 -0.316873760990 0.505925128284 -0.201073409882 -0.0113351680185 -0.0908491783719 -0.0200844129465 0.314001882462 -0.270450260496 0.427873086752
# log_recruit_devs:
 -0.0761649487789 0.253228986239 -0.0636842652637 -0.165644766815 0.321221912253 0.223673804590 0.0412144252047 0.0772882762393 0.0143478858340 0.0607692080258 0.0312675770760 -0.0746140221055 -0.0456601365287 0.0826530177979 -0.0116857773943 0.139791456265 0.153355523798 -0.353420691862 -0.156438081855 -0.256682567647 0.112241448256 0.131625263398 -0.109292803983 -0.245498490305 0.104888140973 -0.250838531946 -0.0720408356513 0.0414660991958 0.112581830052 -0.0199489350623
# log_N_year1_devs:
 -0.0421121642252 0.00738459265639 -0.0388759026757 -0.182921419619 -0.211691904135 0.0658364590608 0.0120703645384 -0.163341059186 -0.387391456572 -0.107408175098 -0.102536280657
# log_q_year1:
 -7.95172085214
# log_q_devs:
 0.00000000000 0.00000000000 0.00000000000 0.00000000000 0.00000000000 0.00000000000 0.00000000000 0.00000000000 0.00000000000 0.00000000000 0.00000000000 0.00000000000 0.00000000000 0.00000000000 0.00000000000 0.00000000000 0.00000000000 0.00000000000 0.00000000000 0.00000000000 0.00000000000 0.00000000000 0.00000000000 0.00000000000 0.00000000000 0.00000000000 0.00000000000 0.00000000000 0.00000000000
# index_sel_params[1]:
1.50000000000
# index_sel_params[2]:
0.500000000000
# log_SR_scaler:
6.91402042266
# SR_steepness:
0.750000000000
