#######GENERAL HEADER INPUT#######
1
30
1
30
1
30
30
12
1	2	3	4	5	6	7	8	9	10	11	12
12
1	2	3	4	5	6	7	8	9	10	11	12
1
101
1
1
#######SURVEY DATA#######
30
1	2	3	4	5	6	7	8	9	10	11	12	13	14	15	16	17	18	19	20	21	22	23	24	25	26	27	28	29	30
1.51522682472688	1.46167227195407	1.48229201480613	1.32115047948684	1.54135334827706	1.27472928999366	1.4051631033665	1.62129943539498	1.53635295359838	1.07437056855873	1.24278196300317	1.20581001335193	1.03782411783043	1.00603783145388	0.916351557839355	0.992395257287846	0.983156295029073	0.916111961477468	0.768357786009825	0.801544566019576	0.679689274108426	0.586946134514081	0.760630694059209	0.617392134305851	0.627038933304897	0.535725477768506	0.534542925323571	0.526650079222156	0.577532432182285	0.558414361805158
0.2	0.2	0.2	0.2	0.2	0.2	0.2	0.2	0.2	0.2	0.2	0.2	0.2	0.2	0.2	0.2	0.2	0.2	0.2	0.2	0.2	0.2	0.2	0.2	0.2	0.2	0.2	0.2	0.2	0.2
30
1	2	3	4	5	6	7	8	9	10	11	12	13	14	15	16	17	18	19	20	21	22	23	24	25	26	27	28	29	30
200	200	200	200	200	200	200	200	200	200	200	200	200	200	200	200	200	200	200	200	200	200	200	200	200	200	200	200	200	200
200	200	200	200	200	200	200	200	200	200	200	200	200	200	200	200	200	200	200	200	200	200	200	200	200	200	200	200	200	200
0.09	0.13	0.145	0.095	0.105	0.05	0.075	0.06	0.06	0.04	0.05	0.1
0.065	0.185	0.165	0.095	0.115	0.075	0.05	0.02	0.04	0.045	0.03	0.115
0.055	0.17	0.11	0.16	0.09	0.055	0.04	0.065	0.07	0.045	0.035	0.105
0.035	0.125	0.165	0.125	0.07	0.135	0.04	0.045	0.065	0.05	0.025	0.12
0.065	0.095	0.145	0.16	0.085	0.065	0.075	0.065	0.025	0.065	0.035	0.12
0.075	0.175	0.135	0.1	0.15	0.06	0.07	0.035	0.035	0.015	0.045	0.105
0.105	0.16	0.195	0.07	0.1	0.09	0.065	0.055	0.04	0.03	0.015	0.075
0.065	0.155	0.185	0.14	0.075	0.075	0.06	0.045	0.03	0.04	0.035	0.095
0.055	0.155	0.15	0.165	0.135	0.06	0.035	0.06	0.035	0.06	0.015	0.075
0.11	0.18	0.135	0.12	0.16	0.115	0.045	0.035	0.015	0.005	0.025	0.055
0.095	0.155	0.15	0.15	0.11	0.085	0.095	0.03	0.01	0.025	0.015	0.08
0.075	0.185	0.205	0.135	0.1	0.085	0.06	0.05	0.01	0.02	0.015	0.06
0.08	0.165	0.195	0.15	0.12	0.08	0.055	0.015	0.045	0.02	0.015	0.06
0.075	0.175	0.13	0.175	0.15	0.065	0.045	0.045	0.03	0.03	0.005	0.075
0.105	0.2	0.145	0.115	0.125	0.055	0.075	0.06	0.02	0.035	0.025	0.04
0.1	0.22	0.21	0.16	0.09	0.08	0.045	0.005	0.025	0.015	0.025	0.025
0.09	0.215	0.18	0.16	0.12	0.07	0.025	0.04	0.03	0.02	0.015	0.035
0.095	0.25	0.24	0.125	0.105	0.045	0.035	0.035	0.015	0.005	0.02	0.03
0.09	0.145	0.245	0.14	0.135	0.075	0.025	0.015	0.025	0.015	0.035	0.055
0.1	0.205	0.18	0.145	0.1	0.06	0.075	0.035	0.025	0.025	0.015	0.035
0.11	0.175	0.165	0.165	0.16	0.1	0.02	0.04	0.01	0.015	0.02	0.02
0.155	0.245	0.13	0.145	0.095	0.1	0.055	0.02	0.015	0.015	0.005	0.02
0.12	0.22	0.25	0.165	0.08	0.045	0.045	0.03	0.01	0.015	0.005	0.015
0.13	0.285	0.24	0.145	0.08	0.035	0.035	0.025	0.005	0	0	0.02
0.15	0.19	0.185	0.185	0.135	0.02	0.05	0.015	0.035	0	0.025	0.01
0.07	0.33	0.155	0.175	0.125	0.075	0.01	0.03	0	0.005	0.005	0.02
0.105	0.205	0.315	0.15	0.055	0.065	0.06	0.02	0.005	0.005	0	0.015
0.13	0.235	0.165	0.195	0.095	0.07	0.055	0.015	0.02	0.005	0.005	0.01
0.145	0.255	0.235	0.11	0.12	0.045	0.035	0.015	0	0.01	0.015	0.015
0.095	0.33	0.235	0.125	0.065	0.06	0.025	0.025	0.015	0.01	0.015	0
#######LANDINGS DATA#######
1
30
161.54216463174	469.977615755473	760.541912396605	990.55157766675	769.860493867578	1319.83976052922	1280.74551977044	2499.65427510649	1335.66999642052	1530.70625833496	1614.40489190704	1612.92548687666	1099.3004749278	1514.0248064844	1499.82712606359	1265.61676739626	2245.54123575829	1614.85284486919	1474.42025552976	1313.83022064616	1622.70206745935	1074.14787263415	1617.43776821863	1197.32299718422	1123.9048134931	966.721569453787	923.630479874102	1218.02561461096	873.139152204057	1265.71761888113
0.01	0.01	0.01	0.01	0.01	0.01	0.01	0.01	0.01	0.01	0.01	0.01	0.01	0.01	0.01	0.01	0.01	0.01	0.01	0.01	0.01	0.01	0.01	0.01	0.01	0.01	0.01	0.01	0.01	0.01
30
1	2	3	4	5	6	7	8	9	10	11	12	13	14	15	16	17	18	19	20	21	22	23	24	25	26	27	28	29	30
200	200	200	200	200	200	200	200	200	200	200	200	200	200	200	200	200	200	200	200	200	200	200	200	200	200	200	200	200	200
200	200	200	200	200	200	200	200	200	200	200	200	200	200	200	200	200	200	200	200	200	200	200	200	200	200	200	200	200	200
0.075	0.145	0.065	0.145	0.105	0.12	0.045	0.04	0.045	0.06	0.02	0.135
0.11	0.065	0.13	0.11	0.085	0.115	0.06	0.1	0.065	0.045	0.01	0.105
0.05	0.115	0.12	0.12	0.095	0.13	0.07	0.075	0.05	0.045	0.015	0.115
0.045	0.1	0.195	0.115	0.09	0.145	0.07	0.05	0.035	0.02	0.015	0.12
0.09	0.095	0.125	0.14	0.1	0.085	0.05	0.075	0.05	0.025	0.04	0.125
0.095	0.14	0.085	0.165	0.11	0.07	0.075	0.07	0.04	0.02	0.04	0.09
0.055	0.135	0.225	0.095	0.055	0.125	0.05	0.06	0.04	0.015	0.035	0.11
0.06	0.105	0.22	0.125	0.075	0.065	0.08	0.055	0.035	0.025	0.03	0.125
0.1	0.13	0.12	0.155	0.1	0.03	0.045	0.065	0.065	0.01	0.03	0.15
0.095	0.12	0.185	0.105	0.185	0.085	0.035	0.03	0.045	0.03	0.01	0.075
0.085	0.115	0.12	0.11	0.145	0.105	0.065	0.05	0.04	0.04	0.015	0.11
0.1	0.175	0.18	0.13	0.14	0.065	0.07	0.01	0.015	0.015	0.01	0.09
0.105	0.135	0.105	0.125	0.13	0.09	0.08	0.055	0.05	0.015	0.01	0.1
0.065	0.12	0.16	0.175	0.12	0.07	0.095	0.07	0.045	0.04	0.01	0.03
0.055	0.125	0.165	0.14	0.155	0.085	0.07	0.035	0.04	0.025	0.03	0.075
0.12	0.14	0.14	0.135	0.1	0.095	0.1	0.05	0.045	0.015	0.025	0.035
0.135	0.175	0.145	0.195	0.08	0.045	0.06	0.035	0.04	0.035	0.015	0.04
0.04	0.24	0.185	0.17	0.115	0.07	0.045	0.045	0.04	0.01	0.015	0.025
0.085	0.145	0.19	0.165	0.175	0.085	0.055	0.035	0.015	0.005	0.015	0.03
0.12	0.14	0.14	0.18	0.14	0.065	0.055	0.025	0.045	0.025	0.02	0.045
0.22	0.14	0.18	0.115	0.135	0.08	0.025	0.015	0.04	0.015	0.015	0.02
0.18	0.265	0.16	0.1	0.075	0.075	0.05	0.03	0.01	0.01	0	0.045
0.145	0.225	0.265	0.07	0.09	0.08	0.055	0.015	0.005	0.02	0	0.03
0.125	0.19	0.2	0.16	0.085	0.075	0.045	0.04	0.025	0.01	0.02	0.025
0.175	0.175	0.18	0.165	0.105	0.045	0.065	0.03	0.025	0.015	0.005	0.015
0.13	0.27	0.155	0.14	0.12	0.06	0.055	0.03	0.02	0	0	0.02
0.08	0.165	0.25	0.145	0.105	0.135	0.08	0.02	0	0.005	0.005	0.01
0.215	0.16	0.17	0.15	0.12	0.065	0.06	0.03	0.01	0.015	0	0.005
0.195	0.265	0.15	0.12	0.09	0.06	0.025	0.04	0.025	0.01	0.015	0.005
0.145	0.25	0.255	0.14	0.085	0.04	0.03	0.015	0.015	0.01	0	0.015
#######PARAMETER SECTION#######
800	400	1200	-4	800	-0.25	1
0.18	0.01	1	-4	0.18	-0.25	1
-1.36	-5	-0.001	-4	-1.36	-0.25	1
0.1	0.05	0.3	-4	0.1	-0.25	1
0.2	0.01	0.5	-4	0.2	-0.25	1
0.75	0.20001	1	-3	0.75	-0.25	1
13.815511	-1	200	1	13.815511	-0.25	1
0	-1	1	-4	0	-0.25	1
0.2	1e-04	1.2	-3	0.2	-0.25	1
0	-10	10	-6	0	-1	1
0	-10	10	-6	0	-1	1
2	0	12	-2	2	-0.5	1
1	0	12	-2	1	-0.5	1
2	0	12	-2	2	-0.5	1
1	0	12	-2	1	-0.5	1
1.5	0	12	-2	1.5	-0.5	1
2	0	12	-2	2	-0.5	1
-14.8682006803499	-30	5	1	-14.8682006803499	-1	1
1	0.1	2	-1	1	-1	1
-1.51930887058023	-10	1.39	1	-1.51930887058023	-1	1
#######DEV CONSTRAINTS and DEVS#######
-15	15	2
-15	15	2
-15	15	2
0	0	0	0	0	0	0	0	0	0	0	0	0	0	0	0	0	0	0	0	0	0	0	0	0	0	0	0	0	0
0	0	0	0	0	0	0	0	0	0	0	0	0	0	0	0	0	0	0	0	0	0	0	0	0	0	0	0	0	0
0	0	0	0	0	0	0	0	0	0	0
#######LIKELIHOOD WEIGHTS#######
1
1
1
1
0
1
0
0
0
#######MISCELLANEOUS STUFF SECTION#######
2.5e-08
3
0.5	0.5	0.5	0.5	0.5	0.5	0.5	0.5	0.5	0.5	0.5	0.5
0.0229773699100256	0.320821300824607	0.904650535100891	0.994779874306442	0.999738809680904	0.999986992871533	0.999999352405202	0.999999967758134	0.999999998394772	0.99999999992008	0.999999999996021	0.999999999999802
0.2	0.2	0.2	0.2	0.2	0.2	0.2	0.2	0.2	0.2	0.2	0.2
0
1
10
0.2
1
1	0	0	0	0	0	0	0	0	0	0	0
0	1	0	0	0	0	0	0	0	0	0	0
0	0	1	0	0	0	0	0	0	0	0	0
0	0	0	1	0	0	0	0	0	0	0	0
0	0	0	0	1	0	0	0	0	0	0	0
0	0	0	0	0	1	0	0	0	0	0	0
0	0	0	0	0	0	1	0	0	0	0	0
0	0	0	0	0	0	0	1	0	0	0	0
0	0	0	0	0	0	0	0	1	0	0	0
0	0	0	0	0	0	0	0	0	1	0	0
0	0	0	0	0	0	0	0	0	0	1	0
0	0	0	0	0	0	0	0	0	0	0	1
40
31
2
1
#######END OF DATA FILE#######
999
