# Number of parameters = 73  Objective function value = 26285.1  Maximum gradient component = 0.00184065
# sel_params[1]:
2.00000000000
# sel_params[2]:
1.00000000000
# log_Fmult_year1:
 -4.62544463032
# log_Fmult_devs:
 1.07507563179 0.499829382625 0.308731231634 -0.223494294735 0.583762246796 0.0160016697435 0.745367765604 -0.535725067366 0.180972559470 0.139711364111 0.0489515446776 -0.321338554875 0.357539469156 0.0673654014049 -0.112836892164 0.659604462480 -0.193313173837 -0.0144980782498 -0.0126837343662 0.339602352762 -0.331787462366 0.512879575023 -0.185197370274 -0.00272198904230 -0.0918119595585 -0.00738515258218 0.342272034051 -0.259086659360 0.466858467470
# log_recruit_devs:
 -0.0307603689738 0.197422135129 -0.0795575848797 -0.186373615152 0.323307430943 0.224765261247 -0.0124273173779 0.198667914456 0.0424349736379 0.0746436913791 0.108490282276 -0.0510233268737 -0.0619188007341 0.0870704640804 -0.0834456362162 0.142202973754 0.112605715089 -0.262742053491 -0.126803268837 -0.300840491252 0.158206870033 0.0917534654788 -0.0777052726404 -0.271503159912 0.0832885411389 -0.299750182115 -0.0701396453805 0.00438643892399 0.113936172686 -0.0481916064157
# log_N_year1_devs:
 -0.0937191219654 0.0497636293921 -0.0686576833400 -0.141619447847 0.0243914020928 -0.0166372211623 -0.528899779756 0.0325236998521 -0.219926128659 -0.349787404346 -0.0825491720182
# log_q_year1:
 -7.95386211659
# log_q_devs:
 0.00000000000 0.00000000000 0.00000000000 0.00000000000 0.00000000000 0.00000000000 0.00000000000 0.00000000000 0.00000000000 0.00000000000 0.00000000000 0.00000000000 0.00000000000 0.00000000000 0.00000000000 0.00000000000 0.00000000000 0.00000000000 0.00000000000 0.00000000000 0.00000000000 0.00000000000 0.00000000000 0.00000000000 0.00000000000 0.00000000000 0.00000000000 0.00000000000 0.00000000000
# index_sel_params[1]:
1.50000000000
# index_sel_params[2]:
0.500000000000
# log_SR_scaler:
6.90223465672
# SR_steepness:
0.750000000000
