# Number of parameters = 73  Objective function value = 26389.2  Maximum gradient component = 0.000552475
# sel_params[1]:
2.00000000000
# sel_params[2]:
1.00000000000
# log_Fmult_year1:
 -4.64832503481
# log_Fmult_devs:
 1.07674388702 0.511208598745 0.298206283748 -0.208461527048 0.579985576795 0.0183517118212 0.754143479825 -0.537224626032 0.200298764951 0.133165061056 0.0664011362377 -0.319999833120 0.369436635222 0.0502666312370 -0.122057123415 0.646326431770 -0.196224983911 -0.0148102741184 -0.0144222867225 0.322097863388 -0.318789596297 0.506080230986 -0.182110019543 -0.0114315613449 -0.0893684666036 -0.0100838126070 0.340909243757 -0.261670724599 0.439435244078
# log_recruit_devs:
 -0.0516803030505 0.174329943326 -0.164244059704 -0.214247140255 0.355921274537 0.196000146108 0.0368501034638 0.109967010175 -0.00451055537722 0.106085181467 0.0873096655525 -0.117557812583 0.0208557974499 0.137549023015 -0.0405838894740 0.185122466804 0.190800704686 -0.178567918953 -0.149185886985 -0.294228247626 0.136320702084 0.125966266720 -0.120836975714 -0.324747693681 0.112458481471 -0.334634873059 -0.00361007545824 0.0425103401403 0.0394566838676 -0.0588683589473
# log_N_year1_devs:
 -0.0391479892166 -0.00261914575054 0.00793288007618 0.00631787472561 0.00715227531407 -0.0858477287088 -0.0730724887104 -0.0519158248599 -0.101238213280 -0.0741897608109 -0.234871456127
# log_q_year1:
 -7.92135621631
# log_q_devs:
 0.00000000000 0.00000000000 0.00000000000 0.00000000000 0.00000000000 0.00000000000 0.00000000000 0.00000000000 0.00000000000 0.00000000000 0.00000000000 0.00000000000 0.00000000000 0.00000000000 0.00000000000 0.00000000000 0.00000000000 0.00000000000 0.00000000000 0.00000000000 0.00000000000 0.00000000000 0.00000000000 0.00000000000 0.00000000000 0.00000000000 0.00000000000 0.00000000000 0.00000000000
# index_sel_params[1]:
1.50000000000
# index_sel_params[2]:
0.500000000000
# log_SR_scaler:
6.89200736095
# SR_steepness:
0.750000000000
