#######GENERAL HEADER INPUT#######
1
30
1
30
1
30
30
12
1	2	3	4	5	6	7	8	9	10	11	12
12
1	2	3	4	5	6	7	8	9	10	11	12
1
101
1
1
#######SURVEY DATA#######
30
1	2	3	4	5	6	7	8	9	10	11	12	13	14	15	16	17	18	19	20	21	22	23	24	25	26	27	28	29	30
1.65337315982797	1.45104246677795	1.56624444150165	1.47263886633007	1.46192532609138	1.66614143386478	1.31959364173439	1.67215751528891	1.43778070740315	1.4235185835162	1.20901805702436	1.14890769006728	0.973159981701519	1.06090058071169	0.994162966193457	0.97038929698131	1.09550795682195	1.08277864305766	0.800735905864213	0.521641516566784	0.793285425242562	0.647461594421099	0.634132938719938	0.495476963679434	0.631485532549224	0.624128858008217	0.531438122128269	0.539533721209301	0.602240049232044	0.484680829884174
0.2	0.2	0.2	0.2	0.2	0.2	0.2	0.2	0.2	0.2	0.2	0.2	0.2	0.2	0.2	0.2	0.2	0.2	0.2	0.2	0.2	0.2	0.2	0.2	0.2	0.2	0.2	0.2	0.2	0.2
30
1	2	3	4	5	6	7	8	9	10	11	12	13	14	15	16	17	18	19	20	21	22	23	24	25	26	27	28	29	30
200	200	200	200	200	200	200	200	200	200	200	200	200	200	200	200	200	200	200	200	200	200	200	200	200	200	200	200	200	200
200	200	200	200	200	200	200	200	200	200	200	200	200	200	200	200	200	200	200	200	200	200	200	200	200	200	200	200	200	200
0.03	0.12	0.245	0.095	0.08	0.07	0.075	0.065	0.04	0.025	0.045	0.11
0.07	0.175	0.13	0.105	0.11	0.065	0.04	0.025	0.045	0.085	0.025	0.125
0.07	0.2	0.135	0.06	0.1	0.05	0.07	0.045	0.055	0.06	0.03	0.125
0.03	0.125	0.185	0.13	0.11	0.08	0.08	0.075	0.025	0.05	0.03	0.08
0.095	0.1	0.16	0.16	0.08	0.1	0.05	0.04	0.02	0.04	0.035	0.12
0.08	0.185	0.09	0.155	0.12	0.08	0.05	0.07	0.025	0.045	0.005	0.095
0.06	0.135	0.24	0.12	0.075	0.1	0.025	0.065	0.04	0.03	0.03	0.08
0.065	0.095	0.25	0.185	0.085	0.04	0.05	0.05	0.045	0.02	0.045	0.07
0.075	0.2	0.12	0.14	0.15	0.06	0.04	0.05	0.025	0.025	0.005	0.11
0.08	0.185	0.195	0.1	0.13	0.06	0.035	0.05	0.055	0.03	0.015	0.065
0.07	0.19	0.16	0.16	0.085	0.105	0.065	0.05	0.015	0.045	0.005	0.05
0.085	0.205	0.2	0.1	0.09	0.085	0.07	0.03	0	0.01	0.025	0.1
0.075	0.145	0.17	0.145	0.12	0.115	0.035	0.075	0.03	0.01	0.015	0.065
0.08	0.195	0.175	0.135	0.115	0.065	0.06	0.035	0.035	0.01	0.015	0.08
0.07	0.19	0.17	0.155	0.13	0.095	0.015	0.035	0.025	0.015	0.03	0.07
0.12	0.19	0.19	0.14	0.1	0.08	0.05	0.04	0.03	0.015	0.02	0.025
0.105	0.185	0.165	0.17	0.105	0.08	0.04	0.045	0.03	0.03	0.01	0.035
0.065	0.185	0.21	0.155	0.115	0.05	0.045	0.04	0.035	0.015	0.04	0.045
0.065	0.21	0.22	0.155	0.105	0.05	0.05	0.05	0.025	0.035	0	0.035
0.055	0.25	0.195	0.145	0.12	0.055	0.045	0.035	0.02	0.035	0.01	0.035
0.15	0.2	0.215	0.11	0.125	0.085	0.025	0.02	0.015	0.015	0.01	0.03
0.12	0.33	0.18	0.155	0.05	0.05	0.04	0.015	0.015	0.01	0.005	0.03
0.105	0.28	0.245	0.15	0.055	0.04	0.045	0.04	0.02	0	0.01	0.01
0.115	0.22	0.23	0.19	0.08	0.065	0.025	0.01	0.03	0.02	0.005	0.01
0.155	0.165	0.16	0.24	0.12	0.075	0.03	0.015	0.01	0.005	0	0.025
0.1	0.33	0.21	0.125	0.11	0.025	0.035	0.02	0.015	0.015	0.005	0.01
0.085	0.205	0.24	0.14	0.1	0.115	0.055	0.025	0.005	0.01	0.005	0.015
0.145	0.23	0.185	0.19	0.075	0.085	0.02	0.005	0.02	0.005	0.025	0.015
0.23	0.275	0.21	0.065	0.11	0.04	0.025	0.02	0.01	0.005	0.01	0
0.1	0.295	0.265	0.175	0.065	0.05	0.025	0.015	0.005	0	0	0.005
#######LANDINGS DATA#######
1
30
160.031230581538	470.499898186241	759.383286176676	994.220501208298	765.215036116286	1331.87467784449	1271.07648962969	2475.398452219	1332.21161678229	1523.97214974177	1614.38396960662	1608.15266403188	1105.18696437405	1533.70464686129	1516.02406353936	1272.41772143	2260.0562645724	1618.55363122869	1456.05461583446	1310.45167493586	1624.75486618245	1073.32767995308	1634.37926319102	1213.27094839544	1119.28622164255	973.830011503914	922.489584803547	1208.74206671008	867.484062461304	1276.34451795142
0.01	0.01	0.01	0.01	0.01	0.01	0.01	0.01	0.01	0.01	0.01	0.01	0.01	0.01	0.01	0.01	0.01	0.01	0.01	0.01	0.01	0.01	0.01	0.01	0.01	0.01	0.01	0.01	0.01	0.01
30
1	2	3	4	5	6	7	8	9	10	11	12	13	14	15	16	17	18	19	20	21	22	23	24	25	26	27	28	29	30
200	200	200	200	200	200	200	200	200	200	200	200	200	200	200	200	200	200	200	200	200	200	200	200	200	200	200	200	200	200
200	200	200	200	200	200	200	200	200	200	200	200	200	200	200	200	200	200	200	200	200	200	200	200	200	200	200	200	200	200
0.06	0.085	0.065	0.125	0.115	0.1	0.1	0.07	0.035	0.04	0.04	0.165
0.09	0.12	0.105	0.145	0.085	0.09	0.085	0.045	0.065	0.03	0.025	0.115
0.08	0.145	0.11	0.1	0.1	0.075	0.065	0.035	0.09	0.04	0.03	0.13
0.025	0.06	0.16	0.15	0.14	0.055	0.09	0.075	0.055	0.05	0.035	0.105
0.09	0.08	0.095	0.2	0.09	0.1	0.08	0.07	0.03	0.02	0.03	0.115
0.06	0.115	0.135	0.115	0.11	0.075	0.07	0.06	0.06	0.02	0.03	0.15
0.07	0.175	0.18	0.065	0.085	0.09	0.075	0.055	0.055	0.045	0.035	0.07
0.11	0.115	0.13	0.135	0.075	0.085	0.105	0.065	0.01	0.035	0.015	0.12
0.095	0.165	0.13	0.115	0.155	0.06	0.05	0.055	0.055	0.015	0.025	0.08
0.105	0.12	0.16	0.115	0.125	0.1	0.04	0.05	0.065	0.025	0.005	0.09
0.115	0.125	0.145	0.195	0.075	0.09	0.065	0.035	0.01	0.035	0.025	0.085
0.085	0.17	0.2	0.09	0.16	0.04	0.06	0.07	0.025	0.02	0.02	0.06
0.055	0.125	0.195	0.125	0.105	0.11	0.025	0.055	0.075	0.025	0.015	0.09
0.095	0.125	0.14	0.17	0.135	0.065	0.07	0.06	0.04	0.03	0.015	0.055
0.11	0.175	0.105	0.135	0.115	0.1	0.05	0.055	0.04	0.025	0.025	0.065
0.155	0.14	0.18	0.13	0.09	0.085	0.06	0.035	0.03	0.01	0.035	0.05
0.1	0.13	0.18	0.17	0.14	0.085	0.05	0.04	0.025	0.025	0.03	0.025
0.07	0.195	0.15	0.13	0.11	0.1	0.065	0.04	0.015	0.005	0.035	0.085
0.075	0.145	0.2	0.205	0.1	0.07	0.08	0.03	0.015	0.02	0.01	0.05
0.135	0.175	0.15	0.2	0.08	0.095	0.07	0.015	0.01	0.02	0.01	0.04
0.165	0.115	0.21	0.155	0.13	0.07	0.035	0.04	0.035	0.01	0.005	0.03
0.155	0.205	0.12	0.18	0.095	0.085	0.04	0.035	0.01	0.03	0.01	0.035
0.105	0.245	0.215	0.11	0.115	0.045	0.085	0.025	0.02	0.015	0	0.02
0.155	0.18	0.195	0.175	0.06	0.075	0.035	0.045	0.025	0.02	0.005	0.03
0.195	0.115	0.205	0.2	0.145	0.04	0.02	0.015	0.015	0.035	0	0.015
0.14	0.285	0.2	0.11	0.1	0.085	0.025	0.015	0.015	0.01	0.01	0.005
0.145	0.17	0.255	0.17	0.105	0.055	0.025	0.025	0.015	0.025	0	0.01
0.17	0.215	0.185	0.17	0.08	0.055	0.075	0.02	0.015	0.01	0	0.005
0.185	0.255	0.215	0.125	0.095	0.05	0.025	0.02	0.01	0.01	0	0.01
0.155	0.305	0.165	0.19	0.06	0.06	0.02	0.015	0.025	0	0	0.005
#######PARAMETER SECTION#######
800	400	1200	-4	800	-0.25	1
0.18	0.01	1	-4	0.18	-0.25	1
-1.36	-5	-0.001	-4	-1.36	-0.25	1
0.1	0.05	0.3	-4	0.1	-0.25	1
0.2	0.01	0.5	-4	0.2	-0.25	1
0.75	0.20001	1	-3	0.75	-0.25	1
13.815511	-1	200	1	13.815511	-0.25	1
0	-1	1	-4	0	-0.25	1
0.2	1e-04	1.2	-3	0.2	-0.25	1
0	-10	10	-6	0	-1	1
0	-10	10	-6	0	-1	1
2	0	12	-2	2	-0.5	1
1	0	12	-2	1	-0.5	1
2	0	12	-2	2	-0.5	1
1	0	12	-2	1	-0.5	1
1.5	0	12	-2	1.5	-0.5	1
2	0	12	-2	2	-0.5	1
-14.8682006803499	-30	5	1	-14.8682006803499	-1	1
1	0.1	2	-1	1	-1	1
-1.51930887058023	-10	1.39	1	-1.51930887058023	-1	1
#######DEV CONSTRAINTS and DEVS#######
-15	15	2
-15	15	2
-15	15	2
0	0	0	0	0	0	0	0	0	0	0	0	0	0	0	0	0	0	0	0	0	0	0	0	0	0	0	0	0	0
0	0	0	0	0	0	0	0	0	0	0	0	0	0	0	0	0	0	0	0	0	0	0	0	0	0	0	0	0	0
0	0	0	0	0	0	0	0	0	0	0
#######LIKELIHOOD WEIGHTS#######
1
1
1
1
0
1
0
0
0
#######MISCELLANEOUS STUFF SECTION#######
2.5e-08
3
0.5	0.5	0.5	0.5	0.5	0.5	0.5	0.5	0.5	0.5	0.5	0.5
0.0229773699100256	0.320821300824607	0.904650535100891	0.994779874306442	0.999738809680904	0.999986992871533	0.999999352405202	0.999999967758134	0.999999998394772	0.99999999992008	0.999999999996021	0.999999999999802
0.2	0.2	0.2	0.2	0.2	0.2	0.2	0.2	0.2	0.2	0.2	0.2
0
1
10
0.2
1
1	0	0	0	0	0	0	0	0	0	0	0
0	1	0	0	0	0	0	0	0	0	0	0
0	0	1	0	0	0	0	0	0	0	0	0
0	0	0	1	0	0	0	0	0	0	0	0
0	0	0	0	1	0	0	0	0	0	0	0
0	0	0	0	0	1	0	0	0	0	0	0
0	0	0	0	0	0	1	0	0	0	0	0
0	0	0	0	0	0	0	1	0	0	0	0
0	0	0	0	0	0	0	0	1	0	0	0
0	0	0	0	0	0	0	0	0	1	0	0
0	0	0	0	0	0	0	0	0	0	1	0
0	0	0	0	0	0	0	0	0	0	0	1
40
31
2
1
#######END OF DATA FILE#######
999
