#styr																																				
1
#endyr																																			
30
#rec_age																																	
1																																						#n_ages																																		
12
# numbers of length intervals
81
#Length	bin
10	11	12	13	14	15	16	17	18	19	20	21	22	23	24	25	26	27	28	29	30	31	32	33	34	35	36	37	38	39	40	41	42	43	44	45	46	47	48	49	50	51	52	53	54	55	56	57	58	59	60	61	62	63	64	65	66	67	68	69	70	71	72	73	74	75	76	77	78	79	80	81	82	83	84	85	86	87	88	89	90
#nfsh
1
#names_fsh
OM1																																				
#catch																																			
161.154494815063	472.357366568213	756.813580074812	999.989767778532	765.571674454111	1320.48003908323	1268.68767394806	2467.31517682944	1335.42750930484	1525.61658710888	1612.83534819361	1611.33011837596	1103.64818247055	1521.22092573351	1505.89818666679	1277.34313437367	2264.65729248597	1602.54717520103	1460.94755796773	1321.22148129581	1622.95454753864	1075.74162822613	1615.06860800224	1206.48381404329	1117.72233332585	967.954766907727	923.716657423397	1211.18357024924	871.439181947322	1274.44034909522
#catch_cv																																		
0.01	0.01	0.01	0.01	0.01	0.01	0.01	0.01	0.01	0.01	0.01	0.01	0.01	0.01	0.01	0.01	0.01	0.01	0.01	0.01	0.01	0.01	0.01	0.01	0.01	0.01	0.01	0.01	0.01	0.01
#n_ages_fsh																															
30																			
#n_lengths_fsh																															
0																																						
#yrs_ages_fsh																																
1	2	3	4	5	6	7	8	9	10	11	12	13	14	15	16	17	18	19	20	21	22	23	24	25	26	27	28	29	30						
#sample_ages_fsh																														
200	200	200	200	200	200	200	200	200	200	200	200	200	200	200	200	200	200	200	200	200	200	200	200	200	200	200	200	200	200
#page_fsh	2	3	4	5	6	7	8	9	10	11																						
0.075	0.1	0.115	0.125	0.105	0.09	0.1	0.04	0.065	0.045	0.045	0.095
0.07	0.07	0.16	0.16	0.115	0.055	0.06	0.08	0.045	0.04	0.025	0.12
0.09	0.095	0.15	0.15	0.135	0.05	0.05	0.035	0.04	0.02	0.025	0.16
0.04	0.09	0.175	0.13	0.08	0.055	0.12	0.05	0.06	0.045	0.035	0.12
0.09	0.11	0.165	0.12	0.08	0.07	0.07	0.065	0.04	0.03	0.02	0.14
0.1	0.1	0.115	0.115	0.12	0.11	0.05	0.055	0.05	0.03	0.035	0.12
0.085	0.125	0.185	0.08	0.09	0.07	0.06	0.085	0.055	0.02	0.035	0.11
0.065	0.115	0.18	0.135	0.085	0.09	0.07	0.035	0.03	0.01	0.04	0.145
0.075	0.115	0.135	0.175	0.17	0.07	0.04	0.055	0.04	0.045	0.015	0.065
0.105	0.105	0.195	0.12	0.095	0.125	0.06	0.045	0.03	0.035	0.02	0.065
0.14	0.135	0.14	0.175	0.095	0.05	0.11	0.025	0.045	0.03	0.015	0.04
0.06	0.17	0.135	0.11	0.15	0.07	0.065	0.07	0.03	0.01	0.01	0.12
0.115	0.125	0.17	0.16	0.09	0.06	0.055	0.065	0.045	0.02	0.015	0.08
0.125	0.135	0.165	0.16	0.11	0.04	0.06	0.045	0.045	0.055	0.02	0.04
0.1	0.195	0.16	0.145	0.105	0.085	0.04	0.05	0.025	0.035	0.015	0.045
0.11	0.125	0.195	0.155	0.105	0.08	0.085	0.025	0.03	0.02	0.03	0.04
0.115	0.16	0.195	0.15	0.09	0.1	0.06	0.04	0.015	0.015	0.01	0.05
0.075	0.17	0.21	0.155	0.095	0.075	0.05	0.03	0.01	0.035	0.04	0.055
0.1	0.125	0.235	0.155	0.09	0.09	0.065	0.04	0.015	0.025	0.01	0.05
0.075	0.22	0.17	0.185	0.105	0.04	0.05	0.07	0.04	0.01	0.005	0.03
0.175	0.145	0.195	0.095	0.14	0.07	0.045	0.06	0.01	0.02	0	0.045
0.16	0.255	0.115	0.135	0.085	0.075	0.06	0.04	0.025	0.015	0.005	0.03
0.12	0.195	0.23	0.095	0.155	0.09	0.04	0.005	0.02	0.02	0.015	0.015
0.125	0.17	0.27	0.16	0.095	0.045	0.025	0.055	0.015	0.01	0.01	0.02
0.16	0.2	0.195	0.215	0.095	0.06	0.04	0.01	0.005	0.015	0.005	0
0.16	0.175	0.205	0.14	0.145	0.055	0.045	0.025	0.015	0.005	0	0.03
0.16	0.165	0.24	0.12	0.13	0.075	0.055	0.005	0.02	0	0.01	0.02
0.185	0.245	0.135	0.145	0.12	0.07	0.05	0.025	0.015	0.005	0.005	0
0.185	0.215	0.235	0.105	0.085	0.045	0.045	0.015	0.025	0.03	0.015	0
0.145	0.245	0.24	0.145	0.09	0.06	0.025	0.015	0.015	0.01	0	0.01
#wt_age_fsh	1 2	3	4	5	6	7	8	9	10	11																				
0.000530656	0.001196328	0.002058265	0.003034987	0.004055212	0.005064698	0.006026226	0.006916921	0.007724891	0.008446113	0.009081853	0.009636695
0.000530656	0.001196328	0.002058265	0.003034987	0.004055212	0.005064698	0.006026226	0.006916921	0.007724891	0.008446113	0.009081853	0.009636695
0.000530656	0.001196328	0.002058265	0.003034987	0.004055212	0.005064698	0.006026226	0.006916921	0.007724891	0.008446113	0.009081853	0.009636695
0.000530656	0.001196328	0.002058265	0.003034987	0.004055212	0.005064698	0.006026226	0.006916921	0.007724891	0.008446113	0.009081853	0.009636695
0.000530656	0.001196328	0.002058265	0.003034987	0.004055212	0.005064698	0.006026226	0.006916921	0.007724891	0.008446113	0.009081853	0.009636695
0.000530656	0.001196328	0.002058265	0.003034987	0.004055212	0.005064698	0.006026226	0.006916921	0.007724891	0.008446113	0.009081853	0.009636695
0.000530656	0.001196328	0.002058265	0.003034987	0.004055212	0.005064698	0.006026226	0.006916921	0.007724891	0.008446113	0.009081853	0.009636695
0.000530656	0.001196328	0.002058265	0.003034987	0.004055212	0.005064698	0.006026226	0.006916921	0.007724891	0.008446113	0.009081853	0.009636695
0.000530656	0.001196328	0.002058265	0.003034987	0.004055212	0.005064698	0.006026226	0.006916921	0.007724891	0.008446113	0.009081853	0.009636695
0.000530656	0.001196328	0.002058265	0.003034987	0.004055212	0.005064698	0.006026226	0.006916921	0.007724891	0.008446113	0.009081853	0.009636695
0.000530656	0.001196328	0.002058265	0.003034987	0.004055212	0.005064698	0.006026226	0.006916921	0.007724891	0.008446113	0.009081853	0.009636695
0.000530656	0.001196328	0.002058265	0.003034987	0.004055212	0.005064698	0.006026226	0.006916921	0.007724891	0.008446113	0.009081853	0.009636695
0.000530656	0.001196328	0.002058265	0.003034987	0.004055212	0.005064698	0.006026226	0.006916921	0.007724891	0.008446113	0.009081853	0.009636695
0.000530656	0.001196328	0.002058265	0.003034987	0.004055212	0.005064698	0.006026226	0.006916921	0.007724891	0.008446113	0.009081853	0.009636695
0.000530656	0.001196328	0.002058265	0.003034987	0.004055212	0.005064698	0.006026226	0.006916921	0.007724891	0.008446113	0.009081853	0.009636695
0.000530656	0.001196328	0.002058265	0.003034987	0.004055212	0.005064698	0.006026226	0.006916921	0.007724891	0.008446113	0.009081853	0.009636695
0.000530656	0.001196328	0.002058265	0.003034987	0.004055212	0.005064698	0.006026226	0.006916921	0.007724891	0.008446113	0.009081853	0.009636695
0.000530656	0.001196328	0.002058265	0.003034987	0.004055212	0.005064698	0.006026226	0.006916921	0.007724891	0.008446113	0.009081853	0.009636695
0.000530656	0.001196328	0.002058265	0.003034987	0.004055212	0.005064698	0.006026226	0.006916921	0.007724891	0.008446113	0.009081853	0.009636695
0.000530656	0.001196328	0.002058265	0.003034987	0.004055212	0.005064698	0.006026226	0.006916921	0.007724891	0.008446113	0.009081853	0.009636695
0.000530656	0.001196328	0.002058265	0.003034987	0.004055212	0.005064698	0.006026226	0.006916921	0.007724891	0.008446113	0.009081853	0.009636695
0.000530656	0.001196328	0.002058265	0.003034987	0.004055212	0.005064698	0.006026226	0.006916921	0.007724891	0.008446113	0.009081853	0.009636695
0.000530656	0.001196328	0.002058265	0.003034987	0.004055212	0.005064698	0.006026226	0.006916921	0.007724891	0.008446113	0.009081853	0.009636695
0.000530656	0.001196328	0.002058265	0.003034987	0.004055212	0.005064698	0.006026226	0.006916921	0.007724891	0.008446113	0.009081853	0.009636695
0.000530656	0.001196328	0.002058265	0.003034987	0.004055212	0.005064698	0.006026226	0.006916921	0.007724891	0.008446113	0.009081853	0.009636695
0.000530656	0.001196328	0.002058265	0.003034987	0.004055212	0.005064698	0.006026226	0.006916921	0.007724891	0.008446113	0.009081853	0.009636695
0.000530656	0.001196328	0.002058265	0.003034987	0.004055212	0.005064698	0.006026226	0.006916921	0.007724891	0.008446113	0.009081853	0.009636695
0.000530656	0.001196328	0.002058265	0.003034987	0.004055212	0.005064698	0.006026226	0.006916921	0.007724891	0.008446113	0.009081853	0.009636695
0.000530656	0.001196328	0.002058265	0.003034987	0.004055212	0.005064698	0.006026226	0.006916921	0.007724891	0.008446113	0.009081853	0.009636695
0.000530656	0.001196328	0.002058265	0.003034987	0.004055212	0.005064698	0.006026226	0.006916921	0.007724891	0.008446113	0.009081853	0.009636695

#nind
1
#ind_names																																	
survey_index1																																
#nobs_ind
30
#yrs_ind																																		
1	2	3	4	5	6	7	8	9	10	11	12	13	14	15	16	17	18	19	20	21	22	23	24	25	26	27	28	29	30	
#month_ind																																	
1																																						
#biom_ind																																		
1.37904043044644	1.74808574767345	1.83012346370764	1.34742469990416	1.59373675572447	1.61995690266301	1.29929782455061	1.20894236311757	1.12774817136943	1.43736290269638	1.2070449752708	1.01757666523715	1.14589630687383	0.945533396122578	0.998751859889461	1.13380860363343	1.02599447637869	0.854396092642476	0.854465346591168	0.725673621718564	0.660185570430347	0.664598719227358	0.887058041359191	0.627670432666055	0.661147485523505	0.582033438827684	0.516935610521863	0.531675353834616	0.542167689976996	0.594333962909954
#biom_cv																				
0.275808086089288	0.34961714953469	0.366024692741529	0.269484939980833	0.318747351144894	0.323991380532603	0.259859564910121	0.241788472623513	0.225549634273886	0.287472580539277	0.241408995054161	0.20351533304743	0.229179261374767	0.189106679224516	0.199750371977892	0.226761720726686	0.205198895275738	0.170879218528495	0.170893069318234	0.145134724343713	0.132037114086069	0.132919743845472	0.177411608271838	0.125534086533211	0.132229497104701	0.116406687765537	0.103387122104373	0.106335070766923	0.108433537995399	0.118866792581991
#n_ages_ind																																	
30			
#n_lengths_ind																															
0																																						
#yrs_ages_ind																																
1	2	3	4	5	6	7	8	9	10	11	12	13	14	15	16	17	18	19	20	21	22	23	24	25	26	27	28	29	30																						
#sample_ages_ind																														
200	200	200	200	200	200	200	200	200	200	200	200	200	200	200	200	200	200	200	200	200	200	200	200	200	200	200	200	200	200
#page_ind																																		
0.03	0.12	0.115	0.165	0.12	0.085	0.075	0.065	0.05	0.04	0.025	0.11
0.095	0.115	0.13	0.125	0.1	0.065	0.085	0.04	0.065	0.04	0.03	0.11
0.065	0.17	0.115	0.11	0.09	0.04	0.075	0.045	0.045	0.05	0.035	0.16
0.04	0.11	0.155	0.155	0.095	0.095	0.06	0.075	0.035	0.035	0.02	0.125
0.065	0.13	0.115	0.17	0.115	0.085	0.085	0.025	0.05	0.03	0.025	0.105
0.085	0.175	0.095	0.125	0.145	0.07	0.06	0.04	0.025	0.035	0.045	0.1
0.08	0.175	0.215	0.085	0.07	0.08	0.055	0.05	0.04	0.01	0.01	0.13
0.05	0.155	0.225	0.165	0.065	0.065	0.07	0.05	0.04	0.025	0.015	0.075
0.075	0.2	0.145	0.14	0.13	0.07	0.03	0.03	0.03	0.015	0.04	0.095
0.075	0.18	0.145	0.115	0.1	0.12	0.06	0.065	0.04	0.02	0.01	0.07
0.08	0.13	0.14	0.145	0.115	0.115	0.055	0.055	0.025	0.05	0.015	0.075
0.065	0.125	0.21	0.085	0.13	0.07	0.06	0.085	0.035	0.03	0.025	0.08
0.075	0.155	0.145	0.175	0.11	0.09	0.05	0.06	0.04	0.01	0.015	0.075
0.11	0.15	0.15	0.155	0.135	0.075	0.085	0.035	0.025	0.025	0.005	0.05
0.12	0.165	0.125	0.115	0.145	0.05	0.035	0.05	0.055	0.03	0.04	0.07
0.11	0.17	0.155	0.115	0.105	0.09	0.02	0.065	0.03	0.045	0.025	0.07
0.095	0.21	0.175	0.16	0.1	0.05	0.04	0.055	0.045	0.015	0	0.055
0.06	0.215	0.225	0.155	0.085	0.065	0.025	0.04	0.045	0.015	0.025	0.045
0.09	0.125	0.245	0.2	0.09	0.09	0.04	0.02	0.03	0.01	0.025	0.035
0.09	0.16	0.175	0.205	0.11	0.08	0.05	0.035	0.01	0.03	0.01	0.045
0.14	0.205	0.215	0.15	0.09	0.05	0.055	0.035	0.005	0.01	0.005	0.04
0.16	0.275	0.165	0.105	0.07	0.06	0.055	0.05	0.02	0.01	0.01	0.02
0.11	0.29	0.27	0.075	0.07	0.045	0.05	0.025	0.015	0.015	0.015	0.02
0.085	0.24	0.21	0.16	0.095	0.07	0.02	0.035	0.02	0.03	0.01	0.025
0.22	0.205	0.18	0.18	0.085	0.055	0.02	0.01	0.015	0.015	0.005	0.01
0.125	0.29	0.2	0.16	0.11	0.045	0.015	0.015	0.01	0.01	0.005	0.015
0.12	0.19	0.235	0.145	0.12	0.075	0.055	0.015	0.015	0.015	0.005	0.01
0.13	0.18	0.225	0.18	0.1	0.05	0.05	0.045	0.005	0	0.01	0.025
0.145	0.365	0.18	0.115	0.085	0.03	0.045	0.01	0.005	0	0	0.02
0.085	0.325	0.225	0.17	0.09	0.045	0.03	0.01	0.005	0.015	0	0
#wt_age_ind																																	
1 1 1 1 1 1 1 1 1 1 1 1 
1 1 1 1 1 1 1 1 1 1 1 1 
1 1 1 1 1 1 1 1 1 1 1 1 
1 1 1 1 1 1 1 1 1 1 1 1 
1 1 1 1 1 1 1 1 1 1 1 1 
1 1 1 1 1 1 1 1 1 1 1 1 
1 1 1 1 1 1 1 1 1 1 1 1 
1 1 1 1 1 1 1 1 1 1 1 1 
1 1 1 1 1 1 1 1 1 1 1 1 
1 1 1 1 1 1 1 1 1 1 1 1 
1 1 1 1 1 1 1 1 1 1 1 1 
1 1 1 1 1 1 1 1 1 1 1 1 
1 1 1 1 1 1 1 1 1 1 1 1 
1 1 1 1 1 1 1 1 1 1 1 1 
1 1 1 1 1 1 1 1 1 1 1 1 
1 1 1 1 1 1 1 1 1 1 1 1 
1 1 1 1 1 1 1 1 1 1 1 1 
1 1 1 1 1 1 1 1 1 1 1 1 
1 1 1 1 1 1 1 1 1 1 1 1 
1 1 1 1 1 1 1 1 1 1 1 1 
1 1 1 1 1 1 1 1 1 1 1 1 
1 1 1 1 1 1 1 1 1 1 1 1 
1 1 1 1 1 1 1 1 1 1 1 1 
1 1 1 1 1 1 1 1 1 1 1 1 
1 1 1 1 1 1 1 1 1 1 1 1 
1 1 1 1 1 1 1 1 1 1 1 1 
1 1 1 1 1 1 1 1 1 1 1 1 
1 1 1 1 1 1 1 1 1 1 1 1 
1 1 1 1 1 1 1 1 1 1 1 1 
1 1 1 1 1 1 1 1 1 1 1 1 
# wt_pop
0.000530656	0.001196328	0.002058265	0.003034987	0.004055212	0.005064698	0.006026226	0.006916921	0.007724891	0.008446113	0.009081853	0.009636695
#maturity
0.02297737 0.32082130 0.90465054 0.99477987 0.99973881 0.99998699 0.99999935 0.99999997 1 1 1 1
#spmonth																																		
1		
#age_err																																		
1	0	0	0	0	0	0	0	0	0	0	0
0	1	0	0	0	0	0	0	0	0	0	0
0	0	1	0	0	0	0	0	0	0	0	0
0	0	0	1	0	0	0	0	0	0	0	0
0	0	0	0	1	0	0	0	0	0	0	0
0	0	0	0	0	1	0	0	0	0	0	0
0	0	0	0	0	0	1	0	0	0	0	0
0	0	0	0	0	0	0	1	0	0	0	0
0	0	0	0	0	0	0	0	1	0	0	0
0	0	0	0	0	0	0	0	0	1	0	0
0	0	0	0	0	0	0	0	0	0	1	0
0	0	0	0	0	0	0	0	0	0	0	1																														
