#######GENERAL HEADER INPUT#######
1
30
1
30
1
30
30
12
1	2	3	4	5	6	7	8	9	10	11	12
12
1	2	3	4	5	6	7	8	9	10	11	12
1
101
1
1
#######SURVEY DATA#######
30
1	2	3	4	5	6	7	8	9	10	11	12	13	14	15	16	17	18	19	20	21	22	23	24	25	26	27	28	29	30
1.56342405080638	1.90008482031217	1.40880713295431	1.2420181016565	1.26589216737394	1.36271607700628	1.49976268336256	1.37451035001077	1.20921629686869	1.21417296732111	1.1118330075171	1.0287433176237	0.933827566917419	0.983970809176562	1.03078062600028	1.17076513056987	1.09624359400257	0.944710580877741	0.889261025920219	0.656886436852295	0.677102280884245	0.68450508513092	0.666593838155976	0.596524641911321	0.539282542799015	0.619769636637764	0.570666686932576	0.553700093461593	0.484933702612615	0.578870899137268
0.2	0.2	0.2	0.2	0.2	0.2	0.2	0.2	0.2	0.2	0.2	0.2	0.2	0.2	0.2	0.2	0.2	0.2	0.2	0.2	0.2	0.2	0.2	0.2	0.2	0.2	0.2	0.2	0.2	0.2
30
1	2	3	4	5	6	7	8	9	10	11	12	13	14	15	16	17	18	19	20	21	22	23	24	25	26	27	28	29	30
200	200	200	200	200	200	200	200	200	200	200	200	200	200	200	200	200	200	200	200	200	200	200	200	200	200	200	200	200	200
200	200	200	200	200	200	200	200	200	200	200	200	200	200	200	200	200	200	200	200	200	200	200	200	200	200	200	200	200	200
0.055	0.135	0.13	0.14	0.095	0.075	0.05	0.05	0.05	0.04	0.03	0.15
0.045	0.125	0.085	0.135	0.12	0.085	0.07	0.075	0.05	0.035	0.03	0.145
0.055	0.13	0.12	0.125	0.125	0.075	0.055	0.055	0.045	0.05	0.02	0.145
0.035	0.15	0.15	0.135	0.1	0.11	0.045	0.035	0.03	0.045	0.035	0.13
0.035	0.105	0.165	0.17	0.09	0.07	0.075	0.07	0.02	0.04	0.025	0.135
0.105	0.15	0.115	0.105	0.13	0.065	0.055	0.045	0.025	0.045	0.03	0.13
0.05	0.15	0.225	0.145	0.09	0.06	0.045	0.04	0.04	0.01	0.015	0.13
0.08	0.125	0.225	0.145	0.07	0.065	0.07	0.045	0.05	0.025	0.01	0.09
0.08	0.185	0.125	0.175	0.13	0.04	0.065	0.045	0.04	0.025	0.025	0.065
0.065	0.13	0.16	0.115	0.115	0.105	0.045	0.06	0.065	0.04	0.025	0.075
0.115	0.16	0.12	0.16	0.085	0.105	0.035	0.015	0.045	0.025	0.015	0.12
0.09	0.16	0.21	0.165	0.095	0.055	0.06	0.055	0.015	0.02	0.01	0.065
0.06	0.13	0.195	0.15	0.095	0.09	0.055	0.06	0.04	0.04	0.005	0.08
0.085	0.115	0.185	0.15	0.165	0.09	0.05	0.045	0.035	0.035	0.005	0.04
0.085	0.19	0.18	0.14	0.085	0.095	0.04	0.06	0.05	0.025	0.01	0.04
0.1	0.185	0.18	0.13	0.1	0.105	0.055	0.04	0.035	0.015	0.01	0.045
0.045	0.23	0.175	0.17	0.09	0.05	0.08	0.05	0.04	0.015	0.02	0.035
0.06	0.24	0.2	0.155	0.075	0.11	0.03	0.04	0.005	0.04	0.005	0.04
0.105	0.18	0.235	0.14	0.08	0.055	0.045	0.035	0.035	0.025	0.015	0.05
0.08	0.195	0.195	0.2	0.115	0.045	0.065	0.04	0.025	0.02	0.01	0.01
0.165	0.185	0.175	0.145	0.095	0.065	0.09	0.02	0.01	0.01	0.01	0.03
0.12	0.275	0.14	0.16	0.09	0.095	0.04	0.015	0.01	0	0.015	0.04
0.105	0.285	0.26	0.115	0.065	0.065	0.03	0.025	0.005	0.01	0.02	0.015
0.075	0.215	0.285	0.195	0.07	0.045	0.03	0.035	0.01	0.01	0.01	0.02
0.135	0.2	0.26	0.185	0.09	0.06	0.015	0.015	0.015	0.005	0	0.02
0.115	0.275	0.235	0.095	0.125	0.1	0.025	0	0	0.01	0.005	0.015
0.115	0.215	0.245	0.15	0.1	0.1	0.045	0.005	0.01	0	0.01	0.005
0.175	0.19	0.22	0.16	0.115	0.065	0.045	0.02	0.005	0.005	0	0
0.14	0.32	0.155	0.15	0.115	0.05	0.02	0.005	0.015	0.005	0.005	0.02
0.1	0.305	0.255	0.115	0.07	0.065	0.005	0.04	0.015	0.01	0.005	0.015
#######LANDINGS DATA#######
1
30
160.744419447244	471.490299700708	754.583539292066	993.392889553305	766.391351296948	1317.69483255823	1281.83257226802	2495.86010831989	1332.50829043275	1532.60096483675	1620.13384879559	1609.66150392725	1108.2833152745	1525.81922122377	1521.56567816018	1269.59939964255	2245.78914021607	1603.56318945794	1470.05973270157	1315.39515488371	1615.51114586644	1076.74060314548	1628.69367684363	1206.85549562327	1112.99156537243	965.855285027679	920.060569890798	1202.65284973773	879.245669728806	1282.78618327086
0.01	0.01	0.01	0.01	0.01	0.01	0.01	0.01	0.01	0.01	0.01	0.01	0.01	0.01	0.01	0.01	0.01	0.01	0.01	0.01	0.01	0.01	0.01	0.01	0.01	0.01	0.01	0.01	0.01	0.01
30
1	2	3	4	5	6	7	8	9	10	11	12	13	14	15	16	17	18	19	20	21	22	23	24	25	26	27	28	29	30
200	200	200	200	200	200	200	200	200	200	200	200	200	200	200	200	200	200	200	200	200	200	200	200	200	200	200	200	200	200
200	200	200	200	200	200	200	200	200	200	200	200	200	200	200	200	200	200	200	200	200	200	200	200	200	200	200	200	200	200
0.065	0.145	0.105	0.135	0.115	0.095	0.065	0.045	0.05	0.035	0.045	0.1
0.085	0.09	0.145	0.14	0.11	0.09	0.06	0.055	0.035	0.015	0.04	0.135
0.065	0.12	0.12	0.1	0.11	0.075	0.075	0.055	0.07	0.03	0.03	0.15
0.04	0.125	0.165	0.13	0.13	0.07	0.095	0.03	0.05	0.03	0.025	0.11
0.105	0.065	0.095	0.16	0.13	0.08	0.065	0.05	0.04	0.035	0.035	0.14
0.065	0.215	0.09	0.115	0.115	0.08	0.07	0.035	0.03	0.02	0.035	0.13
0.085	0.15	0.17	0.075	0.09	0.125	0.07	0.035	0.045	0.04	0.02	0.095
0.105	0.095	0.105	0.145	0.08	0.07	0.075	0.04	0.08	0.035	0.025	0.145
0.04	0.175	0.145	0.13	0.135	0.08	0.05	0.065	0.05	0.03	0.015	0.085
0.095	0.095	0.145	0.11	0.155	0.13	0.055	0.04	0.045	0.01	0.01	0.11
0.105	0.12	0.12	0.145	0.105	0.105	0.1	0.03	0.015	0.03	0.035	0.09
0.105	0.14	0.135	0.11	0.15	0.075	0.085	0.05	0.035	0.015	0.025	0.075
0.075	0.15	0.185	0.175	0.115	0.06	0.05	0.055	0.04	0.03	0.005	0.06
0.115	0.125	0.18	0.155	0.13	0.04	0.065	0.04	0.04	0.02	0.035	0.055
0.1	0.155	0.17	0.135	0.105	0.105	0.035	0.055	0.035	0.025	0.03	0.05
0.155	0.19	0.175	0.11	0.085	0.105	0.03	0.04	0.025	0.035	0.015	0.035
0.09	0.19	0.145	0.175	0.09	0.07	0.065	0.045	0.04	0.02	0.015	0.055
0.12	0.175	0.2	0.14	0.11	0.05	0.05	0.04	0.04	0.02	0.01	0.045
0.13	0.145	0.245	0.17	0.1	0.085	0.025	0.03	0.015	0.02	0.005	0.03
0.11	0.13	0.185	0.155	0.16	0.06	0.08	0.035	0.015	0.02	0.015	0.035
0.16	0.15	0.14	0.145	0.125	0.125	0.045	0.025	0.02	0.005	0.02	0.04
0.13	0.235	0.14	0.16	0.135	0.07	0.04	0.045	0.015	0	0.015	0.015
0.125	0.21	0.23	0.13	0.085	0.045	0.035	0.015	0.045	0.03	0.005	0.045
0.115	0.22	0.2	0.16	0.09	0.075	0.035	0.03	0.015	0.015	0.015	0.03
0.18	0.12	0.18	0.205	0.11	0.085	0.035	0.02	0.035	0.01	0.01	0.01
0.125	0.255	0.21	0.145	0.08	0.07	0.06	0.015	0.02	0.005	0.005	0.01
0.185	0.16	0.255	0.11	0.07	0.075	0.065	0.035	0.015	0.005	0.01	0.015
0.195	0.215	0.185	0.175	0.075	0.055	0.035	0.04	0.01	0.005	0.01	0
0.215	0.18	0.205	0.165	0.135	0.055	0.015	0.01	0.015	0	0.005	0
0.12	0.295	0.23	0.16	0.055	0.04	0.03	0.025	0.025	0.01	0.005	0.005
#######PARAMETER SECTION#######
800	400	1200	-4	800	-0.25	1
0.18	0.01	1	-4	0.18	-0.25	1
-1.36	-5	-0.001	-4	-1.36	-0.25	1
0.1	0.05	0.3	-4	0.1	-0.25	1
0.2	0.01	0.5	-4	0.2	-0.25	1
0.75	0.20001	1	-3	0.75	-0.25	1
13.815511	-1	200	1	13.815511	-0.25	1
0	-1	1	-4	0	-0.25	1
0.2	1e-04	1.2	-3	0.2	-0.25	1
0	-10	10	-6	0	-1	1
0	-10	10	-6	0	-1	1
2	0	12	-2	2	-0.5	1
1	0	12	-2	1	-0.5	1
2	0	12	-2	2	-0.5	1
1	0	12	-2	1	-0.5	1
1.5	0	12	-2	1.5	-0.5	1
2	0	12	-2	2	-0.5	1
-14.8682006803499	-30	5	1	-14.8682006803499	-1	1
1	0.1	2	-1	1	-1	1
-1.51930887058023	-10	1.39	1	-1.51930887058023	-1	1
#######DEV CONSTRAINTS and DEVS#######
-15	15	2
-15	15	2
-15	15	2
0	0	0	0	0	0	0	0	0	0	0	0	0	0	0	0	0	0	0	0	0	0	0	0	0	0	0	0	0	0
0	0	0	0	0	0	0	0	0	0	0	0	0	0	0	0	0	0	0	0	0	0	0	0	0	0	0	0	0	0
0	0	0	0	0	0	0	0	0	0	0
#######LIKELIHOOD WEIGHTS#######
1
1
1
1
0
1
0
0
0
#######MISCELLANEOUS STUFF SECTION#######
2.5e-08
3
0.5	0.5	0.5	0.5	0.5	0.5	0.5	0.5	0.5	0.5	0.5	0.5
0.0229773699100256	0.320821300824607	0.904650535100891	0.994779874306442	0.999738809680904	0.999986992871533	0.999999352405202	0.999999967758134	0.999999998394772	0.99999999992008	0.999999999996021	0.999999999999802
0.2	0.2	0.2	0.2	0.2	0.2	0.2	0.2	0.2	0.2	0.2	0.2
0
1
10
0.2
1
1	0	0	0	0	0	0	0	0	0	0	0
0	1	0	0	0	0	0	0	0	0	0	0
0	0	1	0	0	0	0	0	0	0	0	0
0	0	0	1	0	0	0	0	0	0	0	0
0	0	0	0	1	0	0	0	0	0	0	0
0	0	0	0	0	1	0	0	0	0	0	0
0	0	0	0	0	0	1	0	0	0	0	0
0	0	0	0	0	0	0	1	0	0	0	0
0	0	0	0	0	0	0	0	1	0	0	0
0	0	0	0	0	0	0	0	0	1	0	0
0	0	0	0	0	0	0	0	0	0	1	0
0	0	0	0	0	0	0	0	0	0	0	1
40
31
2
1
#######END OF DATA FILE#######
999
