#######GENERAL HEADER INPUT#######
1
30
1
30
1
30
30
12
1	2	3	4	5	6	7	8	9	10	11	12
12
1	2	3	4	5	6	7	8	9	10	11	12
1
101
1
1
#######SURVEY DATA#######
30
1	2	3	4	5	6	7	8	9	10	11	12	13	14	15	16	17	18	19	20	21	22	23	24	25	26	27	28	29	30
1.33871090199263	1.8224760683866	1.39960065188192	1.41505338877487	1.23135379589642	1.57129497283387	1.61484823410595	1.29429689895068	1.16044116435315	1.06737873676106	1.08413754701278	0.968866610089391	0.853933927318216	1.07973480525699	1.26654299013019	0.91800312370143	0.928079858063897	0.840901600602082	0.736248402083537	0.707780865198401	0.828417372582472	0.58037321925241	0.750719747740352	0.616462219163489	0.578659414030474	0.54492857560167	0.4726364211347	0.578869005320922	0.503233152946741	0.576452391714497
0.2	0.2	0.2	0.2	0.2	0.2	0.2	0.2	0.2	0.2	0.2	0.2	0.2	0.2	0.2	0.2	0.2	0.2	0.2	0.2	0.2	0.2	0.2	0.2	0.2	0.2	0.2	0.2	0.2	0.2
30
1	2	3	4	5	6	7	8	9	10	11	12	13	14	15	16	17	18	19	20	21	22	23	24	25	26	27	28	29	30
200	200	200	200	200	200	200	200	200	200	200	200	200	200	200	200	200	200	200	200	200	200	200	200	200	200	200	200	200	200
200	200	200	200	200	200	200	200	200	200	200	200	200	200	200	200	200	200	200	200	200	200	200	200	200	200	200	200	200	200
0.055	0.105	0.185	0.09	0.075	0.09	0.065	0.05	0.065	0.035	0.065	0.12
0.095	0.15	0.11	0.145	0.115	0.04	0.08	0.075	0.035	0.035	0.04	0.08
0.055	0.2	0.11	0.115	0.115	0.06	0.08	0.04	0.04	0.045	0.015	0.125
0.065	0.12	0.145	0.105	0.11	0.12	0.045	0.065	0.04	0.04	0.045	0.1
0.1	0.095	0.135	0.155	0.085	0.095	0.07	0.055	0.035	0.025	0.035	0.115
0.045	0.155	0.12	0.115	0.185	0.05	0.085	0.025	0.06	0.055	0.02	0.085
0.065	0.215	0.155	0.12	0.085	0.06	0.07	0.05	0.035	0.03	0.035	0.08
0.06	0.16	0.19	0.1	0.085	0.09	0.055	0.065	0.04	0.02	0.04	0.095
0.055	0.225	0.145	0.155	0.14	0.055	0.04	0.045	0.04	0.015	0.015	0.07
0.065	0.17	0.245	0.115	0.12	0.065	0.05	0.04	0.03	0.025	0.015	0.06
0.08	0.165	0.2	0.135	0.09	0.095	0.075	0.02	0.045	0.035	0	0.06
0.055	0.225	0.175	0.14	0.11	0.04	0.075	0.06	0.025	0.035	0.01	0.05
0.07	0.16	0.205	0.11	0.1	0.095	0.055	0.05	0.04	0.015	0.005	0.095
0.1	0.215	0.125	0.115	0.145	0.08	0.065	0.045	0.03	0	0.015	0.065
0.075	0.22	0.14	0.085	0.125	0.07	0.075	0.045	0.01	0.035	0.045	0.075
0.07	0.18	0.22	0.125	0.11	0.095	0.075	0.045	0.015	0.01	0.005	0.05
0.09	0.26	0.16	0.16	0.09	0.085	0.04	0.035	0.01	0.035	0	0.035
0.07	0.245	0.26	0.125	0.075	0.05	0.045	0.01	0.04	0.025	0.02	0.035
0.08	0.165	0.25	0.16	0.08	0.08	0.035	0.045	0.03	0.015	0.025	0.035
0.06	0.24	0.195	0.16	0.1	0.06	0.07	0.035	0.015	0.015	0.015	0.035
0.095	0.145	0.205	0.17	0.16	0.08	0.04	0.025	0.02	0.015	0.01	0.035
0.145	0.275	0.215	0.125	0.065	0.06	0.035	0.02	0.03	0	0.01	0.02
0.11	0.285	0.265	0.1	0.08	0.055	0.03	0.01	0.015	0.005	0.015	0.03
0.115	0.205	0.27	0.21	0.045	0.05	0.02	0.04	0.015	0.01	0.005	0.015
0.165	0.19	0.17	0.17	0.135	0.03	0.08	0.02	0.01	0.02	0.005	0.005
0.06	0.27	0.21	0.145	0.12	0.1	0.03	0.02	0.005	0.02	0	0.02
0.12	0.14	0.335	0.145	0.095	0.09	0.03	0.01	0.02	0	0.01	0.005
0.16	0.3	0.205	0.145	0.07	0.04	0.025	0.02	0.005	0.01	0.005	0.015
0.175	0.29	0.21	0.115	0.085	0.05	0.035	0.02	0.02	0	0	0
0.07	0.345	0.195	0.115	0.08	0.075	0.025	0.045	0.025	0.01	0.005	0.01
#######LANDINGS DATA#######
1
30
159.996595019542	467.375855905473	753.296248901771	996.262877669377	767.040544055022	1309.00094325885	1285.03200122557	2493.33730510744	1330.87047995432	1521.98048853828	1616.84596905185	1618.98419504637	1110.64134536696	1525.80038587287	1499.79488203185	1286.02090636179	2265.2963860659	1600.44609727097	1455.77975546572	1320.32308578042	1620.75033596311	1078.58459660029	1636.12399473309	1203.72567325772	1114.86352730212	973.762671443307	927.564353271686	1212.74613545281	872.855532510836	1278.17900980104
0.01	0.01	0.01	0.01	0.01	0.01	0.01	0.01	0.01	0.01	0.01	0.01	0.01	0.01	0.01	0.01	0.01	0.01	0.01	0.01	0.01	0.01	0.01	0.01	0.01	0.01	0.01	0.01	0.01	0.01
30
1	2	3	4	5	6	7	8	9	10	11	12	13	14	15	16	17	18	19	20	21	22	23	24	25	26	27	28	29	30
200	200	200	200	200	200	200	200	200	200	200	200	200	200	200	200	200	200	200	200	200	200	200	200	200	200	200	200	200	200
200	200	200	200	200	200	200	200	200	200	200	200	200	200	200	200	200	200	200	200	200	200	200	200	200	200	200	200	200	200
0.045	0.065	0.155	0.1	0.095	0.145	0.1	0.045	0.05	0.04	0.01	0.15
0.09	0.13	0.105	0.08	0.085	0.095	0.08	0.08	0.04	0.04	0.03	0.145
0.06	0.13	0.135	0.135	0.115	0.075	0.05	0.055	0.035	0.055	0.02	0.135
0.085	0.085	0.14	0.11	0.09	0.06	0.065	0.07	0.04	0.045	0.055	0.155
0.095	0.075	0.145	0.175	0.05	0.075	0.09	0.08	0.045	0.045	0.025	0.1
0.095	0.15	0.095	0.1	0.155	0.075	0.055	0.045	0.05	0.03	0.04	0.11
0.09	0.125	0.15	0.125	0.1	0.13	0.04	0.05	0.035	0.04	0.03	0.085
0.125	0.11	0.185	0.14	0.08	0.105	0.07	0.035	0.01	0.03	0.03	0.08
0.05	0.14	0.12	0.145	0.135	0.065	0.055	0.07	0.03	0.02	0.02	0.15
0.095	0.105	0.19	0.12	0.14	0.085	0.065	0.05	0.04	0.025	0.005	0.08
0.055	0.17	0.145	0.17	0.125	0.1	0.06	0.03	0.03	0.015	0.02	0.08
0.08	0.15	0.115	0.115	0.125	0.105	0.08	0.08	0.01	0.04	0.03	0.07
0.12	0.1	0.16	0.15	0.075	0.125	0.055	0.045	0.05	0.015	0.02	0.085
0.12	0.16	0.095	0.165	0.12	0.06	0.09	0.035	0.03	0.035	0.015	0.075
0.12	0.135	0.125	0.11	0.165	0.085	0.05	0.055	0.02	0.02	0.03	0.085
0.09	0.13	0.165	0.115	0.115	0.125	0.08	0.05	0.04	0.025	0.02	0.045
0.135	0.13	0.17	0.195	0.065	0.07	0.075	0.065	0.04	0.015	0	0.04
0.06	0.195	0.21	0.11	0.135	0.07	0.025	0.045	0.035	0.04	0.035	0.04
0.105	0.125	0.23	0.17	0.1	0.06	0.06	0.04	0.02	0.025	0.02	0.045
0.09	0.185	0.18	0.145	0.14	0.075	0.055	0.01	0.03	0.02	0.005	0.065
0.21	0.15	0.145	0.1	0.13	0.11	0.06	0.035	0.02	0.01	0.005	0.025
0.095	0.25	0.19	0.15	0.075	0.095	0.03	0.04	0.025	0.01	0	0.04
0.115	0.215	0.255	0.145	0.08	0.045	0.06	0.035	0.01	0.02	0	0.02
0.125	0.185	0.285	0.15	0.08	0.05	0.025	0.025	0.04	0.01	0.005	0.02
0.245	0.15	0.16	0.175	0.135	0.065	0.025	0.02	0.02	0	0	0.005
0.11	0.24	0.195	0.16	0.11	0.08	0.03	0.025	0.02	0.015	0.005	0.01
0.17	0.18	0.235	0.18	0.08	0.04	0.055	0.015	0.03	0.005	0.01	0
0.175	0.19	0.155	0.175	0.095	0.085	0.03	0.025	0.015	0.015	0.005	0.035
0.215	0.245	0.185	0.1	0.1	0.06	0.03	0.03	0.02	0.005	0.005	0.005
0.17	0.32	0.15	0.12	0.09	0.075	0.03	0.02	0.005	0.015	0	0.005
#######PARAMETER SECTION#######
800	400	1200	-4	800	-0.25	1
0.18	0.01	1	-4	0.18	-0.25	1
-1.36	-5	-0.001	-4	-1.36	-0.25	1
0.1	0.05	0.3	-4	0.1	-0.25	1
0.2	0.01	0.5	-4	0.2	-0.25	1
0.75	0.20001	1	-3	0.75	-0.25	1
13.815511	-1	200	1	13.815511	-0.25	1
0	-1	1	-4	0	-0.25	1
0.2	1e-04	1.2	-3	0.2	-0.25	1
0	-10	10	-6	0	-1	1
0	-10	10	-6	0	-1	1
2	0	12	-2	2	-0.5	1
1	0	12	-2	1	-0.5	1
2	0	12	-2	2	-0.5	1
1	0	12	-2	1	-0.5	1
1.5	0	12	-2	1.5	-0.5	1
2	0	12	-2	2	-0.5	1
-14.8682006803499	-30	5	1	-14.8682006803499	-1	1
1	0.1	2	-1	1	-1	1
-1.51930887058023	-10	1.39	1	-1.51930887058023	-1	1
#######DEV CONSTRAINTS and DEVS#######
-15	15	2
-15	15	2
-15	15	2
0	0	0	0	0	0	0	0	0	0	0	0	0	0	0	0	0	0	0	0	0	0	0	0	0	0	0	0	0	0
0	0	0	0	0	0	0	0	0	0	0	0	0	0	0	0	0	0	0	0	0	0	0	0	0	0	0	0	0	0
0	0	0	0	0	0	0	0	0	0	0
#######LIKELIHOOD WEIGHTS#######
1
1
1
1
0
1
0
0
0
#######MISCELLANEOUS STUFF SECTION#######
2.5e-08
3
0.5	0.5	0.5	0.5	0.5	0.5	0.5	0.5	0.5	0.5	0.5	0.5
0.0229773699100256	0.320821300824607	0.904650535100891	0.994779874306442	0.999738809680904	0.999986992871533	0.999999352405202	0.999999967758134	0.999999998394772	0.99999999992008	0.999999999996021	0.999999999999802
0.2	0.2	0.2	0.2	0.2	0.2	0.2	0.2	0.2	0.2	0.2	0.2
0
1
10
0.2
1
1	0	0	0	0	0	0	0	0	0	0	0
0	1	0	0	0	0	0	0	0	0	0	0
0	0	1	0	0	0	0	0	0	0	0	0
0	0	0	1	0	0	0	0	0	0	0	0
0	0	0	0	1	0	0	0	0	0	0	0
0	0	0	0	0	1	0	0	0	0	0	0
0	0	0	0	0	0	1	0	0	0	0	0
0	0	0	0	0	0	0	1	0	0	0	0
0	0	0	0	0	0	0	0	1	0	0	0
0	0	0	0	0	0	0	0	0	1	0	0
0	0	0	0	0	0	0	0	0	0	1	0
0	0	0	0	0	0	0	0	0	0	0	1
40
31
2
1
#######END OF DATA FILE#######
999
