# Number of parameters = 73  Objective function value = 26431.8  Maximum gradient component = 0.00232014
# sel_params[1]:
2.00000000000
# sel_params[2]:
1.00000000000
# log_Fmult_year1:
 -4.69387169389
# log_Fmult_devs:
 1.07185666164 0.516094095404 0.302143926713 -0.215306685987 0.577477065489 0.0205283366633 0.749109342897 -0.531013590576 0.193468761696 0.123532910954 0.0717016430360 -0.327809021112 0.373328659752 0.0639139056281 -0.104509213487 0.673785109995 -0.215830969592 -0.00665431108285 -0.0134400326603 0.330077011014 -0.316462968783 0.499837841310 -0.182610063498 -0.0141511634198 -0.0935759553924 -0.0234439642361 0.323908227974 -0.276648800559 0.404832453456
# log_recruit_devs:
 -0.0259504117114 0.196538612327 -0.0566811138314 -0.185838022821 0.286708497119 0.268764835024 -0.0798605787804 0.177491276314 -0.0785528339393 0.135691352604 0.0979395399576 -0.120314748084 -0.102490962235 0.0658386598332 -0.0266055711986 0.131711342914 0.112358894121 -0.256163220764 -0.162665227072 -0.325671559442 0.134261327070 0.0289385569398 -0.0629435282934 -0.200331200526 0.0850108187555 -0.241877500573 -0.0965214863256 0.0888105850579 0.261787997691 -0.0493843301325
# log_N_year1_devs:
 -0.00424576955838 0.0136224337207 0.0667432601511 -0.0995974950752 0.0471658635344 0.122077900288 -0.236027770227 -0.102286630780 -0.148667464467 0.328485461168 -0.153377715701
# log_q_year1:
 -7.96867614627
# log_q_devs:
 0.00000000000 0.00000000000 0.00000000000 0.00000000000 0.00000000000 0.00000000000 0.00000000000 0.00000000000 0.00000000000 0.00000000000 0.00000000000 0.00000000000 0.00000000000 0.00000000000 0.00000000000 0.00000000000 0.00000000000 0.00000000000 0.00000000000 0.00000000000 0.00000000000 0.00000000000 0.00000000000 0.00000000000 0.00000000000 0.00000000000 0.00000000000 0.00000000000 0.00000000000
# index_sel_params[1]:
1.50000000000
# index_sel_params[2]:
0.500000000000
# log_SR_scaler:
6.91156117003
# SR_steepness:
0.750000000000
