# Number of parameters = 73  Objective function value = 26277.2  Maximum gradient component = 0.000485969
# sel_params[1]:
2.00000000000
# sel_params[2]:
1.00000000000
# log_Fmult_year1:
 -4.65706750296
# log_Fmult_devs:
 1.07943360581 0.505526665869 0.310787234863 -0.220802711931 0.579042193249 0.00369325444156 0.746966877853 -0.534462569042 0.202007409922 0.124328520498 0.0683417358488 -0.313540001610 0.369799241321 0.0524084200189 -0.104653565195 0.666878594288 -0.196702605019 -0.00746723639453 -0.0102752389762 0.320367638598 -0.312833620723 0.492264779740 -0.192897005684 -0.0237067461906 -0.0919256541314 -0.0323060079273 0.317405430270 -0.303902457317 0.403113891175
# log_recruit_devs:
 -0.0768951695655 0.288166389237 -0.0996559385503 -0.210565981255 0.367359708387 0.196296912913 -0.122022086470 0.154304695759 -0.000149768491999 -0.0101011078554 0.0623726271427 -0.00733988296183 -0.142612775969 0.0419965877595 -0.105259518722 0.100415470887 0.104833706430 -0.203687363360 -0.143400810191 -0.300966452057 0.144018951245 0.120055198763 -0.0565234955997 -0.231457016144 0.0770224812530 -0.249065721431 -0.0193819555440 0.106147930972 0.220357016996 -0.00426263357751
# log_N_year1_devs:
 -0.0861995022029 -0.0836851044790 -0.0632843338574 -0.00526780843647 0.108835678135 -0.169226959860 -0.160930436966 -0.216751156073 -0.159861122624 -0.0913754241600 -0.0409025438609
# log_q_year1:
 -7.96206001261
# log_q_devs:
 0.00000000000 0.00000000000 0.00000000000 0.00000000000 0.00000000000 0.00000000000 0.00000000000 0.00000000000 0.00000000000 0.00000000000 0.00000000000 0.00000000000 0.00000000000 0.00000000000 0.00000000000 0.00000000000 0.00000000000 0.00000000000 0.00000000000 0.00000000000 0.00000000000 0.00000000000 0.00000000000 0.00000000000 0.00000000000 0.00000000000 0.00000000000 0.00000000000 0.00000000000
# index_sel_params[1]:
1.50000000000
# index_sel_params[2]:
0.500000000000
# log_SR_scaler:
6.92444956457
# SR_steepness:
0.750000000000
