#######GENERAL HEADER INPUT#######
1
30
1
30
1
30
30
12
1	2	3	4	5	6	7	8	9	10	11	12
12
1	2	3	4	5	6	7	8	9	10	11	12
1
101
1
1
#######SURVEY DATA#######
30
1	2	3	4	5	6	7	8	9	10	11	12	13	14	15	16	17	18	19	20	21	22	23	24	25	26	27	28	29	30
1.58561633919935	1.41110225877958	1.39734468078663	1.49676694985427	1.32708903692495	1.79611910945084	1.40557441970336	1.37035696692986	1.04781420759702	1.41503177724747	1.20208234147621	1.0825747205895	1.18144723130368	0.943157471063682	1.01356552800302	0.918134283569417	1.02538450230401	0.767404616415594	0.713559762910441	0.734460656702637	0.74892243959445	0.668982831433797	0.664980427661313	0.663067815875036	0.574609385758312	0.648914582663939	0.522500827249199	0.547823805582068	0.569781668918316	0.524661088272826
0.2	0.2	0.2	0.2	0.2	0.2	0.2	0.2	0.2	0.2	0.2	0.2	0.2	0.2	0.2	0.2	0.2	0.2	0.2	0.2	0.2	0.2	0.2	0.2	0.2	0.2	0.2	0.2	0.2	0.2
30
1	2	3	4	5	6	7	8	9	10	11	12	13	14	15	16	17	18	19	20	21	22	23	24	25	26	27	28	29	30
200	200	200	200	200	200	200	200	200	200	200	200	200	200	200	200	200	200	200	200	200	200	200	200	200	200	200	200	200	200
200	200	200	200	200	200	200	200	200	200	200	200	200	200	200	200	200	200	200	200	200	200	200	200	200	200	200	200	200	200
0.055	0.15	0.17	0.105	0.105	0.09	0.05	0.065	0.045	0.02	0.035	0.11
0.04	0.15	0.1	0.12	0.125	0.075	0.055	0.07	0.075	0.05	0.02	0.12
0.035	0.17	0.165	0.09	0.14	0.06	0.06	0.055	0.045	0.03	0.03	0.12
0.055	0.175	0.205	0.08	0.1	0.055	0.07	0.06	0.04	0.045	0.03	0.085
0.09	0.12	0.145	0.135	0.09	0.085	0.06	0.045	0.05	0.015	0.03	0.135
0.085	0.2	0.11	0.12	0.115	0.07	0.08	0.045	0.025	0.03	0.02	0.1
0.045	0.18	0.165	0.1	0.06	0.095	0.075	0.06	0.03	0.055	0.03	0.105
0.07	0.175	0.2	0.15	0.05	0.07	0.085	0.04	0.045	0.005	0.03	0.08
0.08	0.155	0.14	0.18	0.12	0.075	0.03	0.055	0.025	0.025	0.02	0.095
0.075	0.16	0.22	0.085	0.14	0.095	0.03	0.04	0.03	0.02	0.025	0.08
0.08	0.155	0.155	0.17	0.1	0.09	0.08	0.025	0.01	0.05	0.025	0.06
0.065	0.205	0.15	0.155	0.12	0.07	0.065	0.05	0.02	0.015	0.025	0.06
0.08	0.13	0.21	0.155	0.115	0.11	0.05	0.04	0.035	0.02	0.01	0.045
0.06	0.16	0.145	0.17	0.125	0.075	0.06	0.035	0.075	0.03	0.015	0.05
0.095	0.19	0.145	0.14	0.135	0.085	0.07	0.03	0.005	0.03	0.025	0.05
0.095	0.17	0.22	0.13	0.095	0.055	0.09	0.03	0.01	0.025	0.01	0.07
0.095	0.2	0.17	0.185	0.1	0.07	0.04	0.04	0.025	0.02	0.005	0.05
0.1	0.22	0.23	0.125	0.1	0.07	0.03	0.03	0.035	0.02	0	0.04
0.095	0.16	0.25	0.18	0.065	0.095	0.03	0.02	0.035	0.015	0	0.055
0.1	0.24	0.125	0.17	0.14	0.07	0.045	0.04	0.015	0.01	0	0.045
0.115	0.17	0.22	0.145	0.105	0.085	0.05	0.02	0.03	0.015	0.01	0.035
0.145	0.29	0.185	0.09	0.095	0.05	0.055	0.035	0.02	0	0.015	0.02
0.07	0.21	0.34	0.12	0.08	0.05	0.045	0.035	0.01	0.015	0.005	0.02
0.075	0.21	0.195	0.24	0.03	0.065	0.055	0.05	0.03	0.01	0.01	0.03
0.185	0.22	0.22	0.175	0.07	0.05	0.03	0.025	0.005	0	0.005	0.015
0.085	0.285	0.18	0.145	0.15	0.08	0.02	0.015	0.01	0.01	0.005	0.015
0.075	0.215	0.32	0.165	0.085	0.05	0.035	0	0.015	0.015	0.01	0.015
0.115	0.28	0.24	0.13	0.1	0.065	0.035	0.005	0.015	0.005	0.005	0.005
0.155	0.325	0.185	0.09	0.095	0.075	0.04	0.005	0.025	0.005	0	0
0.125	0.34	0.24	0.13	0.06	0.055	0.02	0.01	0.02	0	0	0
#######LANDINGS DATA#######
1
30
160.348931704959	469.873227986666	757.800278238297	992.460436362014	773.691308411026	1330.38415700521	1275.95267978223	2495.21983999348	1341.42419937144	1531.89853785171	1612.90992324303	1621.90657600875	1100.19176362887	1544.30436465086	1519.65381520035	1274.87135092935	2242.75414888414	1604.50240844493	1466.8378759053	1319.4171691718	1607.3908538956	1081.33389465503	1623.4494497153	1202.10804143997	1120.88589180445	970.232838067551	923.281561465654	1222.17647189016	875.126892756865	1278.14694667666
0.01	0.01	0.01	0.01	0.01	0.01	0.01	0.01	0.01	0.01	0.01	0.01	0.01	0.01	0.01	0.01	0.01	0.01	0.01	0.01	0.01	0.01	0.01	0.01	0.01	0.01	0.01	0.01	0.01	0.01
30
1	2	3	4	5	6	7	8	9	10	11	12	13	14	15	16	17	18	19	20	21	22	23	24	25	26	27	28	29	30
200	200	200	200	200	200	200	200	200	200	200	200	200	200	200	200	200	200	200	200	200	200	200	200	200	200	200	200	200	200
200	200	200	200	200	200	200	200	200	200	200	200	200	200	200	200	200	200	200	200	200	200	200	200	200	200	200	200	200	200
0.06	0.075	0.15	0.12	0.07	0.105	0.06	0.075	0.05	0.06	0.035	0.14
0.07	0.14	0.155	0.095	0.1	0.075	0.06	0.035	0.06	0.05	0.04	0.12
0.05	0.155	0.155	0.11	0.08	0.065	0.07	0.05	0.05	0.04	0.025	0.15
0.04	0.105	0.155	0.115	0.115	0.075	0.095	0.1	0.045	0.025	0.01	0.12
0.115	0.065	0.065	0.22	0.11	0.045	0.075	0.095	0.035	0.025	0.035	0.115
0.095	0.115	0.125	0.13	0.145	0.095	0.055	0.07	0.04	0.03	0.02	0.08
0.065	0.12	0.175	0.115	0.085	0.105	0.08	0.05	0.065	0.02	0.02	0.1
0.09	0.095	0.145	0.205	0.07	0.075	0.07	0.065	0.045	0.015	0.025	0.1
0.085	0.175	0.145	0.155	0.13	0.05	0.03	0.02	0.035	0.035	0.015	0.125
0.085	0.135	0.115	0.095	0.13	0.125	0.06	0.065	0.045	0.02	0.015	0.11
0.08	0.15	0.1	0.185	0.11	0.105	0.05	0.03	0.03	0.05	0.025	0.085
0.11	0.155	0.15	0.14	0.105	0.075	0.085	0.055	0.01	0.04	0.02	0.055
0.065	0.12	0.17	0.16	0.14	0.095	0.055	0.07	0.025	0.02	0	0.08
0.065	0.13	0.19	0.12	0.145	0.08	0.075	0.045	0.04	0.03	0	0.08
0.125	0.215	0.16	0.135	0.075	0.12	0.045	0.04	0	0.02	0.01	0.055
0.08	0.155	0.17	0.2	0.115	0.11	0.06	0.035	0.015	0.015	0.01	0.035
0.09	0.205	0.12	0.16	0.115	0.08	0.075	0.06	0.015	0.025	0.01	0.045
0.11	0.245	0.18	0.12	0.115	0.07	0.055	0.03	0.03	0.01	0.005	0.03
0.145	0.115	0.235	0.145	0.09	0.09	0.055	0.03	0.035	0.02	0.015	0.025
0.14	0.16	0.155	0.15	0.125	0.09	0.035	0.02	0.025	0.025	0.015	0.06
0.165	0.14	0.185	0.105	0.16	0.065	0.075	0.025	0.005	0.02	0.015	0.04
0.16	0.21	0.16	0.125	0.06	0.1	0.07	0.02	0.035	0.015	0.015	0.03
0.14	0.245	0.215	0.095	0.11	0.04	0.035	0.04	0.02	0.01	0.01	0.04
0.09	0.195	0.185	0.23	0.115	0.07	0.02	0.055	0.02	0.01	0	0.01
0.185	0.12	0.15	0.215	0.15	0.055	0.065	0.015	0.02	0.01	0.01	0.005
0.17	0.21	0.155	0.12	0.14	0.095	0.025	0.025	0.025	0.015	0.01	0.01
0.16	0.21	0.21	0.145	0.11	0.055	0.07	0.03	0.005	0	0	0.005
0.19	0.175	0.17	0.18	0.085	0.05	0.075	0.04	0.015	0	0.005	0.015
0.215	0.235	0.18	0.135	0.12	0.045	0.03	0.02	0.005	0.005	0.005	0.005
0.155	0.23	0.195	0.19	0.065	0.07	0.04	0.02	0.02	0	0.005	0.01
#######PARAMETER SECTION#######
800	400	1200	-4	800	-0.25	1
0.18	0.01	1	-4	0.18	-0.25	1
-1.36	-5	-0.001	-4	-1.36	-0.25	1
0.1	0.05	0.3	-4	0.1	-0.25	1
0.2	0.01	0.5	-4	0.2	-0.25	1
0.75	0.20001	1	-3	0.75	-0.25	1
13.815511	-1	200	1	13.815511	-0.25	1
0	-1	1	-4	0	-0.25	1
0.2	1e-04	1.2	-3	0.2	-0.25	1
0	-10	10	-6	0	-1	1
0	-10	10	-6	0	-1	1
2	0	12	-2	2	-0.5	1
1	0	12	-2	1	-0.5	1
2	0	12	-2	2	-0.5	1
1	0	12	-2	1	-0.5	1
1.5	0	12	-2	1.5	-0.5	1
2	0	12	-2	2	-0.5	1
-14.8682006803499	-30	5	1	-14.8682006803499	-1	1
1	0.1	2	-1	1	-1	1
-1.51930887058023	-10	1.39	1	-1.51930887058023	-1	1
#######DEV CONSTRAINTS and DEVS#######
-15	15	2
-15	15	2
-15	15	2
0	0	0	0	0	0	0	0	0	0	0	0	0	0	0	0	0	0	0	0	0	0	0	0	0	0	0	0	0	0
0	0	0	0	0	0	0	0	0	0	0	0	0	0	0	0	0	0	0	0	0	0	0	0	0	0	0	0	0	0
0	0	0	0	0	0	0	0	0	0	0
#######LIKELIHOOD WEIGHTS#######
1
1
1
1
0
1
0
0
0
#######MISCELLANEOUS STUFF SECTION#######
2.5e-08
3
0.5	0.5	0.5	0.5	0.5	0.5	0.5	0.5	0.5	0.5	0.5	0.5
0.0229773699100256	0.320821300824607	0.904650535100891	0.994779874306442	0.999738809680904	0.999986992871533	0.999999352405202	0.999999967758134	0.999999998394772	0.99999999992008	0.999999999996021	0.999999999999802
0.2	0.2	0.2	0.2	0.2	0.2	0.2	0.2	0.2	0.2	0.2	0.2
0
1
10
0.2
1
1	0	0	0	0	0	0	0	0	0	0	0
0	1	0	0	0	0	0	0	0	0	0	0
0	0	1	0	0	0	0	0	0	0	0	0
0	0	0	1	0	0	0	0	0	0	0	0
0	0	0	0	1	0	0	0	0	0	0	0
0	0	0	0	0	1	0	0	0	0	0	0
0	0	0	0	0	0	1	0	0	0	0	0
0	0	0	0	0	0	0	1	0	0	0	0
0	0	0	0	0	0	0	0	1	0	0	0
0	0	0	0	0	0	0	0	0	1	0	0
0	0	0	0	0	0	0	0	0	0	1	0
0	0	0	0	0	0	0	0	0	0	0	1
40
31
2
1
#######END OF DATA FILE#######
999
