#######GENERAL HEADER INPUT#######
1
30
1
30
1
30
30
12
1	2	3	4	5	6	7	8	9	10	11	12
12
1	2	3	4	5	6	7	8	9	10	11	12
1
101
1
1
#######SURVEY DATA#######
30
1	2	3	4	5	6	7	8	9	10	11	12	13	14	15	16	17	18	19	20	21	22	23	24	25	26	27	28	29	30
1.46262400802254	1.62003763818264	1.69603250834195	1.49458390566501	1.24714784135008	1.42468078486701	1.37158212800863	1.6995734456924	1.06175941303976	1.1097331664372	1.29101240398973	1.13735035824596	1.18805128849403	1.22254911416776	1.09101258072993	0.990392750374628	0.872875699780907	0.867350060526873	0.762133473608492	0.765855033630122	0.56742660778577	0.647414729334326	0.721290764683788	0.564822229225696	0.539033244193414	0.619798178293206	0.568298980722684	0.504104395323735	0.503684151810705	0.515023228946463
0.2	0.2	0.2	0.2	0.2	0.2	0.2	0.2	0.2	0.2	0.2	0.2	0.2	0.2	0.2	0.2	0.2	0.2	0.2	0.2	0.2	0.2	0.2	0.2	0.2	0.2	0.2	0.2	0.2	0.2
30
1	2	3	4	5	6	7	8	9	10	11	12	13	14	15	16	17	18	19	20	21	22	23	24	25	26	27	28	29	30
200	200	200	200	200	200	200	200	200	200	200	200	200	200	200	200	200	200	200	200	200	200	200	200	200	200	200	200	200	200
200	200	200	200	200	200	200	200	200	200	200	200	200	200	200	200	200	200	200	200	200	200	200	200	200	200	200	200	200	200
0.055	0.1	0.19	0.135	0.125	0.07	0.045	0.06	0.04	0.025	0.04	0.115
0.08	0.12	0.09	0.165	0.105	0.09	0.085	0.05	0.045	0.045	0.015	0.11
0.05	0.195	0.11	0.145	0.085	0.1	0.11	0.05	0.04	0.025	0.01	0.08
0.055	0.16	0.175	0.115	0.07	0.07	0.115	0.06	0.05	0.025	0.01	0.095
0.105	0.12	0.085	0.165	0.1	0.085	0.06	0.065	0.06	0.035	0.02	0.1
0.05	0.215	0.115	0.09	0.105	0.095	0.065	0.065	0.04	0.025	0.015	0.12
0.055	0.14	0.18	0.12	0.13	0.11	0.035	0.04	0.035	0.02	0.02	0.115
0.075	0.16	0.245	0.2	0.06	0.045	0.025	0.045	0.045	0.035	0.02	0.045
0.06	0.21	0.15	0.155	0.12	0.045	0.04	0.07	0.03	0.03	0.005	0.085
0.06	0.175	0.145	0.095	0.11	0.11	0.05	0.035	0.065	0.025	0.03	0.1
0.11	0.175	0.205	0.15	0.095	0.065	0.07	0.025	0.035	0.02	0	0.05
0.07	0.225	0.195	0.095	0.105	0.06	0.06	0.055	0.025	0.02	0.025	0.065
0.08	0.16	0.2	0.135	0.09	0.06	0.07	0.06	0.03	0.03	0.005	0.08
0.12	0.18	0.175	0.15	0.095	0.075	0.06	0.03	0.025	0.01	0.015	0.065
0.075	0.22	0.2	0.12	0.115	0.075	0.05	0.045	0.03	0.02	0.015	0.035
0.075	0.22	0.235	0.075	0.095	0.075	0.075	0.02	0.02	0.05	0.015	0.045
0.1	0.195	0.17	0.16	0.125	0.065	0.05	0.05	0.015	0.015	0.01	0.045
0.055	0.285	0.2	0.135	0.075	0.05	0.07	0.025	0.03	0.03	0.005	0.04
0.105	0.195	0.21	0.165	0.11	0.065	0.05	0.03	0.01	0.025	0.005	0.03
0.1	0.21	0.145	0.165	0.105	0.075	0.065	0.035	0.02	0.005	0.01	0.065
0.14	0.22	0.185	0.115	0.1	0.12	0.055	0.015	0.01	0.015	0.005	0.02
0.105	0.275	0.18	0.17	0.06	0.08	0.05	0.025	0.005	0.025	0.015	0.01
0.095	0.3	0.21	0.115	0.115	0.05	0.035	0.025	0.01	0.005	0.015	0.025
0.1	0.24	0.29	0.155	0.065	0.065	0.03	0.01	0.02	0.005	0	0.02
0.18	0.115	0.2	0.195	0.2	0.035	0.025	0.01	0.015	0.005	0	0.02
0.1	0.27	0.215	0.095	0.125	0.085	0.04	0.025	0.015	0.015	0.01	0.005
0.11	0.21	0.31	0.125	0.08	0.075	0.045	0.015	0.015	0.005	0	0.01
0.12	0.265	0.19	0.185	0.075	0.035	0.08	0.02	0.005	0.015	0.005	0.005
0.15	0.26	0.24	0.095	0.095	0.04	0.025	0.025	0.04	0.005	0.01	0.015
0.105	0.265	0.21	0.185	0.105	0.04	0.035	0.035	0.015	0.005	0	0
#######LANDINGS DATA#######
1
30
161.857749554514	466.115231232764	763.15348035466	990.972260676684	772.908342641994	1327.68938654887	1283.68470339143	2471.19085701795	1327.98816150961	1526.97155468324	1623.93371689461	1613.23861934862	1106.00988550802	1513.35229064596	1525.17881127207	1279.26652192089	2251.10660817787	1614.88459294239	1454.47643705952	1317.01956571653	1619.19653121704	1078.28140576758	1633.01779338185	1209.90439070977	1114.00366208805	963.449430831041	928.112609970235	1217.06530158664	871.571914475533	1274.5784349768
0.01	0.01	0.01	0.01	0.01	0.01	0.01	0.01	0.01	0.01	0.01	0.01	0.01	0.01	0.01	0.01	0.01	0.01	0.01	0.01	0.01	0.01	0.01	0.01	0.01	0.01	0.01	0.01	0.01	0.01
30
1	2	3	4	5	6	7	8	9	10	11	12	13	14	15	16	17	18	19	20	21	22	23	24	25	26	27	28	29	30
200	200	200	200	200	200	200	200	200	200	200	200	200	200	200	200	200	200	200	200	200	200	200	200	200	200	200	200	200	200
200	200	200	200	200	200	200	200	200	200	200	200	200	200	200	200	200	200	200	200	200	200	200	200	200	200	200	200	200	200
0.07	0.08	0.12	0.1	0.12	0.095	0.095	0.05	0.055	0.04	0.055	0.12
0.095	0.09	0.175	0.11	0.1	0.08	0.075	0.03	0.035	0.025	0.005	0.18
0.1	0.17	0.13	0.09	0.095	0.085	0.08	0.06	0.05	0.045	0.02	0.075
0.06	0.145	0.18	0.095	0.08	0.1	0.095	0.04	0.04	0.04	0.015	0.11
0.09	0.095	0.13	0.145	0.14	0.06	0.05	0.08	0.04	0.03	0.03	0.11
0.08	0.18	0.13	0.085	0.12	0.1	0.045	0.05	0.04	0.005	0.015	0.15
0.07	0.135	0.18	0.095	0.1	0.095	0.06	0.06	0.025	0.03	0.03	0.12
0.08	0.12	0.21	0.16	0.07	0.055	0.065	0.055	0.02	0.045	0.03	0.09
0.095	0.12	0.105	0.14	0.17	0.06	0.06	0.045	0.025	0.02	0.04	0.12
0.11	0.13	0.145	0.085	0.11	0.11	0.04	0.055	0.05	0.02	0.03	0.115
0.14	0.17	0.13	0.14	0.075	0.055	0.09	0.045	0.025	0.03	0.02	0.08
0.11	0.15	0.145	0.135	0.15	0.07	0.05	0.065	0.01	0.025	0.015	0.075
0.1	0.115	0.21	0.18	0.075	0.07	0.055	0.04	0.04	0.02	0.015	0.08
0.065	0.165	0.13	0.155	0.11	0.095	0.08	0.055	0.055	0.02	0.005	0.065
0.085	0.125	0.165	0.175	0.12	0.07	0.035	0.07	0.02	0.01	0.035	0.09
0.16	0.14	0.2	0.135	0.06	0.085	0.07	0.025	0.02	0.01	0.045	0.05
0.09	0.195	0.15	0.15	0.075	0.04	0.06	0.08	0.02	0.03	0.02	0.09
0.1	0.15	0.185	0.13	0.16	0.1	0.025	0.04	0.02	0.01	0.03	0.05
0.1	0.16	0.21	0.18	0.12	0.075	0.015	0.04	0.03	0.02	0.005	0.045
0.105	0.19	0.14	0.185	0.12	0.06	0.055	0.05	0.04	0.015	0.02	0.02
0.19	0.135	0.195	0.12	0.1	0.085	0.055	0.025	0.025	0.02	0.025	0.025
0.18	0.24	0.155	0.12	0.08	0.07	0.04	0.05	0.025	0.02	0	0.02
0.16	0.21	0.22	0.115	0.1	0.06	0.05	0.035	0.005	0.015	0.005	0.025
0.12	0.22	0.195	0.19	0.08	0.055	0.045	0.035	0.01	0.025	0.005	0.02
0.2	0.17	0.205	0.13	0.125	0.075	0.02	0.005	0.025	0.005	0.015	0.025
0.105	0.29	0.14	0.14	0.16	0.075	0.03	0.02	0.01	0.005	0.005	0.02
0.18	0.185	0.25	0.115	0.095	0.1	0.04	0.005	0.01	0	0.005	0.015
0.17	0.225	0.17	0.2	0.09	0.03	0.04	0.03	0.01	0.015	0.005	0.015
0.16	0.195	0.18	0.125	0.135	0.08	0.05	0.025	0.02	0.005	0.005	0.02
0.13	0.275	0.27	0.135	0.04	0.05	0.045	0.01	0.005	0.01	0.005	0.025
#######PARAMETER SECTION#######
800	400	1200	-4	800	-0.25	1
0.18	0.01	1	-4	0.18	-0.25	1
-1.36	-5	-0.001	-4	-1.36	-0.25	1
0.1	0.05	0.3	-4	0.1	-0.25	1
0.2	0.01	0.5	-4	0.2	-0.25	1
0.75	0.20001	1	-3	0.75	-0.25	1
13.815511	-1	200	1	13.815511	-0.25	1
0	-1	1	-4	0	-0.25	1
0.2	1e-04	1.2	-3	0.2	-0.25	1
0	-10	10	-6	0	-1	1
0	-10	10	-6	0	-1	1
2	0	12	-2	2	-0.5	1
1	0	12	-2	1	-0.5	1
2	0	12	-2	2	-0.5	1
1	0	12	-2	1	-0.5	1
1.5	0	12	-2	1.5	-0.5	1
2	0	12	-2	2	-0.5	1
-14.8682006803499	-30	5	1	-14.8682006803499	-1	1
1	0.1	2	-1	1	-1	1
-1.51930887058023	-10	1.39	1	-1.51930887058023	-1	1
#######DEV CONSTRAINTS and DEVS#######
-15	15	2
-15	15	2
-15	15	2
0	0	0	0	0	0	0	0	0	0	0	0	0	0	0	0	0	0	0	0	0	0	0	0	0	0	0	0	0	0
0	0	0	0	0	0	0	0	0	0	0	0	0	0	0	0	0	0	0	0	0	0	0	0	0	0	0	0	0	0
0	0	0	0	0	0	0	0	0	0	0
#######LIKELIHOOD WEIGHTS#######
1
1
1
1
0
1
0
0
0
#######MISCELLANEOUS STUFF SECTION#######
2.5e-08
3
0.5	0.5	0.5	0.5	0.5	0.5	0.5	0.5	0.5	0.5	0.5	0.5
0.0229773699100256	0.320821300824607	0.904650535100891	0.994779874306442	0.999738809680904	0.999986992871533	0.999999352405202	0.999999967758134	0.999999998394772	0.99999999992008	0.999999999996021	0.999999999999802
0.2	0.2	0.2	0.2	0.2	0.2	0.2	0.2	0.2	0.2	0.2	0.2
0
1
10
0.2
1
1	0	0	0	0	0	0	0	0	0	0	0
0	1	0	0	0	0	0	0	0	0	0	0
0	0	1	0	0	0	0	0	0	0	0	0
0	0	0	1	0	0	0	0	0	0	0	0
0	0	0	0	1	0	0	0	0	0	0	0
0	0	0	0	0	1	0	0	0	0	0	0
0	0	0	0	0	0	1	0	0	0	0	0
0	0	0	0	0	0	0	1	0	0	0	0
0	0	0	0	0	0	0	0	1	0	0	0
0	0	0	0	0	0	0	0	0	1	0	0
0	0	0	0	0	0	0	0	0	0	1	0
0	0	0	0	0	0	0	0	0	0	0	1
40
31
2
1
#######END OF DATA FILE#######
999
