#######GENERAL HEADER INPUT#######
1
30
1
30
1
30
30
12
1	2	3	4	5	6	7	8	9	10	11	12
12
1	2	3	4	5	6	7	8	9	10	11	12
1
101
1
1
#######SURVEY DATA#######
30
1	2	3	4	5	6	7	8	9	10	11	12	13	14	15	16	17	18	19	20	21	22	23	24	25	26	27	28	29	30
1.50908126454386	1.53021445803175	1.47300918777922	1.60745115537704	1.44392322850368	1.42854877318463	1.76369906475207	1.52548960131506	1.20759238492195	1.22758758491138	1.35260105819587	1.22357816576164	1.10961683030262	0.947672067011038	1.13439981631159	1.06735096131998	1.01023481981594	0.734900816279206	0.684405542477024	0.892604931345135	0.631325669246694	0.696225836537494	0.646203683114889	0.741837868934222	0.741023254908321	0.606703436592951	0.55019788227185	0.495922107174907	0.554824440164946	0.512324187985279
0.2	0.2	0.2	0.2	0.2	0.2	0.2	0.2	0.2	0.2	0.2	0.2	0.2	0.2	0.2	0.2	0.2	0.2	0.2	0.2	0.2	0.2	0.2	0.2	0.2	0.2	0.2	0.2	0.2	0.2
30
1	2	3	4	5	6	7	8	9	10	11	12	13	14	15	16	17	18	19	20	21	22	23	24	25	26	27	28	29	30
200	200	200	200	200	200	200	200	200	200	200	200	200	200	200	200	200	200	200	200	200	200	200	200	200	200	200	200	200	200
200	200	200	200	200	200	200	200	200	200	200	200	200	200	200	200	200	200	200	200	200	200	200	200	200	200	200	200	200	200
0.07	0.125	0.13	0.115	0.095	0.075	0.08	0.085	0.045	0.02	0.02	0.14
0.095	0.16	0.145	0.085	0.085	0.075	0.05	0.05	0.04	0.025	0.055	0.135
0.075	0.15	0.14	0.115	0.085	0.09	0.07	0.035	0.035	0.025	0.045	0.135
0.065	0.16	0.15	0.12	0.105	0.12	0.055	0.045	0.05	0.02	0.03	0.08
0.065	0.12	0.125	0.17	0.11	0.07	0.07	0.035	0.055	0.05	0.02	0.11
0.1	0.23	0.145	0.095	0.065	0.075	0.06	0.035	0.02	0.03	0.01	0.135
0.055	0.17	0.15	0.125	0.095	0.08	0.05	0.06	0.05	0.04	0.035	0.09
0.1	0.12	0.195	0.195	0.06	0.09	0.05	0.04	0.025	0.01	0.015	0.1
0.055	0.17	0.17	0.145	0.115	0.065	0.04	0.065	0.035	0.015	0.025	0.1
0.085	0.18	0.23	0.11	0.14	0.08	0.015	0.03	0.05	0.03	0.01	0.04
0.075	0.205	0.165	0.145	0.07	0.105	0.06	0.035	0.025	0.01	0.045	0.06
0.055	0.205	0.195	0.125	0.12	0.09	0.07	0.04	0.015	0.01	0.02	0.055
0.055	0.15	0.215	0.155	0.085	0.09	0.06	0.025	0.065	0.02	0.02	0.06
0.055	0.155	0.15	0.17	0.125	0.06	0.06	0.04	0.06	0.02	0.01	0.095
0.06	0.21	0.22	0.13	0.1	0.06	0.035	0.05	0.025	0.035	0.005	0.07
0.095	0.215	0.17	0.13	0.085	0.105	0.045	0.04	0.03	0.025	0.02	0.04
0.12	0.22	0.19	0.145	0.09	0.055	0.02	0.04	0.035	0.025	0.02	0.04
0.065	0.265	0.235	0.125	0.1	0.06	0.04	0.045	0.005	0	0.015	0.045
0.08	0.15	0.19	0.165	0.14	0.07	0.05	0.045	0.04	0.015	0.01	0.045
0.085	0.19	0.205	0.14	0.12	0.08	0.05	0.04	0.03	0.01	0.015	0.035
0.165	0.195	0.155	0.135	0.125	0.1	0.05	0.02	0.025	0	0.005	0.025
0.125	0.34	0.145	0.115	0.075	0.08	0.05	0.015	0.01	0.02	0.005	0.02
0.1	0.245	0.245	0.115	0.08	0.055	0.05	0.04	0.01	0.005	0.015	0.04
0.09	0.22	0.27	0.155	0.095	0.035	0.015	0.045	0.02	0.01	0.015	0.03
0.095	0.205	0.22	0.15	0.14	0.03	0.065	0.04	0.02	0.01	0.015	0.01
0.09	0.265	0.21	0.13	0.13	0.08	0.02	0.04	0.005	0.015	0.005	0.01
0.095	0.19	0.31	0.175	0.075	0.08	0.035	0.015	0.015	0	0	0.01
0.18	0.245	0.19	0.1	0.085	0.075	0.05	0.035	0.005	0.005	0.015	0.015
0.14	0.295	0.175	0.155	0.115	0.045	0.03	0.015	0.02	0.005	0	0.005
0.095	0.31	0.23	0.16	0.05	0.065	0.02	0.03	0.02	0.005	0.015	0
#######LANDINGS DATA#######
1
30
162.222346631078	466.447233619133	765.648369710474	1000.00883461208	766.475701621277	1317.48685252532	1279.99089400745	2490.21516390536	1314.82317265036	1520.5143508339	1627.01371998368	1602.14509540386	1112.26942965863	1524.29877929389	1508.63880667801	1272.25695298969	2258.12376611335	1614.8186178488	1460.05659472297	1320.64095377459	1626.95242673086	1070.06076406192	1629.2515176256	1192.11597489653	1125.58700400591	968.417186644614	915.858302164539	1205.39626264058	870.593586032081	1277.02411696415
0.01	0.01	0.01	0.01	0.01	0.01	0.01	0.01	0.01	0.01	0.01	0.01	0.01	0.01	0.01	0.01	0.01	0.01	0.01	0.01	0.01	0.01	0.01	0.01	0.01	0.01	0.01	0.01	0.01	0.01
30
1	2	3	4	5	6	7	8	9	10	11	12	13	14	15	16	17	18	19	20	21	22	23	24	25	26	27	28	29	30
200	200	200	200	200	200	200	200	200	200	200	200	200	200	200	200	200	200	200	200	200	200	200	200	200	200	200	200	200	200
200	200	200	200	200	200	200	200	200	200	200	200	200	200	200	200	200	200	200	200	200	200	200	200	200	200	200	200	200	200
0.06	0.09	0.115	0.14	0.105	0.065	0.065	0.095	0.045	0.065	0.025	0.13
0.065	0.115	0.115	0.13	0.135	0.1	0.075	0.05	0.02	0.045	0.025	0.125
0.075	0.15	0.125	0.105	0.09	0.085	0.09	0.065	0.035	0.04	0.03	0.11
0.055	0.115	0.12	0.115	0.1	0.08	0.06	0.07	0.085	0.02	0.04	0.14
0.08	0.145	0.115	0.13	0.1	0.095	0.055	0.045	0.055	0.035	0.035	0.11
0.09	0.15	0.12	0.105	0.135	0.12	0.055	0.02	0.025	0.035	0.03	0.115
0.085	0.125	0.17	0.085	0.085	0.12	0.08	0.05	0.03	0.03	0.03	0.11
0.11	0.115	0.16	0.185	0.075	0.05	0.075	0.015	0.03	0.01	0.045	0.13
0.095	0.165	0.15	0.14	0.15	0.04	0.02	0.055	0.045	0.03	0.025	0.085
0.1	0.14	0.19	0.085	0.115	0.095	0.025	0.03	0.04	0.025	0.04	0.115
0.055	0.1	0.16	0.16	0.085	0.15	0.085	0.06	0.035	0.025	0.025	0.06
0.095	0.105	0.165	0.17	0.12	0.065	0.065	0.075	0.025	0.035	0.025	0.055
0.125	0.115	0.15	0.19	0.115	0.07	0.055	0.065	0.03	0.01	0.025	0.05
0.1	0.13	0.145	0.145	0.135	0.095	0.07	0.04	0.045	0.05	0.01	0.035
0.16	0.145	0.125	0.085	0.155	0.08	0.035	0.07	0.025	0.025	0.035	0.06
0.09	0.165	0.15	0.165	0.085	0.075	0.065	0.02	0.025	0.03	0.025	0.105
0.14	0.215	0.12	0.155	0.105	0.075	0.025	0.05	0.035	0.02	0.02	0.04
0.09	0.13	0.225	0.115	0.15	0.065	0.05	0.035	0.035	0.015	0.025	0.065
0.135	0.145	0.225	0.125	0.09	0.065	0.08	0.04	0.01	0.02	0.015	0.05
0.1	0.13	0.185	0.165	0.105	0.08	0.065	0.045	0.015	0.035	0.02	0.055
0.2	0.14	0.13	0.12	0.12	0.11	0.075	0.02	0.025	0.015	0.005	0.04
0.205	0.215	0.11	0.155	0.105	0.065	0.06	0.03	0.02	0.005	0.005	0.025
0.205	0.225	0.225	0.11	0.08	0.06	0.025	0.035	0.005	0.015	0.01	0.005
0.12	0.175	0.24	0.19	0.09	0.05	0.04	0.02	0.04	0.02	0	0.015
0.15	0.165	0.19	0.155	0.175	0.065	0.03	0.02	0.015	0.02	0	0.015
0.1	0.205	0.2	0.12	0.15	0.115	0.03	0.05	0.01	0.005	0.005	0.01
0.185	0.18	0.18	0.17	0.1	0.085	0.04	0.01	0.02	0.01	0.01	0.01
0.13	0.21	0.155	0.18	0.11	0.085	0.05	0.02	0.015	0.015	0.005	0.025
0.175	0.24	0.18	0.11	0.145	0.04	0.07	0.015	0.01	0.005	0.005	0.005
0.13	0.25	0.23	0.145	0.105	0.04	0.03	0.03	0.02	0.01	0.005	0.005
#######PARAMETER SECTION#######
800	400	1200	-4	800	-0.25	1
0.18	0.01	1	-4	0.18	-0.25	1
-1.36	-5	-0.001	-4	-1.36	-0.25	1
0.1	0.05	0.3	-4	0.1	-0.25	1
0.2	0.01	0.5	-4	0.2	-0.25	1
0.75	0.20001	1	-3	0.75	-0.25	1
13.815511	-1	200	1	13.815511	-0.25	1
0	-1	1	-4	0	-0.25	1
0.2	1e-04	1.2	-3	0.2	-0.25	1
0	-10	10	-6	0	-1	1
0	-10	10	-6	0	-1	1
2	0	12	-2	2	-0.5	1
1	0	12	-2	1	-0.5	1
2	0	12	-2	2	-0.5	1
1	0	12	-2	1	-0.5	1
1.5	0	12	-2	1.5	-0.5	1
2	0	12	-2	2	-0.5	1
-14.8682006803499	-30	5	1	-14.8682006803499	-1	1
1	0.1	2	-1	1	-1	1
-1.51930887058023	-10	1.39	1	-1.51930887058023	-1	1
#######DEV CONSTRAINTS and DEVS#######
-15	15	2
-15	15	2
-15	15	2
0	0	0	0	0	0	0	0	0	0	0	0	0	0	0	0	0	0	0	0	0	0	0	0	0	0	0	0	0	0
0	0	0	0	0	0	0	0	0	0	0	0	0	0	0	0	0	0	0	0	0	0	0	0	0	0	0	0	0	0
0	0	0	0	0	0	0	0	0	0	0
#######LIKELIHOOD WEIGHTS#######
1
1
1
1
0
1
0
0
0
#######MISCELLANEOUS STUFF SECTION#######
2.5e-08
3
0.5	0.5	0.5	0.5	0.5	0.5	0.5	0.5	0.5	0.5	0.5	0.5
0.0229773699100256	0.320821300824607	0.904650535100891	0.994779874306442	0.999738809680904	0.999986992871533	0.999999352405202	0.999999967758134	0.999999998394772	0.99999999992008	0.999999999996021	0.999999999999802
0.2	0.2	0.2	0.2	0.2	0.2	0.2	0.2	0.2	0.2	0.2	0.2
0
1
10
0.2
1
1	0	0	0	0	0	0	0	0	0	0	0
0	1	0	0	0	0	0	0	0	0	0	0
0	0	1	0	0	0	0	0	0	0	0	0
0	0	0	1	0	0	0	0	0	0	0	0
0	0	0	0	1	0	0	0	0	0	0	0
0	0	0	0	0	1	0	0	0	0	0	0
0	0	0	0	0	0	1	0	0	0	0	0
0	0	0	0	0	0	0	1	0	0	0	0
0	0	0	0	0	0	0	0	1	0	0	0
0	0	0	0	0	0	0	0	0	1	0	0
0	0	0	0	0	0	0	0	0	0	1	0
0	0	0	0	0	0	0	0	0	0	0	1
40
31
2
1
#######END OF DATA FILE#######
999
