# Number of parameters = 73  Objective function value = 26372.5  Maximum gradient component = 0.00707747
# sel_params[1]:
2.00000000000
# sel_params[2]:
1.00000000000
# log_Fmult_year1:
 -4.66786859533
# log_Fmult_devs:
 1.08002959059 0.505389288369 0.319345894019 -0.239501439287 0.585727508446 0.0102348325336 0.754491916146 -0.542277932734 0.206125329136 0.139135010337 0.0548968023120 -0.347136352979 0.368229789788 0.0702741800782 -0.115841738275 0.677486136336 -0.198577903944 -0.00527491967097 -0.0271390640561 0.347809667716 -0.336977187835 0.525722455844 -0.196180399301 -0.00157344623445 -0.104087895657 -0.0274980486998 0.329029576297 -0.268571345532 0.418997591308
# log_recruit_devs:
 -0.0899861874489 0.231776901241 -0.0894579180159 -0.153853060997 0.360678591836 0.214246350932 -0.116422989400 0.130474113377 -0.00288488857277 0.161261060133 0.113576423468 -0.130494745313 -0.0441598067309 0.0409262166526 -0.0509856273194 0.0602541451194 0.121630807886 -0.260591950123 -0.131793513003 -0.304919553659 0.168848663253 0.0540229122012 -0.0550647656279 -0.260356618506 0.119524305902 -0.250391196926 -0.145692699776 0.0753734056740 0.141868680845 0.0925929428978
# log_N_year1_devs:
 0.0620313894849 -0.0660489649534 -0.0187035122122 -0.0222490803854 0.0115165212704 -0.131228215541 0.103606964973 -0.208697098726 -0.151897400385 -0.517132251875 -0.0389092750762
# log_q_year1:
 -7.92430527073
# log_q_devs:
 0.00000000000 0.00000000000 0.00000000000 0.00000000000 0.00000000000 0.00000000000 0.00000000000 0.00000000000 0.00000000000 0.00000000000 0.00000000000 0.00000000000 0.00000000000 0.00000000000 0.00000000000 0.00000000000 0.00000000000 0.00000000000 0.00000000000 0.00000000000 0.00000000000 0.00000000000 0.00000000000 0.00000000000 0.00000000000 0.00000000000 0.00000000000 0.00000000000 0.00000000000
# index_sel_params[1]:
1.50000000000
# index_sel_params[2]:
0.500000000000
# log_SR_scaler:
6.90926643689
# SR_steepness:
0.750000000000
