#######GENERAL HEADER INPUT#######
1
30
1
30
1
30
30
12
1	2	3	4	5	6	7	8	9	10	11	12
12
1	2	3	4	5	6	7	8	9	10	11	12
1
101
1
1
#######SURVEY DATA#######
30
1	2	3	4	5	6	7	8	9	10	11	12	13	14	15	16	17	18	19	20	21	22	23	24	25	26	27	28	29	30
1.41227284480382	1.95470321308092	1.50769853195273	1.28780326538249	1.64875583302544	1.54244220439685	1.49630098504362	1.21691800706882	1.50210366551671	1.13518634582958	1.18803591288783	1.20540408214458	1.4411703961545	1.08776729258818	1.02216363622291	1.13228500486048	0.992566100084737	0.790830615660822	0.774917210451573	0.67747303301911	0.6852104069638	0.683375150389454	0.683749454147451	0.637036900898114	0.551771145730871	0.500530165436783	0.568620578105413	0.543170985160294	0.52282869597377	0.563810011822737
0.2	0.2	0.2	0.2	0.2	0.2	0.2	0.2	0.2	0.2	0.2	0.2	0.2	0.2	0.2	0.2	0.2	0.2	0.2	0.2	0.2	0.2	0.2	0.2	0.2	0.2	0.2	0.2	0.2	0.2
30
1	2	3	4	5	6	7	8	9	10	11	12	13	14	15	16	17	18	19	20	21	22	23	24	25	26	27	28	29	30
200	200	200	200	200	200	200	200	200	200	200	200	200	200	200	200	200	200	200	200	200	200	200	200	200	200	200	200	200	200
200	200	200	200	200	200	200	200	200	200	200	200	200	200	200	200	200	200	200	200	200	200	200	200	200	200	200	200	200	200
0.06	0.16	0.165	0.105	0.07	0.085	0.05	0.07	0.05	0.03	0.035	0.12
0.07	0.12	0.12	0.12	0.1	0.09	0.055	0.05	0.075	0.025	0.045	0.13
0.035	0.185	0.13	0.085	0.1	0.115	0.075	0.06	0.07	0.02	0.03	0.095
0.055	0.1	0.185	0.14	0.105	0.11	0.06	0.05	0.045	0.025	0.025	0.1
0.1	0.09	0.135	0.17	0.095	0.095	0.07	0.055	0.035	0.01	0.03	0.115
0.1	0.19	0.085	0.08	0.14	0.065	0.06	0.015	0.06	0.05	0.04	0.115
0.06	0.16	0.155	0.1	0.12	0.085	0.075	0.04	0.05	0.03	0.04	0.085
0.09	0.15	0.195	0.17	0.075	0.055	0.075	0.035	0.02	0.015	0.015	0.105
0.05	0.16	0.13	0.155	0.15	0.06	0.06	0.04	0.04	0.04	0.025	0.09
0.1	0.155	0.17	0.125	0.145	0.08	0.02	0.06	0.03	0.015	0.02	0.08
0.11	0.185	0.15	0.16	0.08	0.06	0.07	0.045	0.025	0.01	0.03	0.075
0.07	0.185	0.17	0.14	0.1	0.07	0.07	0.025	0.01	0.025	0.035	0.1
0.045	0.16	0.18	0.165	0.14	0.07	0.06	0.03	0.03	0.025	0.01	0.085
0.1	0.14	0.165	0.165	0.12	0.08	0.075	0.02	0.03	0.025	0.01	0.07
0.055	0.25	0.16	0.155	0.13	0.065	0.015	0.05	0.02	0.035	0.015	0.05
0.125	0.115	0.175	0.13	0.135	0.115	0.07	0.02	0.02	0.01	0.03	0.055
0.14	0.185	0.165	0.15	0.105	0.055	0.06	0.045	0.015	0.01	0.01	0.06
0.055	0.265	0.255	0.15	0.075	0.045	0.035	0.035	0.005	0.015	0.03	0.035
0.115	0.205	0.145	0.195	0.11	0.065	0.065	0.025	0.02	0.01	0.005	0.04
0.06	0.165	0.165	0.155	0.145	0.115	0.06	0.04	0.04	0.005	0.02	0.03
0.15	0.165	0.225	0.13	0.14	0.065	0.045	0.025	0.01	0.01	0.02	0.015
0.125	0.265	0.175	0.13	0.065	0.08	0.035	0.07	0.015	0.005	0.01	0.025
0.085	0.265	0.275	0.11	0.1	0.04	0.065	0.005	0.01	0.02	0.01	0.015
0.09	0.22	0.315	0.14	0.065	0.08	0.04	0.01	0.005	0.015	0.01	0.01
0.1	0.205	0.195	0.19	0.135	0.08	0.02	0.03	0.005	0.015	0.005	0.02
0.115	0.275	0.145	0.2	0.115	0.06	0.025	0.015	0.015	0.02	0.005	0.01
0.115	0.205	0.315	0.125	0.085	0.06	0.045	0.005	0.01	0.01	0.005	0.02
0.17	0.245	0.16	0.175	0.085	0.07	0.02	0.02	0.02	0.015	0.005	0.015
0.115	0.23	0.265	0.155	0.105	0.065	0.025	0.005	0.005	0.01	0.005	0.015
0.125	0.285	0.285	0.135	0.08	0.035	0.015	0.02	0.005	0	0.005	0.01
#######LANDINGS DATA#######
1
30
160.890958358587	467.588958214848	762.374073753488	986.095931935234	766.46223376029	1326.29951029193	1284.01322844394	2477.35589418701	1334.96686761027	1532.88800645901	1617.7909780447	1605.71568046308	1114.04266657007	1513.86227005241	1513.86448155199	1280.71329134332	2250.94260141552	1626.07571507599	1452.69644885591	1320.6570727156	1633.94955082766	1080.00278530523	1628.76885337283	1196.82090871667	1120.93140054653	970.03407901901	918.92791146324	1209.47609501477	873.923686704139	1271.87881631217
0.01	0.01	0.01	0.01	0.01	0.01	0.01	0.01	0.01	0.01	0.01	0.01	0.01	0.01	0.01	0.01	0.01	0.01	0.01	0.01	0.01	0.01	0.01	0.01	0.01	0.01	0.01	0.01	0.01	0.01
30
1	2	3	4	5	6	7	8	9	10	11	12	13	14	15	16	17	18	19	20	21	22	23	24	25	26	27	28	29	30
200	200	200	200	200	200	200	200	200	200	200	200	200	200	200	200	200	200	200	200	200	200	200	200	200	200	200	200	200	200
200	200	200	200	200	200	200	200	200	200	200	200	200	200	200	200	200	200	200	200	200	200	200	200	200	200	200	200	200	200
0.09	0.14	0.125	0.095	0.12	0.06	0.035	0.06	0.08	0.03	0.035	0.13
0.09	0.085	0.12	0.12	0.095	0.115	0.055	0.075	0.045	0.035	0.025	0.14
0.045	0.11	0.11	0.13	0.13	0.075	0.09	0.055	0.045	0.065	0.02	0.125
0.035	0.11	0.13	0.115	0.075	0.09	0.095	0.065	0.025	0.075	0.025	0.16
0.09	0.06	0.11	0.16	0.085	0.09	0.1	0.065	0.035	0.03	0.055	0.12
0.08	0.145	0.115	0.105	0.085	0.07	0.05	0.07	0.03	0.075	0.03	0.145
0.09	0.155	0.125	0.075	0.1	0.105	0.075	0.07	0.025	0.055	0.03	0.095
0.085	0.1	0.18	0.175	0.085	0.07	0.05	0.05	0.045	0.03	0.015	0.115
0.065	0.1	0.19	0.16	0.115	0.045	0.08	0.055	0.055	0.015	0.015	0.105
0.12	0.09	0.155	0.095	0.13	0.115	0.04	0.085	0.04	0.035	0.03	0.065
0.1	0.11	0.135	0.15	0.075	0.12	0.08	0.04	0.035	0.035	0.025	0.095
0.125	0.145	0.125	0.145	0.105	0.03	0.055	0.07	0.04	0.035	0.045	0.08
0.085	0.12	0.205	0.13	0.1	0.11	0.075	0.045	0.035	0.025	0	0.07
0.14	0.125	0.145	0.165	0.11	0.06	0.095	0.03	0.025	0.025	0.015	0.065
0.065	0.18	0.18	0.125	0.075	0.09	0.075	0.05	0.04	0.025	0.04	0.055
0.125	0.19	0.15	0.145	0.08	0.11	0.08	0.025	0.015	0.02	0.025	0.035
0.135	0.125	0.135	0.19	0.095	0.11	0.055	0.045	0.02	0.035	0.025	0.03
0.095	0.195	0.215	0.135	0.09	0.075	0.06	0.045	0.005	0.03	0.01	0.045
0.155	0.155	0.19	0.155	0.095	0.085	0.025	0.035	0.03	0.015	0.015	0.045
0.135	0.17	0.14	0.16	0.12	0.065	0.08	0.025	0.03	0.02	0.03	0.025
0.13	0.18	0.195	0.135	0.135	0.075	0.035	0.045	0.015	0.02	0.005	0.03
0.15	0.2	0.185	0.16	0.085	0.075	0.065	0.04	0.015	0.005	0.005	0.015
0.13	0.275	0.26	0.075	0.095	0.04	0.045	0.04	0.01	0.01	0	0.02
0.09	0.185	0.295	0.185	0.08	0.06	0.04	0.015	0.015	0	0.01	0.025
0.19	0.185	0.195	0.175	0.1	0.04	0.04	0.02	0.01	0.015	0.005	0.025
0.165	0.21	0.15	0.165	0.175	0.04	0.03	0.02	0.015	0.015	0.01	0.005
0.14	0.175	0.235	0.155	0.09	0.07	0.06	0.02	0.01	0.015	0.005	0.025
0.155	0.21	0.155	0.155	0.12	0.06	0.055	0.055	0.005	0.02	0.005	0.005
0.175	0.255	0.14	0.14	0.135	0.06	0.025	0.045	0.015	0	0.005	0.005
0.165	0.255	0.22	0.12	0.1	0.065	0.01	0.025	0.015	0.01	0.015	0
#######PARAMETER SECTION#######
800	400	1200	-4	800	-0.25	1
0.18	0.01	1	-4	0.18	-0.25	1
-1.36	-5	-0.001	-4	-1.36	-0.25	1
0.1	0.05	0.3	-4	0.1	-0.25	1
0.2	0.01	0.5	-4	0.2	-0.25	1
0.75	0.20001	1	-3	0.75	-0.25	1
13.815511	-1	200	1	13.815511	-0.25	1
0	-1	1	-4	0	-0.25	1
0.2	1e-04	1.2	-3	0.2	-0.25	1
0	-10	10	-6	0	-1	1
0	-10	10	-6	0	-1	1
2	0	12	-2	2	-0.5	1
1	0	12	-2	1	-0.5	1
2	0	12	-2	2	-0.5	1
1	0	12	-2	1	-0.5	1
1.5	0	12	-2	1.5	-0.5	1
2	0	12	-2	2	-0.5	1
-14.8682006803499	-30	5	1	-14.8682006803499	-1	1
1	0.1	2	-1	1	-1	1
-1.51930887058023	-10	1.39	1	-1.51930887058023	-1	1
#######DEV CONSTRAINTS and DEVS#######
-15	15	2
-15	15	2
-15	15	2
0	0	0	0	0	0	0	0	0	0	0	0	0	0	0	0	0	0	0	0	0	0	0	0	0	0	0	0	0	0
0	0	0	0	0	0	0	0	0	0	0	0	0	0	0	0	0	0	0	0	0	0	0	0	0	0	0	0	0	0
0	0	0	0	0	0	0	0	0	0	0
#######LIKELIHOOD WEIGHTS#######
1
1
1
1
0
1
0
0
0
#######MISCELLANEOUS STUFF SECTION#######
2.5e-08
3
0.5	0.5	0.5	0.5	0.5	0.5	0.5	0.5	0.5	0.5	0.5	0.5
0.0229773699100256	0.320821300824607	0.904650535100891	0.994779874306442	0.999738809680904	0.999986992871533	0.999999352405202	0.999999967758134	0.999999998394772	0.99999999992008	0.999999999996021	0.999999999999802
0.2	0.2	0.2	0.2	0.2	0.2	0.2	0.2	0.2	0.2	0.2	0.2
0
1
10
0.2
1
1	0	0	0	0	0	0	0	0	0	0	0
0	1	0	0	0	0	0	0	0	0	0	0
0	0	1	0	0	0	0	0	0	0	0	0
0	0	0	1	0	0	0	0	0	0	0	0
0	0	0	0	1	0	0	0	0	0	0	0
0	0	0	0	0	1	0	0	0	0	0	0
0	0	0	0	0	0	1	0	0	0	0	0
0	0	0	0	0	0	0	1	0	0	0	0
0	0	0	0	0	0	0	0	1	0	0	0
0	0	0	0	0	0	0	0	0	1	0	0
0	0	0	0	0	0	0	0	0	0	1	0
0	0	0	0	0	0	0	0	0	0	0	1
40
31
2
1
#######END OF DATA FILE#######
999
