#######GENERAL HEADER INPUT#######
1
30
1
30
1
30
30
12
1	2	3	4	5	6	7	8	9	10	11	12
12
1	2	3	4	5	6	7	8	9	10	11	12
1
101
1
1
#######SURVEY DATA#######
30
1	2	3	4	5	6	7	8	9	10	11	12	13	14	15	16	17	18	19	20	21	22	23	24	25	26	27	28	29	30
1.43082493978629	1.41583084373368	1.66834262752342	1.83162781776375	1.35341198746572	1.35458381339573	1.61820165262316	1.35473463271291	1.15454984523036	1.44265160337354	1.27643048100014	1.05532223030747	1.08388091562971	1.00647436435867	0.959956882792754	0.961635426743556	0.996383561605881	1.10441534074674	0.863608980845063	0.711639234901689	0.748389697440214	0.668230948951381	0.733647500670367	0.543288937311218	0.623101688094363	0.504178292421605	0.521312717290268	0.433067195033349	0.505182813387511	0.579065020816721
0.2	0.2	0.2	0.2	0.2	0.2	0.2	0.2	0.2	0.2	0.2	0.2	0.2	0.2	0.2	0.2	0.2	0.2	0.2	0.2	0.2	0.2	0.2	0.2	0.2	0.2	0.2	0.2	0.2	0.2
30
1	2	3	4	5	6	7	8	9	10	11	12	13	14	15	16	17	18	19	20	21	22	23	24	25	26	27	28	29	30
200	200	200	200	200	200	200	200	200	200	200	200	200	200	200	200	200	200	200	200	200	200	200	200	200	200	200	200	200	200
200	200	200	200	200	200	200	200	200	200	200	200	200	200	200	200	200	200	200	200	200	200	200	200	200	200	200	200	200	200
0.035	0.1	0.18	0.155	0.11	0.105	0.05	0.075	0.03	0.035	0.035	0.09
0.075	0.14	0.125	0.145	0.09	0.105	0.08	0.03	0.035	0.03	0.035	0.11
0.055	0.16	0.165	0.09	0.095	0.06	0.06	0.06	0.07	0.025	0.02	0.14
0.04	0.14	0.155	0.135	0.065	0.08	0.06	0.075	0.045	0.02	0.025	0.16
0.075	0.11	0.14	0.165	0.11	0.065	0.065	0.055	0.02	0.045	0.03	0.12
0.085	0.135	0.15	0.07	0.105	0.09	0.09	0.05	0.035	0.015	0.04	0.135
0.105	0.165	0.24	0.065	0.09	0.105	0.065	0.05	0.02	0.01	0.025	0.06
0.08	0.17	0.155	0.175	0.07	0.06	0.07	0.065	0.015	0.025	0.035	0.08
0.08	0.155	0.15	0.17	0.13	0.04	0.05	0.035	0.04	0.035	0.025	0.09
0.065	0.165	0.205	0.16	0.08	0.08	0.025	0.05	0.045	0.025	0.01	0.09
0.055	0.17	0.165	0.135	0.095	0.09	0.065	0.045	0.025	0.045	0.035	0.075
0.07	0.175	0.2	0.135	0.085	0.08	0.05	0.05	0.02	0.015	0.03	0.09
0.07	0.165	0.22	0.145	0.08	0.09	0.05	0.04	0.06	0.03	0.015	0.035
0.105	0.18	0.155	0.12	0.08	0.06	0.08	0.045	0.03	0.015	0.035	0.095
0.1	0.185	0.22	0.13	0.08	0.065	0.055	0.055	0.015	0.045	0.025	0.025
0.08	0.22	0.185	0.145	0.09	0.08	0.06	0.045	0.035	0.01	0.015	0.035
0.09	0.205	0.18	0.16	0.08	0.07	0.065	0.025	0.025	0.035	0	0.065
0.095	0.28	0.2	0.11	0.1	0.03	0.055	0.07	0.015	0.015	0.01	0.02
0.09	0.145	0.19	0.21	0.115	0.07	0.045	0.03	0.035	0.005	0.015	0.05
0.115	0.21	0.18	0.165	0.13	0.05	0.045	0.035	0.015	0.01	0.005	0.04
0.145	0.185	0.17	0.12	0.11	0.075	0.06	0.04	0.025	0.005	0.015	0.05
0.09	0.31	0.145	0.12	0.095	0.06	0.08	0.025	0.025	0.01	0.015	0.025
0.105	0.265	0.22	0.125	0.095	0.055	0.07	0.02	0.015	0.005	0.005	0.02
0.1	0.19	0.32	0.215	0.045	0.06	0.025	0.015	0.015	0.005	0	0.01
0.065	0.23	0.195	0.255	0.135	0.06	0.03	0.01	0	0.015	0.005	0
0.11	0.31	0.15	0.135	0.09	0.09	0.035	0.02	0.005	0.015	0.015	0.025
0.085	0.22	0.27	0.155	0.11	0.085	0.03	0.025	0.015	0	0	0.005
0.2	0.15	0.23	0.19	0.075	0.065	0.04	0.02	0.02	0.005	0.005	0
0.13	0.29	0.15	0.14	0.12	0.045	0.05	0.02	0.04	0	0.005	0.01
0.07	0.42	0.225	0.15	0.045	0.015	0.03	0.01	0.005	0.01	0.005	0.015
#######LANDINGS DATA#######
1
30
162.275597526042	465.794961597281	766.016991424064	989.902039396222	771.331258587581	1315.01197609287	1278.55518851046	2484.84152877111	1321.24383271215	1532.16188462043	1617.74240993279	1621.32223450651	1106.06508890175	1522.06928695056	1507.88026482676	1269.022049973	2252.26474952402	1622.29835631512	1458.45178395132	1320.0278629503	1626.98377574592	1076.07914012543	1632.4672649758	1213.74444934827	1123.87111860126	973.900962863243	934.160279900096	1217.51302777657	881.517733358368	1277.84182875098
0.01	0.01	0.01	0.01	0.01	0.01	0.01	0.01	0.01	0.01	0.01	0.01	0.01	0.01	0.01	0.01	0.01	0.01	0.01	0.01	0.01	0.01	0.01	0.01	0.01	0.01	0.01	0.01	0.01	0.01
30
1	2	3	4	5	6	7	8	9	10	11	12	13	14	15	16	17	18	19	20	21	22	23	24	25	26	27	28	29	30
200	200	200	200	200	200	200	200	200	200	200	200	200	200	200	200	200	200	200	200	200	200	200	200	200	200	200	200	200	200
200	200	200	200	200	200	200	200	200	200	200	200	200	200	200	200	200	200	200	200	200	200	200	200	200	200	200	200	200	200
0.065	0.1	0.135	0.13	0.1	0.08	0.065	0.07	0.04	0.04	0.035	0.14
0.085	0.11	0.125	0.105	0.09	0.07	0.09	0.07	0.04	0.07	0.02	0.125
0.035	0.16	0.105	0.155	0.115	0.075	0.065	0.04	0.035	0.055	0.025	0.135
0.055	0.11	0.185	0.135	0.09	0.09	0.085	0.035	0.03	0.03	0.02	0.135
0.09	0.055	0.08	0.16	0.08	0.115	0.08	0.075	0.075	0.025	0.04	0.125
0.105	0.12	0.09	0.08	0.16	0.085	0.075	0.065	0.05	0.04	0.015	0.115
0.065	0.16	0.16	0.14	0.09	0.105	0.08	0.03	0.04	0.04	0.02	0.07
0.105	0.105	0.155	0.17	0.085	0.055	0.065	0.035	0.04	0.005	0.025	0.155
0.07	0.105	0.155	0.175	0.095	0.09	0.035	0.065	0.035	0.035	0.04	0.1
0.13	0.1	0.16	0.12	0.175	0.11	0.03	0.03	0.03	0.02	0.03	0.065
0.12	0.155	0.155	0.135	0.105	0.08	0.075	0.035	0.025	0.03	0.01	0.075
0.085	0.19	0.18	0.1	0.095	0.105	0.075	0.065	0.035	0.03	0.005	0.035
0.115	0.155	0.14	0.135	0.075	0.095	0.065	0.05	0.055	0.02	0.01	0.085
0.095	0.11	0.14	0.19	0.14	0.065	0.095	0.05	0.025	0.02	0.015	0.055
0.085	0.13	0.16	0.135	0.13	0.105	0.06	0.05	0.025	0.03	0.03	0.06
0.125	0.14	0.18	0.13	0.07	0.07	0.065	0.06	0.035	0.025	0.025	0.075
0.085	0.19	0.13	0.165	0.125	0.065	0.06	0.02	0.03	0.03	0.01	0.09
0.085	0.18	0.23	0.095	0.12	0.055	0.08	0.07	0.015	0.02	0.01	0.04
0.105	0.17	0.185	0.215	0.135	0.065	0.035	0.035	0.015	0.01	0.01	0.02
0.105	0.17	0.135	0.19	0.185	0.035	0.075	0.015	0.02	0.025	0.01	0.035
0.18	0.145	0.21	0.095	0.12	0.11	0.04	0.05	0.01	0	0	0.04
0.135	0.22	0.12	0.16	0.085	0.095	0.08	0.04	0.02	0.01	0.005	0.03
0.13	0.245	0.275	0.105	0.09	0.05	0.045	0.02	0	0.01	0	0.03
0.105	0.175	0.28	0.2	0.07	0.055	0.035	0.015	0.015	0.01	0.015	0.025
0.21	0.175	0.16	0.18	0.14	0.06	0.04	0.01	0	0.005	0.005	0.015
0.19	0.23	0.135	0.13	0.15	0.075	0.035	0.01	0.005	0.015	0.01	0.015
0.17	0.17	0.205	0.135	0.09	0.1	0.05	0.01	0.02	0.025	0.02	0.005
0.205	0.2	0.145	0.185	0.085	0.075	0.035	0.025	0.015	0	0.02	0.01
0.205	0.25	0.195	0.125	0.1	0.025	0.04	0.02	0.005	0.02	0.005	0.01
0.195	0.25	0.21	0.105	0.07	0.09	0.025	0.015	0.015	0.015	0	0.01
#######PARAMETER SECTION#######
800	400	1200	-4	800	-0.25	1
0.18	0.01	1	-4	0.18	-0.25	1
-1.36	-5	-0.001	-4	-1.36	-0.25	1
0.1	0.05	0.3	-4	0.1	-0.25	1
0.2	0.01	0.5	-4	0.2	-0.25	1
0.75	0.20001	1	-3	0.75	-0.25	1
13.815511	-1	200	1	13.815511	-0.25	1
0	-1	1	-4	0	-0.25	1
0.2	1e-04	1.2	-3	0.2	-0.25	1
0	-10	10	-6	0	-1	1
0	-10	10	-6	0	-1	1
2	0	12	-2	2	-0.5	1
1	0	12	-2	1	-0.5	1
2	0	12	-2	2	-0.5	1
1	0	12	-2	1	-0.5	1
1.5	0	12	-2	1.5	-0.5	1
2	0	12	-2	2	-0.5	1
-14.8682006803499	-30	5	1	-14.8682006803499	-1	1
1	0.1	2	-1	1	-1	1
-1.51930887058023	-10	1.39	1	-1.51930887058023	-1	1
#######DEV CONSTRAINTS and DEVS#######
-15	15	2
-15	15	2
-15	15	2
0	0	0	0	0	0	0	0	0	0	0	0	0	0	0	0	0	0	0	0	0	0	0	0	0	0	0	0	0	0
0	0	0	0	0	0	0	0	0	0	0	0	0	0	0	0	0	0	0	0	0	0	0	0	0	0	0	0	0	0
0	0	0	0	0	0	0	0	0	0	0
#######LIKELIHOOD WEIGHTS#######
1
1
1
1
0
1
0
0
0
#######MISCELLANEOUS STUFF SECTION#######
2.5e-08
3
0.5	0.5	0.5	0.5	0.5	0.5	0.5	0.5	0.5	0.5	0.5	0.5
0.0229773699100256	0.320821300824607	0.904650535100891	0.994779874306442	0.999738809680904	0.999986992871533	0.999999352405202	0.999999967758134	0.999999998394772	0.99999999992008	0.999999999996021	0.999999999999802
0.2	0.2	0.2	0.2	0.2	0.2	0.2	0.2	0.2	0.2	0.2	0.2
0
1
10
0.2
1
1	0	0	0	0	0	0	0	0	0	0	0
0	1	0	0	0	0	0	0	0	0	0	0
0	0	1	0	0	0	0	0	0	0	0	0
0	0	0	1	0	0	0	0	0	0	0	0
0	0	0	0	1	0	0	0	0	0	0	0
0	0	0	0	0	1	0	0	0	0	0	0
0	0	0	0	0	0	1	0	0	0	0	0
0	0	0	0	0	0	0	1	0	0	0	0
0	0	0	0	0	0	0	0	1	0	0	0
0	0	0	0	0	0	0	0	0	1	0	0
0	0	0	0	0	0	0	0	0	0	1	0
0	0	0	0	0	0	0	0	0	0	0	1
40
31
2
1
#######END OF DATA FILE#######
999
