#######GENERAL HEADER INPUT#######
1
30
1
30
1
30
30
12
1	2	3	4	5	6	7	8	9	10	11	12
12
1	2	3	4	5	6	7	8	9	10	11	12
1
101
1
1
#######SURVEY DATA#######
30
1	2	3	4	5	6	7	8	9	10	11	12	13	14	15	16	17	18	19	20	21	22	23	24	25	26	27	28	29	30
1.61015313672544	1.34140265554592	1.58030351612958	1.47101304709939	1.49365259960103	1.40143204659694	1.60148717300683	1.5913668024446	1.26987961940134	1.31314322161621	1.17289720111337	0.98754429580405	0.960651802406527	0.878449770605414	1.04687696642874	0.968559983071828	1.07540929374345	1.11907141484356	0.750416819862391	0.739568521038855	0.706749098853743	0.704052020335226	0.73915958948805	0.570773687124599	0.590956827453724	0.605794968086533	0.596186979662956	0.49400776714433	0.482633954795372	0.557240915171986
0.2	0.2	0.2	0.2	0.2	0.2	0.2	0.2	0.2	0.2	0.2	0.2	0.2	0.2	0.2	0.2	0.2	0.2	0.2	0.2	0.2	0.2	0.2	0.2	0.2	0.2	0.2	0.2	0.2	0.2
30
1	2	3	4	5	6	7	8	9	10	11	12	13	14	15	16	17	18	19	20	21	22	23	24	25	26	27	28	29	30
200	200	200	200	200	200	200	200	200	200	200	200	200	200	200	200	200	200	200	200	200	200	200	200	200	200	200	200	200	200
200	200	200	200	200	200	200	200	200	200	200	200	200	200	200	200	200	200	200	200	200	200	200	200	200	200	200	200	200	200
0.045	0.15	0.16	0.1	0.075	0.065	0.095	0.055	0.065	0.04	0.03	0.12
0.05	0.16	0.17	0.105	0.09	0.085	0.075	0.06	0.04	0.015	0.04	0.11
0.085	0.165	0.185	0.095	0.085	0.075	0.055	0.045	0.035	0.03	0.04	0.105
0.055	0.11	0.19	0.155	0.065	0.1	0.05	0.055	0.03	0.025	0.015	0.15
0.095	0.09	0.14	0.15	0.09	0.08	0.055	0.035	0.05	0.065	0.02	0.13
0.06	0.195	0.15	0.14	0.115	0.08	0.04	0.03	0.05	0.02	0.01	0.11
0.06	0.215	0.215	0.11	0.075	0.08	0.035	0.05	0.03	0.02	0.01	0.1
0.08	0.12	0.2	0.135	0.1	0.065	0.045	0.07	0.03	0.025	0.03	0.1
0.075	0.19	0.17	0.145	0.085	0.05	0.07	0.04	0.03	0.02	0.025	0.1
0.115	0.14	0.185	0.12	0.11	0.1	0.055	0.025	0.035	0.025	0.015	0.075
0.095	0.235	0.17	0.13	0.09	0.105	0.03	0.02	0.03	0.03	0.01	0.055
0.08	0.135	0.215	0.12	0.135	0.07	0.075	0.03	0.035	0.015	0	0.09
0.055	0.145	0.22	0.195	0.085	0.105	0.075	0.03	0.03	0.025	0.005	0.03
0.065	0.155	0.135	0.14	0.16	0.085	0.06	0.065	0.025	0.05	0.005	0.055
0.075	0.19	0.17	0.14	0.11	0.065	0.045	0.07	0.045	0.015	0.04	0.035
0.08	0.175	0.175	0.09	0.095	0.11	0.09	0.045	0.035	0.025	0.01	0.07
0.075	0.24	0.125	0.15	0.085	0.07	0.045	0.055	0.04	0.04	0.02	0.055
0.07	0.22	0.205	0.14	0.135	0.065	0.05	0.035	0.02	0.02	0.01	0.03
0.095	0.17	0.25	0.175	0.09	0.065	0.045	0.02	0.03	0.025	0.01	0.025
0.085	0.22	0.2	0.15	0.11	0.08	0.055	0.02	0.02	0.015	0.01	0.035
0.115	0.185	0.22	0.135	0.115	0.095	0.035	0.01	0.025	0.015	0.01	0.04
0.14	0.255	0.175	0.115	0.08	0.115	0.025	0.02	0.04	0.01	0	0.025
0.09	0.275	0.295	0.15	0.06	0.025	0.045	0.02	0.005	0	0.005	0.03
0.12	0.265	0.225	0.14	0.105	0.045	0.04	0.015	0.015	0.005	0.015	0.01
0.09	0.185	0.255	0.215	0.105	0.065	0.03	0.015	0.01	0	0.01	0.02
0.1	0.31	0.22	0.11	0.105	0.06	0.03	0.025	0.015	0.015	0.005	0.005
0.14	0.135	0.26	0.165	0.135	0.07	0.04	0.015	0.015	0.01	0	0.015
0.105	0.27	0.17	0.215	0.095	0.04	0.03	0.03	0.035	0	0.005	0.005
0.19	0.31	0.175	0.125	0.11	0.035	0.01	0.02	0.015	0.005	0.005	0
0.125	0.27	0.305	0.115	0.06	0.065	0.02	0.005	0.02	0.01	0	0.005
#######LANDINGS DATA#######
1
30
160.748307761961	464.614238994609	758.08791710349	1006.43540602575	764.353065758527	1308.9318877348	1287.84353278025	2478.19170846815	1327.55870506764	1526.00032986743	1635.29649584033	1606.07851187472	1099.54150939639	1533.49304384663	1501.63441030414	1274.90785303358	2253.06520373109	1592.95047488363	1446.51286872142	1333.10859877187	1629.84687362769	1083.69831513448	1633.29439655412	1207.21967485341	1115.10039448005	981.696221169153	931.762851913806	1209.75424815291	883.201659074238	1270.71724478709
0.01	0.01	0.01	0.01	0.01	0.01	0.01	0.01	0.01	0.01	0.01	0.01	0.01	0.01	0.01	0.01	0.01	0.01	0.01	0.01	0.01	0.01	0.01	0.01	0.01	0.01	0.01	0.01	0.01	0.01
30
1	2	3	4	5	6	7	8	9	10	11	12	13	14	15	16	17	18	19	20	21	22	23	24	25	26	27	28	29	30
200	200	200	200	200	200	200	200	200	200	200	200	200	200	200	200	200	200	200	200	200	200	200	200	200	200	200	200	200	200
200	200	200	200	200	200	200	200	200	200	200	200	200	200	200	200	200	200	200	200	200	200	200	200	200	200	200	200	200	200
0.07	0.125	0.105	0.115	0.08	0.09	0.035	0.085	0.075	0.05	0.025	0.145
0.115	0.1	0.07	0.095	0.06	0.08	0.07	0.08	0.075	0.035	0.06	0.16
0.06	0.17	0.105	0.11	0.1	0.085	0.09	0.055	0.035	0.03	0.02	0.14
0.045	0.12	0.17	0.12	0.085	0.06	0.09	0.05	0.025	0.04	0.02	0.175
0.075	0.08	0.15	0.14	0.09	0.065	0.08	0.065	0.025	0.04	0.045	0.145
0.04	0.13	0.1	0.14	0.17	0.095	0.06	0.025	0.05	0.02	0.03	0.14
0.055	0.16	0.21	0.09	0.12	0.075	0.055	0.035	0.035	0.02	0.03	0.115
0.065	0.085	0.165	0.14	0.06	0.05	0.115	0.08	0.045	0.03	0.015	0.15
0.1	0.12	0.1	0.17	0.14	0.045	0.03	0.055	0.05	0.03	0.035	0.125
0.08	0.11	0.175	0.115	0.13	0.07	0.065	0.03	0.03	0.045	0.01	0.14
0.075	0.185	0.12	0.205	0.04	0.105	0.09	0.045	0.015	0.015	0.045	0.06
0.135	0.12	0.16	0.175	0.055	0.065	0.065	0.06	0.01	0.015	0.02	0.12
0.07	0.165	0.105	0.215	0.105	0.105	0.045	0.055	0.03	0.025	0.025	0.055
0.11	0.185	0.125	0.15	0.105	0.07	0.05	0.03	0.04	0.045	0.005	0.085
0.08	0.13	0.155	0.165	0.11	0.075	0.065	0.075	0.03	0.025	0.02	0.07
0.115	0.12	0.205	0.115	0.11	0.105	0.05	0.05	0.05	0.005	0.025	0.05
0.14	0.185	0.145	0.14	0.11	0.085	0.05	0.06	0.015	0.005	0.005	0.06
0.08	0.22	0.165	0.16	0.125	0.08	0.035	0.035	0.015	0.02	0.015	0.05
0.125	0.14	0.175	0.175	0.11	0.085	0.045	0.03	0.03	0.03	0.01	0.045
0.11	0.145	0.195	0.17	0.12	0.065	0.065	0.02	0.03	0.025	0.01	0.045
0.185	0.105	0.19	0.16	0.1	0.1	0.045	0.02	0.02	0.015	0.01	0.05
0.165	0.215	0.12	0.205	0.045	0.075	0.065	0.025	0.03	0.03	0.005	0.02
0.125	0.225	0.285	0.08	0.12	0.045	0.04	0.035	0	0.005	0	0.04
0.17	0.145	0.2	0.16	0.07	0.08	0.045	0.04	0.06	0.02	0.005	0.005
0.175	0.145	0.17	0.2	0.16	0.055	0.025	0.025	0.01	0.015	0.005	0.015
0.09	0.27	0.165	0.185	0.12	0.07	0.035	0.025	0.005	0.02	0	0.015
0.215	0.165	0.265	0.09	0.115	0.055	0.03	0.015	0.01	0.01	0.015	0.015
0.15	0.22	0.14	0.215	0.065	0.1	0.04	0.02	0.02	0.01	0	0.02
0.21	0.285	0.18	0.11	0.105	0.045	0.035	0.01	0.005	0.005	0	0.01
0.16	0.245	0.205	0.11	0.08	0.095	0.05	0.025	0.02	0.005	0	0.005
#######PARAMETER SECTION#######
800	400	1200	-4	800	-0.25	1
0.18	0.01	1	-4	0.18	-0.25	1
-1.36	-5	-0.001	-4	-1.36	-0.25	1
0.1	0.05	0.3	-4	0.1	-0.25	1
0.2	0.01	0.5	-4	0.2	-0.25	1
0.75	0.20001	1	-3	0.75	-0.25	1
13.815511	-1	200	1	13.815511	-0.25	1
0	-1	1	-4	0	-0.25	1
0.2	1e-04	1.2	-3	0.2	-0.25	1
0	-10	10	-6	0	-1	1
0	-10	10	-6	0	-1	1
2	0	12	-2	2	-0.5	1
1	0	12	-2	1	-0.5	1
2	0	12	-2	2	-0.5	1
1	0	12	-2	1	-0.5	1
1.5	0	12	-2	1.5	-0.5	1
2	0	12	-2	2	-0.5	1
-14.8682006803499	-30	5	1	-14.8682006803499	-1	1
1	0.1	2	-1	1	-1	1
-1.51930887058023	-10	1.39	1	-1.51930887058023	-1	1
#######DEV CONSTRAINTS and DEVS#######
-15	15	2
-15	15	2
-15	15	2
0	0	0	0	0	0	0	0	0	0	0	0	0	0	0	0	0	0	0	0	0	0	0	0	0	0	0	0	0	0
0	0	0	0	0	0	0	0	0	0	0	0	0	0	0	0	0	0	0	0	0	0	0	0	0	0	0	0	0	0
0	0	0	0	0	0	0	0	0	0	0
#######LIKELIHOOD WEIGHTS#######
1
1
1
1
0
1
0
0
0
#######MISCELLANEOUS STUFF SECTION#######
2.5e-08
3
0.5	0.5	0.5	0.5	0.5	0.5	0.5	0.5	0.5	0.5	0.5	0.5
0.0229773699100256	0.320821300824607	0.904650535100891	0.994779874306442	0.999738809680904	0.999986992871533	0.999999352405202	0.999999967758134	0.999999998394772	0.99999999992008	0.999999999996021	0.999999999999802
0.2	0.2	0.2	0.2	0.2	0.2	0.2	0.2	0.2	0.2	0.2	0.2
0
1
10
0.2
1
1	0	0	0	0	0	0	0	0	0	0	0
0	1	0	0	0	0	0	0	0	0	0	0
0	0	1	0	0	0	0	0	0	0	0	0
0	0	0	1	0	0	0	0	0	0	0	0
0	0	0	0	1	0	0	0	0	0	0	0
0	0	0	0	0	1	0	0	0	0	0	0
0	0	0	0	0	0	1	0	0	0	0	0
0	0	0	0	0	0	0	1	0	0	0	0
0	0	0	0	0	0	0	0	1	0	0	0
0	0	0	0	0	0	0	0	0	1	0	0
0	0	0	0	0	0	0	0	0	0	1	0
0	0	0	0	0	0	0	0	0	0	0	1
40
31
2
1
#######END OF DATA FILE#######
999
