# Number of parameters = 73  Objective function value = 26317.8  Maximum gradient component = 0.00136131
# sel_params[1]:
2.00000000000
# sel_params[2]:
1.00000000000
# log_Fmult_year1:
 -4.63373908431
# log_Fmult_devs:
 1.08150223669 0.514559850801 0.297690145718 -0.226352960926 0.587355334305 0.00911867713443 0.755012462634 -0.550514040263 0.197780330084 0.119347581241 0.0732130245521 -0.328787393920 0.374078760694 0.0545556589615 -0.110978849641 0.660116604140 -0.201981358970 -0.0146682055671 -0.00813930174627 0.326724281434 -0.295511503436 0.496983422825 -0.185003278136 -0.00378399150601 -0.0733131143697 -0.0362613522642 0.331369734206 -0.288857943833 0.423375070685
# log_recruit_devs:
 -0.0160452506755 0.200292357321 -0.0533808811928 -0.107404946679 0.252438376595 0.300005110856 -0.0481263364171 0.104122937807 -0.0330366614342 0.125916124738 0.0546161547537 -0.0604211022020 -0.0715831271588 0.0483454191960 -0.0161176635796 0.176894813679 0.0911441303803 -0.333186014634 -0.183869199318 -0.295451812990 0.135620278916 0.145563552978 -0.170377920469 -0.374053965774 0.0861182574294 -0.0942178234418 -0.0738636893292 0.125452212816 0.101748576418 -0.0171419085875
# log_N_year1_devs:
 -0.112120772128 -0.112035688143 0.0353799880154 -0.301125607775 -0.0623470208249 -0.121414145828 -0.0478337421949 -0.0833004477027 -0.0589416170861 -0.323289142937 -0.0700204973071
# log_q_year1:
 -7.94083571023
# log_q_devs:
 0.00000000000 0.00000000000 0.00000000000 0.00000000000 0.00000000000 0.00000000000 0.00000000000 0.00000000000 0.00000000000 0.00000000000 0.00000000000 0.00000000000 0.00000000000 0.00000000000 0.00000000000 0.00000000000 0.00000000000 0.00000000000 0.00000000000 0.00000000000 0.00000000000 0.00000000000 0.00000000000 0.00000000000 0.00000000000 0.00000000000 0.00000000000 0.00000000000 0.00000000000
# index_sel_params[1]:
1.50000000000
# index_sel_params[2]:
0.500000000000
# log_SR_scaler:
6.91635537931
# SR_steepness:
0.750000000000
