# Number of parameters = 73  Objective function value = 26410.5  Maximum gradient component = 0.000246223
# sel_params[1]:
2.00000000000
# sel_params[2]:
1.00000000000
# log_Fmult_year1:
 -4.65639095729
# log_Fmult_devs:
 1.08151248984 0.495069165371 0.320572048023 -0.231043865538 0.586785246309 0.0179542273216 0.737228138033 -0.534166886151 0.180639530481 0.132626012295 0.0701529045104 -0.332244526976 0.363850703374 0.0709722638139 -0.113599796125 0.676792770211 -0.213867938514 -0.0124796630522 -0.0225010104395 0.326233105327 -0.333153851594 0.510325148185 -0.189909178654 0.00262832100826 -0.0862152871336 -0.0167014020612 0.353601683623 -0.266055175988 0.425197265648
# log_recruit_devs:
 -0.0406695099591 0.198704974424 -0.143346360280 -0.120412449052 0.353650851681 0.189266742903 0.0364317819356 0.246601912602 -0.0577725317913 0.171770381705 0.00611468523967 -0.0352554859836 -0.0774478318442 0.0351906011866 -0.129948766100 0.221376265445 0.122057991814 -0.220518307405 -0.0995590412518 -0.187879527750 0.122667660143 0.0728695335973 -0.166190763623 -0.298891520912 0.0343621368150 -0.212129550241 -0.190546593736 0.130522240147 0.133785872049 -0.0948053917585
# log_N_year1_devs:
 0.0128085148562 0.00325880194598 0.0501504056770 -0.129345425939 -0.0908259785070 0.0237402693940 -0.168033777361 -0.135704404408 -0.398556664786 -0.180386692207 -0.0141421038888
# log_q_year1:
 -7.95459399378
# log_q_devs:
 0.00000000000 0.00000000000 0.00000000000 0.00000000000 0.00000000000 0.00000000000 0.00000000000 0.00000000000 0.00000000000 0.00000000000 0.00000000000 0.00000000000 0.00000000000 0.00000000000 0.00000000000 0.00000000000 0.00000000000 0.00000000000 0.00000000000 0.00000000000 0.00000000000 0.00000000000 0.00000000000 0.00000000000 0.00000000000 0.00000000000 0.00000000000 0.00000000000 0.00000000000
# index_sel_params[1]:
1.50000000000
# index_sel_params[2]:
0.500000000000
# log_SR_scaler:
6.90107017413
# SR_steepness:
0.750000000000
