# Number of parameters = 73  Objective function value = 26334.9  Maximum gradient component = 0.00137259
# sel_params[1]:
2.00000000000
# sel_params[2]:
1.00000000000
# log_Fmult_year1:
 -4.65309990638
# log_Fmult_devs:
 1.07361447166 0.500751851263 0.307055325706 -0.231953693649 0.585553947398 0.00880127423805 0.749444654345 -0.524232454015 0.180928251555 0.139638458109 0.0734665683353 -0.328158255446 0.387845914658 0.0402672854690 -0.0893413892679 0.668224170575 -0.203365940089 0.000791262132475 -0.0220626055541 0.325345559674 -0.331681592441 0.486449117004 -0.204067590118 -0.00876320140933 -0.0923970988836 -0.0102321215971 0.331826110717 -0.267332279942 0.452136125746
# log_recruit_devs:
 0.0371739723954 0.150437072494 -0.0963785616473 -0.0929606583640 0.284940662956 0.270707766161 -0.0643897062889 0.142988868861 -0.0597149403456 0.107515396840 0.0419781059381 -0.0959754118383 -0.146077116416 0.0869304120483 -0.0782778500088 0.170663668911 0.125017708743 -0.259965112435 -0.101862778443 -0.195582962046 0.189522632855 0.156586585257 -0.113456307182 -0.217706480690 0.0186720510021 -0.241725273385 -0.127475764758 0.00836749091749 0.0600197048422 0.0400268236261
# log_N_year1_devs:
 0.0579420390240 0.0464252074445 0.0762099942820 -0.0161960347776 -0.147749757206 0.0295420686312 -0.245937732544 0.0488502875895 -0.729258940205 0.173421962973 -0.130290891390
# log_q_year1:
 -7.96434648095
# log_q_devs:
 0.00000000000 0.00000000000 0.00000000000 0.00000000000 0.00000000000 0.00000000000 0.00000000000 0.00000000000 0.00000000000 0.00000000000 0.00000000000 0.00000000000 0.00000000000 0.00000000000 0.00000000000 0.00000000000 0.00000000000 0.00000000000 0.00000000000 0.00000000000 0.00000000000 0.00000000000 0.00000000000 0.00000000000 0.00000000000 0.00000000000 0.00000000000 0.00000000000 0.00000000000
# index_sel_params[1]:
1.50000000000
# index_sel_params[2]:
0.500000000000
# log_SR_scaler:
6.90305791603
# SR_steepness:
0.750000000000
