# Number of parameters = 73  Objective function value = 26342.0  Maximum gradient component = 0.00665718
# sel_params[1]:
2.00000000000
# sel_params[2]:
1.00000000000
# log_Fmult_year1:
 -4.62412241097
# log_Fmult_devs:
 1.06936385262 0.496728781539 0.290894714435 -0.232554579986 0.580527599552 0.00910980838672 0.731608554841 -0.529672228252 0.190021876846 0.135842759869 0.0710750945263 -0.327197980757 0.391966075934 0.0547633445719 -0.104669455616 0.676880378087 -0.191012849409 -0.0213504140339 -0.00801747655615 0.325945398478 -0.328527748358 0.508478741429 -0.215680831022 -0.00811559103537 -0.117632335191 -0.0508174006163 0.296475739127 -0.309044293657 0.376001312415
# log_recruit_devs:
 0.0762863146485 0.162200027482 0.00139987967184 -0.318291471810 0.374670114526 0.236822693130 -0.0535135026129 0.120079813760 -0.102136960972 0.0379751068446 -0.0865495070379 -0.0721348863561 -0.124347980354 0.0268373838831 -0.108644005019 0.0559331769494 0.127752215016 -0.331346238174 -0.0927953225762 -0.290452424036 0.106552675051 0.139843857769 -0.0583706824435 -0.286332883104 0.152578409086 -0.190853093371 0.0442621576799 0.0456693984978 0.281130230776 0.125775503097
# log_N_year1_devs:
 0.0422072561722 -0.123869997008 0.0618789921440 -0.0559080315117 -0.0174092489680 -0.0740697981450 -0.203071372242 -0.259488471588 -0.110481421060 -0.0658959604113 -0.168201265033
# log_q_year1:
 -7.96105189467
# log_q_devs:
 0.00000000000 0.00000000000 0.00000000000 0.00000000000 0.00000000000 0.00000000000 0.00000000000 0.00000000000 0.00000000000 0.00000000000 0.00000000000 0.00000000000 0.00000000000 0.00000000000 0.00000000000 0.00000000000 0.00000000000 0.00000000000 0.00000000000 0.00000000000 0.00000000000 0.00000000000 0.00000000000 0.00000000000 0.00000000000 0.00000000000 0.00000000000 0.00000000000 0.00000000000
# index_sel_params[1]:
1.50000000000
# index_sel_params[2]:
0.500000000000
# log_SR_scaler:
6.94330397777
# SR_steepness:
0.750000000000
