#######GENERAL HEADER INPUT#######
1
30
1
30
1
30
30
12
1	2	3	4	5	6	7	8	9	10	11	12
12
1	2	3	4	5	6	7	8	9	10	11	12
1
101
1
1
#######SURVEY DATA#######
30
1	2	3	4	5	6	7	8	9	10	11	12	13	14	15	16	17	18	19	20	21	22	23	24	25	26	27	28	29	30
1.43125648640603	1.63982611453869	1.69262701965191	1.61101822251778	1.40453478637851	1.96117488382684	1.38476579203421	1.55363258911461	1.23345467131144	1.18472120667475	0.881436697763814	1.20903872565538	1.04020906163904	1.20538847052539	1.23178533453162	1.10059436121811	1.22922364542964	0.886221133612403	0.763111555766453	0.718319477255851	0.697586475853212	0.633481203318006	0.781013573310213	0.516685419913987	0.619756102523008	0.551418541818631	0.560661211303335	0.596514821980088	0.520729715170896	0.579031036976561
0.2	0.2	0.2	0.2	0.2	0.2	0.2	0.2	0.2	0.2	0.2	0.2	0.2	0.2	0.2	0.2	0.2	0.2	0.2	0.2	0.2	0.2	0.2	0.2	0.2	0.2	0.2	0.2	0.2	0.2
30
1	2	3	4	5	6	7	8	9	10	11	12	13	14	15	16	17	18	19	20	21	22	23	24	25	26	27	28	29	30
200	200	200	200	200	200	200	200	200	200	200	200	200	200	200	200	200	200	200	200	200	200	200	200	200	200	200	200	200	200
200	200	200	200	200	200	200	200	200	200	200	200	200	200	200	200	200	200	200	200	200	200	200	200	200	200	200	200	200	200
0.065	0.13	0.165	0.125	0.13	0.095	0.035	0.06	0.03	0.02	0.01	0.135
0.085	0.095	0.19	0.085	0.08	0.1	0.065	0.04	0.045	0.045	0.04	0.13
0.045	0.18	0.105	0.15	0.09	0.085	0.035	0.065	0.055	0.045	0.025	0.12
0.06	0.135	0.19	0.105	0.095	0.085	0.06	0.04	0.065	0.025	0.03	0.11
0.065	0.14	0.125	0.155	0.11	0.055	0.04	0.07	0.03	0.04	0.05	0.12
0.07	0.19	0.13	0.105	0.09	0.07	0.035	0.04	0.05	0.04	0.03	0.15
0.03	0.135	0.23	0.125	0.12	0.085	0.065	0.04	0.035	0.015	0.025	0.095
0.12	0.14	0.22	0.1	0.06	0.04	0.06	0.045	0.04	0.04	0.02	0.115
0.075	0.185	0.115	0.16	0.115	0.05	0.045	0.055	0.025	0.025	0.045	0.105
0.09	0.18	0.195	0.15	0.12	0.08	0.04	0.03	0.02	0.01	0.02	0.065
0.045	0.21	0.155	0.145	0.075	0.08	0.08	0.045	0.03	0.04	0.01	0.085
0.05	0.175	0.185	0.125	0.12	0.075	0.07	0.08	0.01	0.02	0.015	0.075
0.06	0.135	0.225	0.155	0.095	0.07	0.07	0.045	0.04	0.02	0.015	0.07
0.065	0.17	0.17	0.15	0.1	0.11	0.05	0.035	0.04	0.025	0.015	0.07
0.095	0.195	0.16	0.115	0.14	0.08	0.065	0.025	0.025	0.025	0.035	0.04
0.095	0.15	0.22	0.115	0.075	0.11	0.06	0.055	0.055	0.005	0.015	0.045
0.09	0.195	0.14	0.18	0.08	0.08	0.075	0.045	0.035	0.035	0.01	0.035
0.09	0.21	0.19	0.19	0.09	0.075	0.05	0.035	0.01	0.02	0.015	0.025
0.105	0.125	0.295	0.14	0.11	0.05	0.07	0.025	0.04	0.015	0	0.025
0.07	0.195	0.15	0.205	0.12	0.065	0.025	0.035	0.005	0.03	0.025	0.075
0.175	0.145	0.19	0.14	0.145	0.06	0.04	0.02	0.02	0.015	0.005	0.045
0.125	0.245	0.185	0.15	0.095	0.06	0.035	0.02	0.025	0.03	0.005	0.025
0.11	0.25	0.265	0.14	0.08	0.045	0.035	0.025	0.015	0.005	0.005	0.025
0.125	0.245	0.215	0.195	0.085	0.04	0.03	0.02	0.015	0.02	0.005	0.005
0.145	0.225	0.255	0.205	0.07	0.05	0.015	0.01	0.015	0.005	0	0.005
0.045	0.325	0.18	0.165	0.11	0.075	0.01	0.06	0.005	0.01	0.005	0.01
0.095	0.225	0.22	0.15	0.095	0.085	0.075	0.02	0.01	0.01	0.005	0.01
0.155	0.225	0.205	0.17	0.06	0.07	0.04	0.05	0.01	0.005	0.005	0.005
0.165	0.27	0.18	0.135	0.08	0.05	0.025	0.025	0.025	0.015	0.01	0.02
0.145	0.295	0.22	0.16	0.06	0.04	0.025	0.03	0.005	0	0.01	0.01
#######LANDINGS DATA#######
1
30
160.320505377147	468.09534291914	758.960853230294	1007.0457469346	765.504415985343	1322.47302940094	1274.47341850186	2489.07989072123	1318.91986839573	1531.10289267635	1645.04960405824	1618.90011884017	1091.36064689776	1507.18866940879	1506.80539226055	1267.13605015371	2250.42681649571	1611.45530243633	1458.55952800169	1298.95980428385	1634.66395809662	1062.53518301253	1649.39514290867	1208.22855369328	1126.13666430013	968.264692522532	921.243426125348	1200.41232172406	870.692113884694	1266.92960463342
0.01	0.01	0.01	0.01	0.01	0.01	0.01	0.01	0.01	0.01	0.01	0.01	0.01	0.01	0.01	0.01	0.01	0.01	0.01	0.01	0.01	0.01	0.01	0.01	0.01	0.01	0.01	0.01	0.01	0.01
30
1	2	3	4	5	6	7	8	9	10	11	12	13	14	15	16	17	18	19	20	21	22	23	24	25	26	27	28	29	30
200	200	200	200	200	200	200	200	200	200	200	200	200	200	200	200	200	200	200	200	200	200	200	200	200	200	200	200	200	200
200	200	200	200	200	200	200	200	200	200	200	200	200	200	200	200	200	200	200	200	200	200	200	200	200	200	200	200	200	200
0.095	0.17	0.13	0.095	0.07	0.09	0.04	0.075	0.045	0.045	0.025	0.12
0.1	0.08	0.16	0.085	0.105	0.115	0.065	0.075	0.035	0.02	0.015	0.145
0.05	0.13	0.125	0.135	0.085	0.07	0.07	0.055	0.05	0.07	0.025	0.135
0.08	0.095	0.16	0.065	0.085	0.1	0.1	0.055	0.055	0.025	0.03	0.15
0.145	0.045	0.11	0.16	0.12	0.06	0.055	0.07	0.07	0.025	0.03	0.11
0.065	0.145	0.11	0.12	0.13	0.085	0.07	0.04	0.05	0.02	0.02	0.145
0.055	0.175	0.215	0.09	0.085	0.085	0.06	0.05	0.04	0.025	0.03	0.09
0.08	0.1	0.15	0.165	0.11	0.085	0.09	0.03	0.05	0.025	0.03	0.085
0.055	0.08	0.13	0.155	0.215	0.03	0.06	0.06	0.05	0.04	0.04	0.085
0.12	0.15	0.145	0.095	0.14	0.11	0.04	0.035	0.04	0.01	0.01	0.105
0.13	0.165	0.135	0.155	0.065	0.08	0.065	0.035	0.015	0.06	0.025	0.07
0.105	0.12	0.165	0.095	0.12	0.06	0.065	0.075	0.04	0.03	0.03	0.095
0.105	0.12	0.15	0.175	0.105	0.07	0.075	0.075	0.045	0.02	0.02	0.04
0.085	0.15	0.16	0.17	0.135	0.07	0.075	0.015	0.025	0.035	0.015	0.065
0.105	0.155	0.155	0.1	0.11	0.115	0.055	0.055	0.045	0.03	0.005	0.07
0.1	0.145	0.2	0.14	0.115	0.09	0.075	0.03	0.03	0.015	0.005	0.055
0.135	0.175	0.15	0.13	0.115	0.05	0.07	0.045	0.035	0.04	0.01	0.045
0.1	0.145	0.22	0.13	0.145	0.065	0.06	0.025	0.035	0.02	0.005	0.05
0.06	0.14	0.245	0.175	0.085	0.115	0.045	0.035	0.025	0.01	0.015	0.05
0.08	0.145	0.165	0.175	0.16	0.09	0.045	0.035	0.03	0.03	0.005	0.04
0.18	0.125	0.185	0.14	0.12	0.07	0.055	0.03	0.025	0.025	0.01	0.035
0.135	0.205	0.1	0.205	0.09	0.07	0.07	0.035	0.025	0.02	0.005	0.04
0.115	0.23	0.23	0.135	0.09	0.06	0.07	0.015	0.015	0.015	0.01	0.015
0.125	0.18	0.235	0.2	0.095	0.065	0.03	0.035	0.025	0	0	0.01
0.22	0.095	0.21	0.15	0.14	0.07	0.04	0.02	0.015	0.01	0.015	0.015
0.135	0.285	0.17	0.115	0.115	0.095	0.04	0.015	0.015	0	0.005	0.01
0.15	0.12	0.33	0.12	0.095	0.085	0.035	0.015	0.02	0	0.005	0.025
0.185	0.175	0.18	0.22	0.105	0.055	0.04	0.015	0	0.01	0.005	0.01
0.2	0.245	0.195	0.13	0.085	0.065	0.03	0.01	0.025	0	0	0.015
0.17	0.24	0.235	0.12	0.11	0.05	0.025	0.025	0.01	0.005	0	0.01
#######PARAMETER SECTION#######
800	400	1200	-4	800	-0.25	1
0.18	0.01	1	-4	0.18	-0.25	1
-1.36	-5	-0.001	-4	-1.36	-0.25	1
0.1	0.05	0.3	-4	0.1	-0.25	1
0.2	0.01	0.5	-4	0.2	-0.25	1
0.75	0.20001	1	-3	0.75	-0.25	1
13.815511	-1	200	1	13.815511	-0.25	1
0	-1	1	-4	0	-0.25	1
0.2	1e-04	1.2	-3	0.2	-0.25	1
0	-10	10	-6	0	-1	1
0	-10	10	-6	0	-1	1
2	0	12	-2	2	-0.5	1
1	0	12	-2	1	-0.5	1
2	0	12	-2	2	-0.5	1
1	0	12	-2	1	-0.5	1
1.5	0	12	-2	1.5	-0.5	1
2	0	12	-2	2	-0.5	1
-14.8682006803499	-30	5	1	-14.8682006803499	-1	1
1	0.1	2	-1	1	-1	1
-1.51930887058023	-10	1.39	1	-1.51930887058023	-1	1
#######DEV CONSTRAINTS and DEVS#######
-15	15	2
-15	15	2
-15	15	2
0	0	0	0	0	0	0	0	0	0	0	0	0	0	0	0	0	0	0	0	0	0	0	0	0	0	0	0	0	0
0	0	0	0	0	0	0	0	0	0	0	0	0	0	0	0	0	0	0	0	0	0	0	0	0	0	0	0	0	0
0	0	0	0	0	0	0	0	0	0	0
#######LIKELIHOOD WEIGHTS#######
1
1
1
1
0
1
0
0
0
#######MISCELLANEOUS STUFF SECTION#######
2.5e-08
3
0.5	0.5	0.5	0.5	0.5	0.5	0.5	0.5	0.5	0.5	0.5	0.5
0.0229773699100256	0.320821300824607	0.904650535100891	0.994779874306442	0.999738809680904	0.999986992871533	0.999999352405202	0.999999967758134	0.999999998394772	0.99999999992008	0.999999999996021	0.999999999999802
0.2	0.2	0.2	0.2	0.2	0.2	0.2	0.2	0.2	0.2	0.2	0.2
0
1
10
0.2
1
1	0	0	0	0	0	0	0	0	0	0	0
0	1	0	0	0	0	0	0	0	0	0	0
0	0	1	0	0	0	0	0	0	0	0	0
0	0	0	1	0	0	0	0	0	0	0	0
0	0	0	0	1	0	0	0	0	0	0	0
0	0	0	0	0	1	0	0	0	0	0	0
0	0	0	0	0	0	1	0	0	0	0	0
0	0	0	0	0	0	0	1	0	0	0	0
0	0	0	0	0	0	0	0	1	0	0	0
0	0	0	0	0	0	0	0	0	1	0	0
0	0	0	0	0	0	0	0	0	0	1	0
0	0	0	0	0	0	0	0	0	0	0	1
40
31
2
1
#######END OF DATA FILE#######
999
