#styr																																				
1
#endyr																																			
30
#rec_age																																	
1																																						#n_ages																																		
12
# numbers of length intervals
81
#Length	bin
10	11	12	13	14	15	16	17	18	19	20	21	22	23	24	25	26	27	28	29	30	31	32	33	34	35	36	37	38	39	40	41	42	43	44	45	46	47	48	49	50	51	52	53	54	55	56	57	58	59	60	61	62	63	64	65	66	67	68	69	70	71	72	73	74	75	76	77	78	79	80	81	82	83	84	85	86	87	88	89	90
#nfsh
1
#names_fsh
OM1																																				
#catch																																			
159.541684186419	468.753253112771	761.051375479495	988.233577088603	766.114093052845	1329.55867882741	1268.63318477567	2466.73398909217	1329.07377609984	1542.7225017606	1612.05546138102	1617.5283659183	1106.31858230104	1522.98852991327	1506.77686596469	1281.50121077018	2251.39303511324	1616.83900921013	1455.76275609978	1326.45224702668	1628.6607624101	1082.41564247049	1611.43253680115	1197.82420333846	1119.93482316404	974.169597602976	929.3080107277	1208.18640302177	871.604483430728	1276.78982032987
#catch_cv																																		
0.01	0.01	0.01	0.01	0.01	0.01	0.01	0.01	0.01	0.01	0.01	0.01	0.01	0.01	0.01	0.01	0.01	0.01	0.01	0.01	0.01	0.01	0.01	0.01	0.01	0.01	0.01	0.01	0.01	0.01
#n_ages_fsh																															
30																			
#n_lengths_fsh																															
0																																						
#yrs_ages_fsh																																
1	2	3	4	5	6	7	8	9	10	11	12	13	14	15	16	17	18	19	20	21	22	23	24	25	26	27	28	29	30						
#sample_ages_fsh																														
200	200	200	200	200	200	200	200	200	200	200	200	200	200	200	200	200	200	200	200	200	200	200	200	200	200	200	200	200	200
#page_fsh	2	3	4	5	6	7	8	9	10	11																						
0.08	0.095	0.155	0.125	0.095	0.13	0.055	0.05	0.035	0.055	0.04	0.085
0.095	0.125	0.1	0.07	0.125	0.065	0.095	0.045	0.045	0.025	0.045	0.165
0.055	0.12	0.145	0.11	0.12	0.07	0.08	0.05	0.04	0.055	0.025	0.13
0.07	0.1	0.16	0.095	0.105	0.095	0.06	0.05	0.04	0.045	0.03	0.15
0.075	0.08	0.18	0.155	0.09	0.045	0.08	0.075	0.03	0.035	0.025	0.13
0.085	0.125	0.09	0.12	0.105	0.095	0.055	0.045	0.055	0.04	0.035	0.15
0.05	0.165	0.145	0.085	0.075	0.12	0.04	0.065	0.04	0.015	0.03	0.17
0.125	0.12	0.165	0.145	0.04	0.05	0.09	0.04	0.03	0.045	0.015	0.135
0.065	0.14	0.09	0.175	0.145	0.095	0.065	0.06	0.025	0.025	0.015	0.1
0.115	0.11	0.125	0.12	0.09	0.12	0.045	0.04	0.065	0.04	0.035	0.095
0.105	0.15	0.155	0.135	0.11	0.075	0.08	0.01	0.025	0.04	0.015	0.1
0.065	0.175	0.125	0.115	0.135	0.03	0.075	0.05	0.06	0.02	0.035	0.115
0.06	0.145	0.155	0.155	0.095	0.12	0.08	0.06	0.025	0.015	0.02	0.07
0.16	0.115	0.115	0.14	0.135	0.065	0.075	0.045	0.035	0.02	0.02	0.075
0.12	0.155	0.155	0.105	0.08	0.085	0.055	0.06	0.025	0.015	0.04	0.105
0.11	0.14	0.13	0.16	0.105	0.07	0.075	0.045	0.045	0.03	0.025	0.065
0.125	0.165	0.175	0.135	0.08	0.06	0.07	0.05	0.05	0.02	0.015	0.055
0.105	0.2	0.245	0.115	0.095	0.075	0.055	0.04	0.015	0.005	0.01	0.04
0.105	0.075	0.19	0.195	0.09	0.125	0.07	0.03	0.045	0.025	0.025	0.025
0.085	0.115	0.17	0.195	0.12	0.07	0.06	0.075	0.02	0.02	0.025	0.045
0.13	0.14	0.18	0.16	0.12	0.115	0.04	0.035	0.02	0.015	0.015	0.03
0.165	0.225	0.14	0.16	0.07	0.06	0.065	0.035	0.035	0.01	0.01	0.025
0.125	0.23	0.21	0.145	0.115	0.06	0.045	0.005	0.02	0.015	0.01	0.02
0.1	0.19	0.21	0.25	0.09	0.07	0.025	0.01	0.04	0	0.01	0.005
0.15	0.185	0.23	0.14	0.12	0.035	0.045	0.035	0.02	0.015	0.01	0.015
0.155	0.29	0.175	0.13	0.135	0.05	0.03	0.01	0.005	0.005	0	0.015
0.095	0.165	0.36	0.135	0.085	0.09	0.01	0.025	0.005	0.01	0.005	0.015
0.215	0.21	0.135	0.19	0.085	0.06	0.04	0.04	0.005	0.005	0.005	0.01
0.205	0.25	0.18	0.13	0.135	0.02	0.035	0.015	0.005	0	0.005	0.02
0.175	0.255	0.235	0.125	0.08	0.075	0.035	0.015	0.005	0	0	0
#wt_age_fsh	1 2	3	4	5	6	7	8	9	10	11																				
0.000530656	0.001196328	0.002058265	0.003034987	0.004055212	0.005064698	0.006026226	0.006916921	0.007724891	0.008446113	0.009081853	0.009636695
0.000530656	0.001196328	0.002058265	0.003034987	0.004055212	0.005064698	0.006026226	0.006916921	0.007724891	0.008446113	0.009081853	0.009636695
0.000530656	0.001196328	0.002058265	0.003034987	0.004055212	0.005064698	0.006026226	0.006916921	0.007724891	0.008446113	0.009081853	0.009636695
0.000530656	0.001196328	0.002058265	0.003034987	0.004055212	0.005064698	0.006026226	0.006916921	0.007724891	0.008446113	0.009081853	0.009636695
0.000530656	0.001196328	0.002058265	0.003034987	0.004055212	0.005064698	0.006026226	0.006916921	0.007724891	0.008446113	0.009081853	0.009636695
0.000530656	0.001196328	0.002058265	0.003034987	0.004055212	0.005064698	0.006026226	0.006916921	0.007724891	0.008446113	0.009081853	0.009636695
0.000530656	0.001196328	0.002058265	0.003034987	0.004055212	0.005064698	0.006026226	0.006916921	0.007724891	0.008446113	0.009081853	0.009636695
0.000530656	0.001196328	0.002058265	0.003034987	0.004055212	0.005064698	0.006026226	0.006916921	0.007724891	0.008446113	0.009081853	0.009636695
0.000530656	0.001196328	0.002058265	0.003034987	0.004055212	0.005064698	0.006026226	0.006916921	0.007724891	0.008446113	0.009081853	0.009636695
0.000530656	0.001196328	0.002058265	0.003034987	0.004055212	0.005064698	0.006026226	0.006916921	0.007724891	0.008446113	0.009081853	0.009636695
0.000530656	0.001196328	0.002058265	0.003034987	0.004055212	0.005064698	0.006026226	0.006916921	0.007724891	0.008446113	0.009081853	0.009636695
0.000530656	0.001196328	0.002058265	0.003034987	0.004055212	0.005064698	0.006026226	0.006916921	0.007724891	0.008446113	0.009081853	0.009636695
0.000530656	0.001196328	0.002058265	0.003034987	0.004055212	0.005064698	0.006026226	0.006916921	0.007724891	0.008446113	0.009081853	0.009636695
0.000530656	0.001196328	0.002058265	0.003034987	0.004055212	0.005064698	0.006026226	0.006916921	0.007724891	0.008446113	0.009081853	0.009636695
0.000530656	0.001196328	0.002058265	0.003034987	0.004055212	0.005064698	0.006026226	0.006916921	0.007724891	0.008446113	0.009081853	0.009636695
0.000530656	0.001196328	0.002058265	0.003034987	0.004055212	0.005064698	0.006026226	0.006916921	0.007724891	0.008446113	0.009081853	0.009636695
0.000530656	0.001196328	0.002058265	0.003034987	0.004055212	0.005064698	0.006026226	0.006916921	0.007724891	0.008446113	0.009081853	0.009636695
0.000530656	0.001196328	0.002058265	0.003034987	0.004055212	0.005064698	0.006026226	0.006916921	0.007724891	0.008446113	0.009081853	0.009636695
0.000530656	0.001196328	0.002058265	0.003034987	0.004055212	0.005064698	0.006026226	0.006916921	0.007724891	0.008446113	0.009081853	0.009636695
0.000530656	0.001196328	0.002058265	0.003034987	0.004055212	0.005064698	0.006026226	0.006916921	0.007724891	0.008446113	0.009081853	0.009636695
0.000530656	0.001196328	0.002058265	0.003034987	0.004055212	0.005064698	0.006026226	0.006916921	0.007724891	0.008446113	0.009081853	0.009636695
0.000530656	0.001196328	0.002058265	0.003034987	0.004055212	0.005064698	0.006026226	0.006916921	0.007724891	0.008446113	0.009081853	0.009636695
0.000530656	0.001196328	0.002058265	0.003034987	0.004055212	0.005064698	0.006026226	0.006916921	0.007724891	0.008446113	0.009081853	0.009636695
0.000530656	0.001196328	0.002058265	0.003034987	0.004055212	0.005064698	0.006026226	0.006916921	0.007724891	0.008446113	0.009081853	0.009636695
0.000530656	0.001196328	0.002058265	0.003034987	0.004055212	0.005064698	0.006026226	0.006916921	0.007724891	0.008446113	0.009081853	0.009636695
0.000530656	0.001196328	0.002058265	0.003034987	0.004055212	0.005064698	0.006026226	0.006916921	0.007724891	0.008446113	0.009081853	0.009636695
0.000530656	0.001196328	0.002058265	0.003034987	0.004055212	0.005064698	0.006026226	0.006916921	0.007724891	0.008446113	0.009081853	0.009636695
0.000530656	0.001196328	0.002058265	0.003034987	0.004055212	0.005064698	0.006026226	0.006916921	0.007724891	0.008446113	0.009081853	0.009636695
0.000530656	0.001196328	0.002058265	0.003034987	0.004055212	0.005064698	0.006026226	0.006916921	0.007724891	0.008446113	0.009081853	0.009636695
0.000530656	0.001196328	0.002058265	0.003034987	0.004055212	0.005064698	0.006026226	0.006916921	0.007724891	0.008446113	0.009081853	0.009636695

#nind
1
#ind_names																																	
survey_index1																																
#nobs_ind
30
#yrs_ind																																		
1	2	3	4	5	6	7	8	9	10	11	12	13	14	15	16	17	18	19	20	21	22	23	24	25	26	27	28	29	30	
#month_ind																																	
1																																						
#biom_ind																																		
1.52537818966535	1.68886700763747	1.53897354928786	1.23587742412884	1.34814522007162	1.15953869770665	1.544399309918	1.40925655511291	1.29407877040406	1.1657432749725	1.04778404652332	1.3581972263023	1.157605726387	0.978288932252882	1.0639229152855	0.909571993867017	0.924294818318092	0.843420719487073	0.82112004000203	0.740496902104164	0.841913768028199	0.675450323286416	0.579733548298378	0.57274023406565	0.59632653561807	0.581549052850519	0.525183875985044	0.524133294223122	0.499246854339574	0.560063904051783
#biom_cv																				
0.305075637933069	0.337773401527495	0.307794709857572	0.247175484825767	0.269629044014323	0.231907739541331	0.3088798619836	0.281851311022582	0.258815754080813	0.2331486549945	0.209556809304664	0.271639445260459	0.2315211452774	0.195657786450577	0.2127845830571	0.181914398773403	0.184858963663618	0.168684143897415	0.164224008000406	0.148099380420833	0.16838275360564	0.135090064657283	0.115946709659676	0.11454804681313	0.119265307123614	0.116309810570104	0.105036775197009	0.104826658844624	0.0998493708679148	0.112012780810357
#n_ages_ind																																	
30			
#n_lengths_ind																															
0																																						
#yrs_ages_ind																																
1	2	3	4	5	6	7	8	9	10	11	12	13	14	15	16	17	18	19	20	21	22	23	24	25	26	27	28	29	30																						
#sample_ages_ind																														
200	200	200	200	200	200	200	200	200	200	200	200	200	200	200	200	200	200	200	200	200	200	200	200	200	200	200	200	200	200
#page_ind																																		
0.045	0.165	0.16	0.085	0.12	0.09	0.06	0.065	0.02	0.015	0.035	0.14
0.065	0.145	0.155	0.145	0.105	0.055	0.065	0.06	0.025	0.045	0.025	0.11
0.015	0.165	0.16	0.12	0.09	0.085	0.075	0.045	0.07	0.04	0.01	0.125
0.075	0.175	0.175	0.1	0.075	0.07	0.075	0.055	0.03	0.045	0.015	0.11
0.085	0.12	0.135	0.165	0.06	0.075	0.065	0.03	0.055	0.03	0.025	0.155
0.055	0.22	0.115	0.14	0.105	0.07	0.06	0.06	0.005	0.025	0.02	0.125
0.055	0.16	0.215	0.095	0.12	0.045	0.04	0.035	0.045	0.05	0.03	0.11
0.105	0.15	0.165	0.12	0.08	0.045	0.08	0.04	0.045	0.06	0.005	0.105
0.075	0.17	0.165	0.12	0.155	0.05	0.04	0.035	0.025	0.03	0.025	0.11
0.085	0.145	0.22	0.14	0.09	0.085	0.05	0.04	0.04	0.025	0.035	0.045
0.055	0.215	0.17	0.135	0.125	0.08	0.06	0.04	0.02	0.01	0.02	0.07
0.06	0.205	0.215	0.115	0.08	0.05	0.075	0.075	0.015	0.015	0.035	0.06
0.055	0.17	0.21	0.14	0.12	0.065	0.08	0.065	0.04	0.01	0.005	0.04
0.095	0.15	0.16	0.16	0.115	0.075	0.055	0.035	0.045	0.015	0.03	0.065
0.07	0.205	0.205	0.13	0.1	0.095	0.055	0.04	0.025	0.015	0.015	0.045
0.085	0.17	0.175	0.19	0.075	0.11	0.04	0.035	0.025	0.01	0.02	0.065
0.115	0.175	0.21	0.155	0.08	0.065	0.06	0.035	0.035	0.01	0.015	0.045
0.06	0.195	0.225	0.165	0.08	0.08	0.055	0.04	0.02	0.015	0.01	0.055
0.095	0.185	0.24	0.2	0.065	0.065	0.035	0.015	0.035	0.01	0.015	0.04
0.085	0.195	0.18	0.18	0.08	0.08	0.055	0.055	0.02	0.01	0.005	0.055
0.12	0.19	0.24	0.14	0.12	0.06	0.04	0.03	0.005	0.02	0	0.035
0.105	0.275	0.16	0.125	0.09	0.08	0.065	0.025	0.03	0.01	0.015	0.02
0.075	0.305	0.265	0.13	0.075	0.065	0.025	0.015	0.01	0.005	0.01	0.02
0.095	0.185	0.27	0.175	0.085	0.075	0.01	0.03	0.035	0.02	0.01	0.01
0.115	0.18	0.21	0.15	0.15	0.06	0.055	0.015	0.025	0.01	0.005	0.025
0.11	0.255	0.21	0.14	0.135	0.055	0.045	0.015	0.02	0.01	0	0.005
0.11	0.205	0.325	0.125	0.08	0.09	0.02	0.01	0.01	0	0.005	0.02
0.135	0.245	0.215	0.15	0.11	0.045	0.04	0.035	0.01	0	0	0.015
0.135	0.34	0.16	0.165	0.065	0.055	0.04	0.015	0.01	0	0	0.015
0.115	0.295	0.225	0.155	0.07	0.07	0.01	0.025	0.01	0.01	0.01	0.005
#wt_age_ind																																	
1 1 1 1 1 1 1 1 1 1 1 1 
1 1 1 1 1 1 1 1 1 1 1 1 
1 1 1 1 1 1 1 1 1 1 1 1 
1 1 1 1 1 1 1 1 1 1 1 1 
1 1 1 1 1 1 1 1 1 1 1 1 
1 1 1 1 1 1 1 1 1 1 1 1 
1 1 1 1 1 1 1 1 1 1 1 1 
1 1 1 1 1 1 1 1 1 1 1 1 
1 1 1 1 1 1 1 1 1 1 1 1 
1 1 1 1 1 1 1 1 1 1 1 1 
1 1 1 1 1 1 1 1 1 1 1 1 
1 1 1 1 1 1 1 1 1 1 1 1 
1 1 1 1 1 1 1 1 1 1 1 1 
1 1 1 1 1 1 1 1 1 1 1 1 
1 1 1 1 1 1 1 1 1 1 1 1 
1 1 1 1 1 1 1 1 1 1 1 1 
1 1 1 1 1 1 1 1 1 1 1 1 
1 1 1 1 1 1 1 1 1 1 1 1 
1 1 1 1 1 1 1 1 1 1 1 1 
1 1 1 1 1 1 1 1 1 1 1 1 
1 1 1 1 1 1 1 1 1 1 1 1 
1 1 1 1 1 1 1 1 1 1 1 1 
1 1 1 1 1 1 1 1 1 1 1 1 
1 1 1 1 1 1 1 1 1 1 1 1 
1 1 1 1 1 1 1 1 1 1 1 1 
1 1 1 1 1 1 1 1 1 1 1 1 
1 1 1 1 1 1 1 1 1 1 1 1 
1 1 1 1 1 1 1 1 1 1 1 1 
1 1 1 1 1 1 1 1 1 1 1 1 
1 1 1 1 1 1 1 1 1 1 1 1 
# wt_pop
0.000530656	0.001196328	0.002058265	0.003034987	0.004055212	0.005064698	0.006026226	0.006916921	0.007724891	0.008446113	0.009081853	0.009636695
#maturity
0.02297737 0.32082130 0.90465054 0.99477987 0.99973881 0.99998699 0.99999935 0.99999997 1 1 1 1
#spmonth																																		
1		
#age_err																																		
1	0	0	0	0	0	0	0	0	0	0	0
0	1	0	0	0	0	0	0	0	0	0	0
0	0	1	0	0	0	0	0	0	0	0	0
0	0	0	1	0	0	0	0	0	0	0	0
0	0	0	0	1	0	0	0	0	0	0	0
0	0	0	0	0	1	0	0	0	0	0	0
0	0	0	0	0	0	1	0	0	0	0	0
0	0	0	0	0	0	0	1	0	0	0	0
0	0	0	0	0	0	0	0	1	0	0	0
0	0	0	0	0	0	0	0	0	1	0	0
0	0	0	0	0	0	0	0	0	0	1	0
0	0	0	0	0	0	0	0	0	0	0	1																														
