#######GENERAL HEADER INPUT#######
1
30
1
30
1
30
30
12
1	2	3	4	5	6	7	8	9	10	11	12
12
1	2	3	4	5	6	7	8	9	10	11	12
1
1001
1
1
#######SURVEY DATA#######
30
1	2	3	4	5	6	7	8	9	10	11	12	13	14	15	16	17	18	19	20	21	22	23	24	25	26	27	28	29	30
1.65500426453679	1.33542646003653	1.51592388772992	1.49354900979446	1.2146981227661	1.56310021434571	1.50417556466042	1.2101334536184	1.03804163064687	1.22780767741019	1.01195588936709	1.16896589475814	1.23581449896914	0.957646943122381	1.12766991278683	1.00639851852529	0.781505521617009	0.775628775972206	0.847614394986374	0.905544401410757	0.721409296251431	0.982325344673019	0.775939222193198	0.779683465097481	0.744514746407524	0.693686871091225	0.621667530982195	0.618197825527126	0.605367755804158	0.523626396872653
0.2	0.2	0.2	0.2	0.2	0.2	0.2	0.2	0.2	0.2	0.2	0.2	0.2	0.2	0.2	0.2	0.2	0.2	0.2	0.2	0.2	0.2	0.2	0.2	0.2	0.2	0.2	0.2	0.2	0.2
30
1	2	3	4	5	6	7	8	9	10	11	12	13	14	15	16	17	18	19	20	21	22	23	24	25	26	27	28	29	30
200	200	200	200	200	200	200	200	200	200	200	200	200	200	200	200	200	200	200	200	200	200	200	200	200	200	200	200	200	200
200	200	200	200	200	200	200	200	200	200	200	200	200	200	200	200	200	200	200	200	200	200	200	200	200	200	200	200	200	200
0.06	0.145	0.105	0.16	0.075	0.105	0.075	0.065	0.02	0.03	0.04	0.12
0.08	0.155	0.11	0.11	0.075	0.1	0.095	0.06	0.02	0.03	0.025	0.14
0.07	0.135	0.18	0.1	0.11	0.09	0.06	0.03	0.035	0.045	0.035	0.11
0.055	0.1	0.195	0.165	0.05	0.065	0.08	0.035	0.035	0.03	0.03	0.16
0.05	0.205	0.13	0.12	0.085	0.075	0.065	0.025	0.065	0.06	0.025	0.095
0.06	0.135	0.215	0.13	0.125	0.045	0.045	0.045	0.055	0.03	0.025	0.09
0.075	0.105	0.16	0.115	0.085	0.095	0.03	0.06	0.05	0.055	0.025	0.145
0.03	0.205	0.18	0.17	0.095	0.08	0.06	0.025	0.03	0.03	0.03	0.065
0.095	0.13	0.165	0.15	0.12	0.095	0.045	0.04	0.025	0.025	0.02	0.09
0.115	0.17	0.105	0.095	0.105	0.07	0.055	0.06	0.025	0.04	0.02	0.14
0.09	0.165	0.195	0.07	0.095	0.055	0.09	0.06	0.025	0.05	0.02	0.085
0.085	0.285	0.17	0.125	0.055	0.075	0.03	0.05	0.03	0.015	0.005	0.075
0.095	0.2	0.285	0.14	0.055	0.03	0.055	0.02	0.03	0.015	0.005	0.07
0.04	0.165	0.245	0.19	0.115	0.04	0.02	0.065	0.025	0.005	0.025	0.065
0.115	0.145	0.12	0.205	0.135	0.08	0.035	0.015	0.03	0.04	0.02	0.06
0.075	0.15	0.19	0.125	0.125	0.1	0.06	0.055	0.015	0.025	0.02	0.06
0.085	0.15	0.24	0.115	0.1	0.07	0.07	0.065	0.02	0.005	0.025	0.055
0.06	0.225	0.12	0.18	0.095	0.07	0.04	0.075	0.03	0.04	0.005	0.06
0.125	0.175	0.22	0.16	0.09	0.055	0.05	0.03	0.045	0.015	0.005	0.03
0.095	0.275	0.175	0.125	0.09	0.08	0.02	0.05	0.025	0.03	0.005	0.03
0.15	0.185	0.24	0.15	0.09	0.085	0.045	0.005	0.015	0.015	0.005	0.015
0.09	0.28	0.17	0.135	0.13	0.06	0.055	0.02	0.005	0.015	0.015	0.025
0.105	0.295	0.19	0.095	0.115	0.06	0.045	0.03	0.02	0.005	0	0.04
0.085	0.205	0.27	0.22	0.03	0.075	0.04	0.02	0.015	0.015	0.005	0.02
0.15	0.18	0.205	0.16	0.11	0.075	0.03	0.05	0.005	0.01	0.005	0.02
0.07	0.28	0.17	0.21	0.11	0.07	0.02	0.025	0.005	0.01	0.01	0.02
0.155	0.15	0.315	0.1	0.1	0.075	0.04	0.025	0.005	0.015	0.01	0.01
0.1	0.285	0.175	0.15	0.085	0.07	0.06	0.035	0.01	0.005	0.01	0.015
0.115	0.3	0.235	0.115	0.12	0.025	0.04	0.03	0.01	0	0	0.01
0.1	0.24	0.26	0.155	0.055	0.1	0.05	0.01	0.02	0.01	0	0
#######LANDINGS DATA#######
1
30
206.520929766238	409.346827587139	674.61384479442	1278.08401474131	778.869458651476	1410.56671724248	1376.0994886619	1195.21208389501	1531.24659987452	1742.22753875948	1560.98009143156	1315.67260061698	1540.05451026403	1292.3438666364	1174.18455193071	1965.17251124432	1355.30632562491	1476.99753592089	1410.88131870803	1552.36382903009	1130.57537280321	1368.0546672396	1340.38714160341	1244.34962042883	1328.7263540859	1158.26389100809	1442.54275611549	1307.90643873799	1074.88591414458	970.171296868416
0.01	0.01	0.01	0.01	0.01	0.01	0.01	0.01	0.01	0.01	0.01	0.01	0.01	0.01	0.01	0.01	0.01	0.01	0.01	0.01	0.01	0.01	0.01	0.01	0.01	0.01	0.01	0.01	0.01	0.01
30
1	2	3	4	5	6	7	8	9	10	11	12	13	14	15	16	17	18	19	20	21	22	23	24	25	26	27	28	29	30
200	200	200	200	200	200	200	200	200	200	200	200	200	200	200	200	200	200	200	200	200	200	200	200	200	200	200	200	200	200
200	200	200	200	200	200	200	200	200	200	200	200	200	200	200	200	200	200	200	200	200	200	200	200	200	200	200	200	200	200
0.105	0.09	0.15	0.095	0.165	0.085	0.08	0.05	0.035	0.02	0.02	0.105
0.075	0.075	0.14	0.105	0.125	0.09	0.06	0.065	0.025	0.025	0.03	0.185
0.075	0.13	0.115	0.13	0.11	0.095	0.08	0.07	0.035	0.025	0.025	0.11
0.085	0.135	0.11	0.13	0.1	0.1	0.05	0.045	0.065	0.04	0.05	0.09
0.06	0.115	0.13	0.105	0.11	0.09	0.115	0.035	0.045	0.02	0.04	0.135
0.055	0.11	0.16	0.145	0.085	0.07	0.035	0.1	0.02	0.05	0.04	0.13
0.095	0.13	0.125	0.12	0.125	0.09	0.085	0.05	0.035	0.025	0.015	0.105
0.06	0.16	0.135	0.14	0.145	0.055	0.06	0.05	0.045	0.035	0.01	0.105
0.095	0.06	0.18	0.135	0.085	0.08	0.08	0.06	0.025	0.045	0.035	0.12
0.15	0.15	0.065	0.12	0.11	0.08	0.085	0.04	0.025	0.045	0.02	0.11
0.12	0.175	0.16	0.085	0.13	0.05	0.06	0.045	0.06	0.03	0.03	0.055
0.09	0.165	0.155	0.14	0.06	0.135	0.045	0.065	0.035	0.01	0.02	0.08
0.08	0.185	0.245	0.12	0.12	0.035	0.04	0.02	0.01	0.025	0.025	0.095
0.065	0.145	0.185	0.165	0.1	0.085	0.065	0.045	0.015	0.03	0.015	0.085
0.08	0.08	0.125	0.18	0.205	0.07	0.1	0.025	0.03	0.04	0.005	0.06
0.115	0.15	0.13	0.195	0.13	0.11	0.055	0.02	0.02	0.01	0	0.065
0.15	0.175	0.19	0.075	0.095	0.08	0.075	0.075	0.01	0.01	0.015	0.05
0.085	0.13	0.235	0.15	0.075	0.08	0.06	0.075	0.035	0.015	0.005	0.055
0.165	0.16	0.225	0.125	0.11	0.05	0.03	0.035	0.05	0.01	0.005	0.035
0.1	0.205	0.21	0.1	0.115	0.11	0.03	0.03	0.035	0.02	0.02	0.025
0.15	0.13	0.145	0.15	0.125	0.1	0.065	0.035	0.02	0.015	0.025	0.04
0.18	0.185	0.125	0.155	0.1	0.065	0.055	0.05	0.025	0.015	0.01	0.035
0.125	0.225	0.215	0.13	0.125	0.065	0.05	0.005	0.01	0.02	0.01	0.02
0.11	0.19	0.22	0.205	0.08	0.075	0.03	0.03	0.02	0.015	0.005	0.02
0.12	0.135	0.205	0.195	0.22	0.035	0.035	0.015	0.01	0.02	0	0.01
0.13	0.255	0.11	0.105	0.16	0.105	0.025	0.03	0.02	0.005	0.01	0.045
0.185	0.165	0.205	0.15	0.095	0.085	0.045	0.03	0.015	0.005	0.01	0.01
0.115	0.195	0.14	0.2	0.105	0.075	0.09	0.05	0.005	0.01	0.005	0.01
0.135	0.18	0.225	0.155	0.135	0.045	0.05	0.035	0.02	0	0	0.02
0.11	0.26	0.235	0.145	0.115	0.08	0.015	0.015	0	0.005	0.005	0.015
#######PARAMETER SECTION#######
800	400	1200	-4	800	-0.25	1
0.18	0.01	1	-4	0.18	-0.25	1
-1.36	-5	-0.001	-4	-1.36	-0.25	1
0.1	0.05	0.3	-4	0.1	-0.25	1
0.2	0.01	0.5	-4	0.2	-0.25	1
0.75	0.20001	1	-3	0.75	-0.25	1
13.815511	-1	200	1	13.815511	-0.25	1
0	-1	1	-4	0	-0.25	1
0.2	1e-04	1.2	-3	0.2	-0.25	1
0	-10	10	-6	0	-1	1
0	-10	10	-6	0	-1	1
2	0	12	2	2	-0.5	1
1	0	12	2	1	-0.5	1
2	0	12	-2	2	-0.5	1
1	0	12	-2	1	-0.5	1
1.5	0	12	2	1.5	-0.5	1
2	0	12	2	2	-0.5	1
-14.8771903024349	-30	5	1	-14.8771903024349	-1	1
1	0.1	2	-1	1	-1	1
-1.62455881138721	-10	1.39	1	-1.62455881138721	-1	1
#######DEV CONSTRAINTS and DEVS#######
-15	15	2
-15	15	2
-15	15	2
0	0	0	0	0	0	0	0	0	0	0	0	0	0	0	0	0	0	0	0	0	0	0	0	0	0	0	0	0	0
0	0	0	0	0	0	0	0	0	0	0	0	0	0	0	0	0	0	0	0	0	0	0	0	0	0	0	0	0	0
0	0	0	0	0	0	0	0	0	0	0
#######LIKELIHOOD WEIGHTS#######
1
1
1
1
0
1
0
0
0
#######MISCELLANEOUS STUFF SECTION#######
2.5e-08
3
0.5	0.5	0.5	0.5	0.5	0.5	0.5	0.5	0.5	0.5	0.5	0.5
0.0229773699100256	0.320821300824607	0.904650535100891	0.994779874306442	0.999738809680904	0.999986992871533	0.999999352405202	0.999999967758134	0.999999998394772	0.99999999992008	0.999999999996021	0.999999999999802
0.2	0.2	0.2	0.2	0.2	0.2	0.2	0.2	0.2	0.2	0.2	0.2
0
1
10
0.2
1
1	0	0	0	0	0	0	0	0	0	0	0
0	1	0	0	0	0	0	0	0	0	0	0
0	0	1	0	0	0	0	0	0	0	0	0
0	0	0	1	0	0	0	0	0	0	0	0
0	0	0	0	1	0	0	0	0	0	0	0
0	0	0	0	0	1	0	0	0	0	0	0
0	0	0	0	0	0	1	0	0	0	0	0
0	0	0	0	0	0	0	1	0	0	0	0
0	0	0	0	0	0	0	0	1	0	0	0
0	0	0	0	0	0	0	0	0	1	0	0
0	0	0	0	0	0	0	0	0	0	1	0
0	0	0	0	0	0	0	0	0	0	0	1
40
31
2
1
#######END OF DATA FILE#######
999
