# Number of parameters = 73  Objective function value = 26306.3  Maximum gradient component = 0.000995663
# sel_params[1]:
2.00000000000
# sel_params[2]:
1.00000000000
# log_Fmult_year1:
 -4.63945477145
# log_Fmult_devs:
 1.05824078817 0.517129257757 0.291471940902 -0.213138034917 0.576433369282 0.0224379204490 0.749761480271 -0.542273484397 0.203237155170 0.123916567399 0.0782320705650 -0.328375819504 0.370442533131 0.0661464675629 -0.114777529366 0.674440937393 -0.195878683582 -0.0135770513453 -0.0100721080909 0.327008716333 -0.327490419226 0.488563837136 -0.193322006049 -0.00528232154034 -0.0845249703153 -0.000934702986491 0.350099518957 -0.256165289168 0.425878052324
# log_recruit_devs:
 0.0317727754915 0.240840058644 -0.174853636072 -0.179702411758 0.262819657415 0.236143062410 0.0682113148367 0.133084123973 -0.0608719640473 0.0510320495851 0.0962927370913 -0.0963166317559 -0.0843176243755 0.0551882114384 -0.0785863655462 0.221688776425 0.0674920253153 -0.254628059376 -0.119563532405 -0.259752131107 0.222598013236 0.176094862990 -0.132156876890 -0.300949160775 0.0156727677635 -0.207500045563 -0.233154579114 0.110505123298 0.231138039063 -0.0382205801880
# log_N_year1_devs:
 -0.0597327566791 0.0263559879892 -0.0114840635600 -0.0434144966850 -0.0294180428494 -0.133167897854 -0.0492133202948 -0.0949544607486 -0.0521192482615 0.107257153087 -0.210797818042
# log_q_year1:
 -7.93956303067
# log_q_devs:
 0.00000000000 0.00000000000 0.00000000000 0.00000000000 0.00000000000 0.00000000000 0.00000000000 0.00000000000 0.00000000000 0.00000000000 0.00000000000 0.00000000000 0.00000000000 0.00000000000 0.00000000000 0.00000000000 0.00000000000 0.00000000000 0.00000000000 0.00000000000 0.00000000000 0.00000000000 0.00000000000 0.00000000000 0.00000000000 0.00000000000 0.00000000000 0.00000000000 0.00000000000
# index_sel_params[1]:
1.50000000000
# index_sel_params[2]:
0.500000000000
# log_SR_scaler:
6.90610270553
# SR_steepness:
0.750000000000
