# Number of parameters = 73  Objective function value = 26191.9  Maximum gradient component = 0.00155147
# sel_params[1]:
2.00000000000
# sel_params[2]:
1.00000000000
# log_Fmult_year1:
 -4.65158132664
# log_Fmult_devs:
 1.08795814033 0.500616910172 0.297192536462 -0.222260824241 0.583353896474 0.00190276099271 0.761291768219 -0.536821179777 0.193920695704 0.136427046550 0.0639507292822 -0.326973358590 0.383917035160 0.0615088748543 -0.110605458033 0.681280342896 -0.196897007416 -0.00242116603025 -0.00988398959078 0.314238914567 -0.325758048205 0.494323825591 -0.184859991045 -0.00323601244703 -0.107385145061 -0.0245689094935 0.345053801214 -0.267455944158 0.452014634255
# log_recruit_devs:
 0.0251780868438 0.307380798887 -0.0432143700908 -0.207653845680 0.323625364536 0.228506863889 -0.0720689042335 0.0972365577508 0.00973672514018 0.0721806370368 0.0395190023723 -0.0946780024371 -0.0500919142307 -0.00634858774433 -0.0954535145707 0.0976854736590 0.159445677497 -0.258152171957 -0.0670057158787 -0.220640168727 0.151535629455 0.101550722544 -0.0821446426817 -0.258904692284 0.190076753816 -0.353885204398 -0.115467071993 0.0187437963573 0.163550204430 -0.0602434873073
# log_N_year1_devs:
 -0.0660280147164 -0.112729893772 -0.0403249978744 -0.0514441197243 -0.151821213815 -0.0693844934792 -0.0344581048160 -0.134029359737 -0.0335006151228 -0.264760450259 -0.0575340821088
# log_q_year1:
 -7.94879296072
# log_q_devs:
 0.00000000000 0.00000000000 0.00000000000 0.00000000000 0.00000000000 0.00000000000 0.00000000000 0.00000000000 0.00000000000 0.00000000000 0.00000000000 0.00000000000 0.00000000000 0.00000000000 0.00000000000 0.00000000000 0.00000000000 0.00000000000 0.00000000000 0.00000000000 0.00000000000 0.00000000000 0.00000000000 0.00000000000 0.00000000000 0.00000000000 0.00000000000 0.00000000000 0.00000000000
# index_sel_params[1]:
1.50000000000
# index_sel_params[2]:
0.500000000000
# log_SR_scaler:
6.90866338158
# SR_steepness:
0.750000000000
