# Number of parameters = 73  Objective function value = 26341.8  Maximum gradient component = 0.000457721
# sel_params[1]:
2.00000000000
# sel_params[2]:
1.00000000000
# log_Fmult_year1:
 -4.63857761542
# log_Fmult_devs:
 1.08028255082 0.504510465637 0.298272691261 -0.221312120300 0.582803679841 0.0123554799954 0.734524758659 -0.521536646581 0.198882998166 0.132437462961 0.0650140873915 -0.323185855110 0.363121733044 0.0639757542666 -0.120593548327 0.668137692040 -0.201466335414 0.00181666123664 -0.0302433650378 0.326509643816 -0.319147833019 0.498129326359 -0.183856853721 -0.00458102470189 -0.0905089370228 -0.0286859246338 0.330925859005 -0.310926501518 0.407907964466
# log_recruit_devs:
 -0.0899444231719 0.216590621169 -0.0449872391278 -0.224242078076 0.275661546405 0.295622310710 -0.114117454571 0.163803684292 -0.120068314645 0.154518591223 0.0226984594935 -0.101072399084 -0.0343851559027 0.114099593445 -0.110873604748 0.175875308641 0.0584414003040 -0.197267254057 -0.171876765665 -0.193284919615 0.106548571417 0.0682747880325 -0.108833543802 -0.224782534742 0.0854417149498 -0.282161541186 0.0246515781347 0.143871445147 0.233211724061 -0.121414109032
# log_N_year1_devs:
 -0.0141024555866 0.0643200911244 -0.0309982376603 -0.122365115275 -0.0845444036013 -0.00474351300336 -0.144281941171 0.0992303150175 -0.177473226138 -0.213926092995 -0.174094912793
# log_q_year1:
 -7.95814425805
# log_q_devs:
 0.00000000000 0.00000000000 0.00000000000 0.00000000000 0.00000000000 0.00000000000 0.00000000000 0.00000000000 0.00000000000 0.00000000000 0.00000000000 0.00000000000 0.00000000000 0.00000000000 0.00000000000 0.00000000000 0.00000000000 0.00000000000 0.00000000000 0.00000000000 0.00000000000 0.00000000000 0.00000000000 0.00000000000 0.00000000000 0.00000000000 0.00000000000 0.00000000000 0.00000000000
# index_sel_params[1]:
1.50000000000
# index_sel_params[2]:
0.500000000000
# log_SR_scaler:
6.91366104950
# SR_steepness:
0.750000000000
