#styr																																				
1
#endyr																																			
30
#rec_age																																	
1																																						#n_ages																																		
12
# numbers of length intervals
81
#Length	bin
10	11	12	13	14	15	16	17	18	19	20	21	22	23	24	25	26	27	28	29	30	31	32	33	34	35	36	37	38	39	40	41	42	43	44	45	46	47	48	49	50	51	52	53	54	55	56	57	58	59	60	61	62	63	64	65	66	67	68	69	70	71	72	73	74	75	76	77	78	79	80	81	82	83	84	85	86	87	88	89	90
#nfsh
1
#names_fsh
OM1																																				
#catch																																			
161.548737177653	466.023182065318	755.991705413101	987.486966354272	762.246897535732	1334.75301822554	1274.62999198345	2487.88342723898	1329.41037905858	1521.34902503206	1616.11662098727	1615.15647127111	1098.97564913707	1518.1180810807	1512.75785306276	1279.91222302469	2252.46978643029	1618.22411038263	1453.34535656849	1320.79480481985	1621.32235692928	1082.7396551611	1647.86416743936	1193.05985296198	1117.78545131198	971.99008337434	921.300125214346	1205.85032962713	878.968644061274	1273.31119355162
#catch_cv																																		
0.01	0.01	0.01	0.01	0.01	0.01	0.01	0.01	0.01	0.01	0.01	0.01	0.01	0.01	0.01	0.01	0.01	0.01	0.01	0.01	0.01	0.01	0.01	0.01	0.01	0.01	0.01	0.01	0.01	0.01
#n_ages_fsh																															
30																			
#n_lengths_fsh																															
0																																						
#yrs_ages_fsh																																
1	2	3	4	5	6	7	8	9	10	11	12	13	14	15	16	17	18	19	20	21	22	23	24	25	26	27	28	29	30						
#sample_ages_fsh																														
200	200	200	200	200	200	200	200	200	200	200	200	200	200	200	200	200	200	200	200	200	200	200	200	200	200	200	200	200	200
#page_fsh	2	3	4	5	6	7	8	9	10	11																						
0.09	0.065	0.155	0.14	0.105	0.095	0.05	0.075	0.04	0.065	0.025	0.095
0.1	0.075	0.18	0.135	0.115	0.09	0.065	0.055	0.045	0.035	0.015	0.09
0.06	0.13	0.13	0.11	0.1	0.11	0.07	0.065	0.045	0.02	0.025	0.135
0.05	0.095	0.135	0.135	0.12	0.095	0.065	0.035	0.085	0.035	0.035	0.115
0.115	0.09	0.175	0.165	0.1	0.055	0.045	0.05	0.065	0.03	0.02	0.09
0.05	0.19	0.11	0.1	0.07	0.08	0.09	0.09	0.055	0.03	0.025	0.11
0.08	0.125	0.175	0.11	0.105	0.095	0.05	0.065	0.045	0.04	0.005	0.105
0.08	0.13	0.17	0.15	0.08	0.105	0.075	0.05	0.02	0.025	0.02	0.095
0.075	0.135	0.12	0.125	0.15	0.08	0.055	0.045	0.05	0.05	0.015	0.1
0.095	0.145	0.125	0.16	0.095	0.1	0.035	0.025	0.045	0.02	0.015	0.14
0.095	0.1	0.135	0.135	0.105	0.115	0.07	0.035	0.045	0.04	0.01	0.115
0.13	0.14	0.2	0.085	0.12	0.06	0.085	0.045	0.03	0.02	0.03	0.055
0.14	0.1	0.18	0.145	0.08	0.09	0.035	0.06	0.045	0.015	0.015	0.095
0.145	0.12	0.13	0.175	0.085	0.105	0.055	0.035	0.03	0.035	0.005	0.08
0.12	0.185	0.125	0.13	0.14	0.09	0.08	0.035	0.03	0	0.025	0.04
0.13	0.145	0.19	0.135	0.065	0.09	0.075	0.045	0.035	0.02	0.02	0.05
0.095	0.215	0.155	0.165	0.065	0.075	0.04	0.06	0.02	0.03	0.005	0.075
0.105	0.175	0.23	0.115	0.1	0.05	0.055	0.055	0.04	0.025	0.015	0.035
0.09	0.175	0.17	0.2	0.125	0.07	0.05	0.04	0.025	0.015	0.005	0.035
0.07	0.15	0.175	0.165	0.135	0.095	0.075	0.04	0.04	0.025	0.01	0.02
0.115	0.19	0.19	0.13	0.125	0.095	0.025	0.04	0.015	0.02	0.015	0.04
0.155	0.245	0.135	0.135	0.1	0.065	0.07	0.02	0.01	0.01	0.01	0.045
0.095	0.245	0.225	0.11	0.13	0.075	0.06	0.02	0.015	0.005	0.005	0.015
0.15	0.165	0.26	0.16	0.095	0.06	0.03	0.04	0.025	0.005	0	0.01
0.17	0.15	0.165	0.245	0.105	0.09	0.03	0.005	0.02	0.005	0.01	0.005
0.135	0.23	0.185	0.125	0.12	0.08	0.035	0.01	0.035	0.02	0	0.025
0.15	0.195	0.235	0.14	0.09	0.08	0.045	0.025	0.005	0.01	0.005	0.02
0.225	0.2	0.145	0.19	0.075	0.06	0.04	0.035	0.015	0	0	0.015
0.22	0.215	0.185	0.11	0.1	0.06	0.035	0.04	0.01	0.005	0.005	0.015
0.14	0.245	0.205	0.17	0.065	0.095	0.015	0.02	0.015	0.015	0.01	0.005
#wt_age_fsh	1 2	3	4	5	6	7	8	9	10	11																				
0.000530656	0.001196328	0.002058265	0.003034987	0.004055212	0.005064698	0.006026226	0.006916921	0.007724891	0.008446113	0.009081853	0.009636695
0.000530656	0.001196328	0.002058265	0.003034987	0.004055212	0.005064698	0.006026226	0.006916921	0.007724891	0.008446113	0.009081853	0.009636695
0.000530656	0.001196328	0.002058265	0.003034987	0.004055212	0.005064698	0.006026226	0.006916921	0.007724891	0.008446113	0.009081853	0.009636695
0.000530656	0.001196328	0.002058265	0.003034987	0.004055212	0.005064698	0.006026226	0.006916921	0.007724891	0.008446113	0.009081853	0.009636695
0.000530656	0.001196328	0.002058265	0.003034987	0.004055212	0.005064698	0.006026226	0.006916921	0.007724891	0.008446113	0.009081853	0.009636695
0.000530656	0.001196328	0.002058265	0.003034987	0.004055212	0.005064698	0.006026226	0.006916921	0.007724891	0.008446113	0.009081853	0.009636695
0.000530656	0.001196328	0.002058265	0.003034987	0.004055212	0.005064698	0.006026226	0.006916921	0.007724891	0.008446113	0.009081853	0.009636695
0.000530656	0.001196328	0.002058265	0.003034987	0.004055212	0.005064698	0.006026226	0.006916921	0.007724891	0.008446113	0.009081853	0.009636695
0.000530656	0.001196328	0.002058265	0.003034987	0.004055212	0.005064698	0.006026226	0.006916921	0.007724891	0.008446113	0.009081853	0.009636695
0.000530656	0.001196328	0.002058265	0.003034987	0.004055212	0.005064698	0.006026226	0.006916921	0.007724891	0.008446113	0.009081853	0.009636695
0.000530656	0.001196328	0.002058265	0.003034987	0.004055212	0.005064698	0.006026226	0.006916921	0.007724891	0.008446113	0.009081853	0.009636695
0.000530656	0.001196328	0.002058265	0.003034987	0.004055212	0.005064698	0.006026226	0.006916921	0.007724891	0.008446113	0.009081853	0.009636695
0.000530656	0.001196328	0.002058265	0.003034987	0.004055212	0.005064698	0.006026226	0.006916921	0.007724891	0.008446113	0.009081853	0.009636695
0.000530656	0.001196328	0.002058265	0.003034987	0.004055212	0.005064698	0.006026226	0.006916921	0.007724891	0.008446113	0.009081853	0.009636695
0.000530656	0.001196328	0.002058265	0.003034987	0.004055212	0.005064698	0.006026226	0.006916921	0.007724891	0.008446113	0.009081853	0.009636695
0.000530656	0.001196328	0.002058265	0.003034987	0.004055212	0.005064698	0.006026226	0.006916921	0.007724891	0.008446113	0.009081853	0.009636695
0.000530656	0.001196328	0.002058265	0.003034987	0.004055212	0.005064698	0.006026226	0.006916921	0.007724891	0.008446113	0.009081853	0.009636695
0.000530656	0.001196328	0.002058265	0.003034987	0.004055212	0.005064698	0.006026226	0.006916921	0.007724891	0.008446113	0.009081853	0.009636695
0.000530656	0.001196328	0.002058265	0.003034987	0.004055212	0.005064698	0.006026226	0.006916921	0.007724891	0.008446113	0.009081853	0.009636695
0.000530656	0.001196328	0.002058265	0.003034987	0.004055212	0.005064698	0.006026226	0.006916921	0.007724891	0.008446113	0.009081853	0.009636695
0.000530656	0.001196328	0.002058265	0.003034987	0.004055212	0.005064698	0.006026226	0.006916921	0.007724891	0.008446113	0.009081853	0.009636695
0.000530656	0.001196328	0.002058265	0.003034987	0.004055212	0.005064698	0.006026226	0.006916921	0.007724891	0.008446113	0.009081853	0.009636695
0.000530656	0.001196328	0.002058265	0.003034987	0.004055212	0.005064698	0.006026226	0.006916921	0.007724891	0.008446113	0.009081853	0.009636695
0.000530656	0.001196328	0.002058265	0.003034987	0.004055212	0.005064698	0.006026226	0.006916921	0.007724891	0.008446113	0.009081853	0.009636695
0.000530656	0.001196328	0.002058265	0.003034987	0.004055212	0.005064698	0.006026226	0.006916921	0.007724891	0.008446113	0.009081853	0.009636695
0.000530656	0.001196328	0.002058265	0.003034987	0.004055212	0.005064698	0.006026226	0.006916921	0.007724891	0.008446113	0.009081853	0.009636695
0.000530656	0.001196328	0.002058265	0.003034987	0.004055212	0.005064698	0.006026226	0.006916921	0.007724891	0.008446113	0.009081853	0.009636695
0.000530656	0.001196328	0.002058265	0.003034987	0.004055212	0.005064698	0.006026226	0.006916921	0.007724891	0.008446113	0.009081853	0.009636695
0.000530656	0.001196328	0.002058265	0.003034987	0.004055212	0.005064698	0.006026226	0.006916921	0.007724891	0.008446113	0.009081853	0.009636695
0.000530656	0.001196328	0.002058265	0.003034987	0.004055212	0.005064698	0.006026226	0.006916921	0.007724891	0.008446113	0.009081853	0.009636695

#nind
1
#ind_names																																	
survey_index1																																
#nobs_ind
30
#yrs_ind																																		
1	2	3	4	5	6	7	8	9	10	11	12	13	14	15	16	17	18	19	20	21	22	23	24	25	26	27	28	29	30	
#month_ind																																	
1																																						
#biom_ind																																		
1.62701277229674	1.70516300145568	1.42038736495492	1.71352240450068	1.38858557357015	1.78603565108704	1.67561151878967	1.39761514087483	1.20730575720218	1.48034579116134	1.19715348585267	1.0437175480638	0.891088543691309	0.903012359079684	0.964115042052617	0.937903351884178	0.963809953193027	0.898251292118603	0.81104163716189	0.610640216170001	0.754318782838113	0.674850564555772	0.609696043061516	0.645823453500366	0.500535320982781	0.543226041291288	0.556981575138279	0.558648824888971	0.487363315151469	0.539093176104195
#biom_cv																				
0.325402554459348	0.341032600291136	0.284077472990984	0.342704480900137	0.27771711471403	0.357207130217409	0.335122303757933	0.279523028174966	0.241461151440437	0.296069158232268	0.239430697170534	0.208743509612759	0.178217708738262	0.180602471815937	0.192823008410523	0.187580670376836	0.192761990638605	0.179650258423721	0.162208327432378	0.122128043234	0.150863756567623	0.134970112911154	0.121939208612303	0.129164690700073	0.100107064196556	0.108645208258258	0.111396315027656	0.111729764977794	0.0974726630302938	0.107818635220839
#n_ages_ind																																	
30			
#n_lengths_ind																															
0																																						
#yrs_ages_ind																																
1	2	3	4	5	6	7	8	9	10	11	12	13	14	15	16	17	18	19	20	21	22	23	24	25	26	27	28	29	30																						
#sample_ages_ind																														
200	200	200	200	200	200	200	200	200	200	200	200	200	200	200	200	200	200	200	200	200	200	200	200	200	200	200	200	200	200
#page_ind																																		
0.06	0.15	0.14	0.12	0.12	0.06	0.055	0.04	0.045	0.055	0.025	0.13
0.035	0.165	0.16	0.115	0.1	0.08	0.035	0.07	0.01	0.055	0.035	0.14
0.045	0.135	0.195	0.14	0.095	0.1	0.08	0.055	0.045	0.015	0.01	0.085
0.07	0.11	0.18	0.135	0.13	0.095	0.065	0.025	0.03	0.02	0.04	0.1
0.1	0.1	0.16	0.175	0.12	0.085	0.05	0.05	0.035	0.005	0.01	0.11
0.09	0.2	0.125	0.095	0.11	0.075	0.05	0.045	0.04	0.03	0.03	0.11
0.05	0.215	0.205	0.085	0.08	0.07	0.08	0.035	0.02	0.055	0.015	0.09
0.13	0.13	0.165	0.145	0.07	0.085	0.04	0.04	0.03	0.05	0.025	0.09
0.075	0.15	0.17	0.15	0.125	0.05	0.065	0.085	0.01	0.025	0.02	0.075
0.045	0.15	0.22	0.135	0.175	0.04	0.04	0.035	0.055	0.01	0.03	0.065
0.08	0.195	0.14	0.165	0.105	0.08	0.055	0.03	0.04	0.025	0.02	0.065
0.075	0.215	0.11	0.135	0.135	0.045	0.085	0.065	0.015	0.025	0.015	0.08
0.11	0.175	0.215	0.085	0.105	0.12	0.06	0.035	0.025	0.005	0.015	0.05
0.115	0.145	0.18	0.15	0.08	0.09	0.065	0.05	0.02	0.01	0.005	0.09
0.08	0.205	0.175	0.17	0.11	0.08	0.045	0.025	0.03	0.02	0.02	0.04
0.095	0.195	0.095	0.14	0.165	0.07	0.035	0.04	0.035	0.035	0.03	0.065
0.095	0.21	0.175	0.2	0.065	0.045	0.045	0.025	0.035	0.02	0.025	0.06
0.09	0.21	0.21	0.14	0.125	0.065	0.035	0.045	0.02	0.015	0.005	0.04
0.11	0.12	0.265	0.135	0.095	0.065	0.065	0.02	0.045	0.035	0.005	0.04
0.07	0.22	0.16	0.155	0.16	0.075	0.045	0.03	0.025	0.015	0.005	0.04
0.17	0.215	0.19	0.09	0.15	0.07	0.045	0.02	0	0.005	0.02	0.025
0.115	0.255	0.2	0.17	0.06	0.06	0.055	0.01	0.02	0.015	0.01	0.03
0.125	0.235	0.25	0.13	0.09	0.065	0.03	0.035	0.01	0.005	0.015	0.01
0.11	0.225	0.265	0.18	0.09	0.05	0.015	0.01	0.015	0.01	0.015	0.015
0.16	0.2	0.235	0.135	0.125	0.05	0.03	0.01	0.03	0	0.01	0.015
0.13	0.285	0.2	0.1	0.135	0.085	0.02	0.01	0.005	0.01	0	0.02
0.135	0.225	0.185	0.2	0.1	0.06	0.055	0.015	0.01	0.005	0	0.01
0.135	0.255	0.185	0.165	0.095	0.085	0.045	0.02	0.005	0.005	0	0.005
0.145	0.27	0.24	0.1	0.115	0.04	0.02	0.02	0.025	0	0.005	0.02
0.125	0.295	0.225	0.135	0.085	0.06	0.015	0.025	0.01	0.01	0.005	0.01
#wt_age_ind																																	
1 1 1 1 1 1 1 1 1 1 1 1 
1 1 1 1 1 1 1 1 1 1 1 1 
1 1 1 1 1 1 1 1 1 1 1 1 
1 1 1 1 1 1 1 1 1 1 1 1 
1 1 1 1 1 1 1 1 1 1 1 1 
1 1 1 1 1 1 1 1 1 1 1 1 
1 1 1 1 1 1 1 1 1 1 1 1 
1 1 1 1 1 1 1 1 1 1 1 1 
1 1 1 1 1 1 1 1 1 1 1 1 
1 1 1 1 1 1 1 1 1 1 1 1 
1 1 1 1 1 1 1 1 1 1 1 1 
1 1 1 1 1 1 1 1 1 1 1 1 
1 1 1 1 1 1 1 1 1 1 1 1 
1 1 1 1 1 1 1 1 1 1 1 1 
1 1 1 1 1 1 1 1 1 1 1 1 
1 1 1 1 1 1 1 1 1 1 1 1 
1 1 1 1 1 1 1 1 1 1 1 1 
1 1 1 1 1 1 1 1 1 1 1 1 
1 1 1 1 1 1 1 1 1 1 1 1 
1 1 1 1 1 1 1 1 1 1 1 1 
1 1 1 1 1 1 1 1 1 1 1 1 
1 1 1 1 1 1 1 1 1 1 1 1 
1 1 1 1 1 1 1 1 1 1 1 1 
1 1 1 1 1 1 1 1 1 1 1 1 
1 1 1 1 1 1 1 1 1 1 1 1 
1 1 1 1 1 1 1 1 1 1 1 1 
1 1 1 1 1 1 1 1 1 1 1 1 
1 1 1 1 1 1 1 1 1 1 1 1 
1 1 1 1 1 1 1 1 1 1 1 1 
1 1 1 1 1 1 1 1 1 1 1 1 
# wt_pop
0.000530656	0.001196328	0.002058265	0.003034987	0.004055212	0.005064698	0.006026226	0.006916921	0.007724891	0.008446113	0.009081853	0.009636695
#maturity
0.02297737 0.32082130 0.90465054 0.99477987 0.99973881 0.99998699 0.99999935 0.99999997 1 1 1 1
#spmonth																																		
1		
#age_err																																		
1	0	0	0	0	0	0	0	0	0	0	0
0	1	0	0	0	0	0	0	0	0	0	0
0	0	1	0	0	0	0	0	0	0	0	0
0	0	0	1	0	0	0	0	0	0	0	0
0	0	0	0	1	0	0	0	0	0	0	0
0	0	0	0	0	1	0	0	0	0	0	0
0	0	0	0	0	0	1	0	0	0	0	0
0	0	0	0	0	0	0	1	0	0	0	0
0	0	0	0	0	0	0	0	1	0	0	0
0	0	0	0	0	0	0	0	0	1	0	0
0	0	0	0	0	0	0	0	0	0	1	0
0	0	0	0	0	0	0	0	0	0	0	1																														
