# Number of parameters = 73  Objective function value = 26362.0  Maximum gradient component = 0.000852016
# sel_params[1]:
2.00000000000
# sel_params[2]:
1.00000000000
# log_Fmult_year1:
 -4.72802551178
# log_Fmult_devs:
 1.08328843471 0.513889433515 0.318633262665 -0.213778688560 0.587899213461 0.00908440323803 0.752309405743 -0.529376529621 0.197684306050 0.131879728002 0.0689233757221 -0.320404220878 0.362109493492 0.0554026212819 -0.108987725805 0.665750054709 -0.191169275520 -0.00855526621055 -0.0170678081328 0.322214199373 -0.306524729287 0.512003073083 -0.173770316657 -0.0143107195157 -0.0775972741587 -0.0381571251974 0.346090630758 -0.266926791418 0.438879563916
# log_recruit_devs:
 -0.0554933306534 0.228478549755 -0.0184735313488 -0.138426877494 0.210830023536 0.333042347872 -0.0421602696531 0.128392133732 -0.0926278588211 0.133166897851 0.160363518749 -0.121153315690 0.0197613088209 0.00561347400294 -0.145562782959 0.194223540747 0.159069698916 -0.343966935847 -0.0803511416860 -0.344024562612 0.151390175796 0.0430889093456 -0.0965016213277 -0.210991547244 0.0954913069914 -0.267102587309 -0.0392494910167 0.0246694908872 0.173592058200 -0.0650875815390
# log_N_year1_devs:
 -0.155307664823 0.00210735888657 -0.0129111419319 0.102395654812 0.0214125551783 -0.152954954632 -0.220433997256 0.0796809664666 0.0846769992195 -0.0528910587385 0.0488061739291
# log_q_year1:
 -7.95622986149
# log_q_devs:
 0.00000000000 0.00000000000 0.00000000000 0.00000000000 0.00000000000 0.00000000000 0.00000000000 0.00000000000 0.00000000000 0.00000000000 0.00000000000 0.00000000000 0.00000000000 0.00000000000 0.00000000000 0.00000000000 0.00000000000 0.00000000000 0.00000000000 0.00000000000 0.00000000000 0.00000000000 0.00000000000 0.00000000000 0.00000000000 0.00000000000 0.00000000000 0.00000000000 0.00000000000
# index_sel_params[1]:
1.50000000000
# index_sel_params[2]:
0.500000000000
# log_SR_scaler:
6.89707597252
# SR_steepness:
0.750000000000
