# Number of parameters = 73  Objective function value = 26400.3  Maximum gradient component = 0.000998774
# sel_params[1]:
2.00000000000
# sel_params[2]:
1.00000000000
# log_Fmult_year1:
 -4.60273629339
# log_Fmult_devs:
 1.05589282803 0.508356088140 0.310319851122 -0.230139676317 0.580647050759 0.0118761326871 0.746229221989 -0.541605946967 0.193718605137 0.113630232397 0.0658485232623 -0.324588383206 0.373994160958 0.0521657395945 -0.112660346811 0.665270841653 -0.206209773888 -0.00827437556329 -0.0239027146275 0.335255859517 -0.303962463839 0.499165184477 -0.199105194927 -0.0102868845286 -0.103465175713 -0.0360434081208 0.316015659954 -0.291630873407 0.414779122780
# log_recruit_devs:
 0.0224019130193 0.142807329303 -0.102451763258 -0.215604601992 0.231991205168 0.272074653176 0.0784923822691 0.0795418895152 0.0199833556784 0.0677184588732 0.0805946372875 -0.0755750532234 -0.0903003096289 0.0531170396447 -0.0442668276472 0.173470291731 0.0761238104545 -0.358082294575 -0.118698191997 -0.317111634507 0.109347662944 0.105378748102 -0.0687895986055 -0.237055498526 0.0720082262601 -0.164911333449 -0.0918416639998 0.0465734775044 0.224949528841 0.0281141616382
# log_N_year1_devs:
 0.00495314246321 -0.0931393021353 -0.0256865099128 -0.110341239898 -0.148219791887 0.0648265271112 -0.0485282810449 -0.0268291543535 -0.240102128508 -0.222490963978 -0.226094894031
# log_q_year1:
 -7.97030473457
# log_q_devs:
 0.00000000000 0.00000000000 0.00000000000 0.00000000000 0.00000000000 0.00000000000 0.00000000000 0.00000000000 0.00000000000 0.00000000000 0.00000000000 0.00000000000 0.00000000000 0.00000000000 0.00000000000 0.00000000000 0.00000000000 0.00000000000 0.00000000000 0.00000000000 0.00000000000 0.00000000000 0.00000000000 0.00000000000 0.00000000000 0.00000000000 0.00000000000 0.00000000000 0.00000000000
# index_sel_params[1]:
1.50000000000
# index_sel_params[2]:
0.500000000000
# log_SR_scaler:
6.92605399223
# SR_steepness:
0.750000000000
