# Number of parameters = 73  Objective function value = 26293.8  Maximum gradient component = 0.000292656
# sel_params[1]:
2.00000000000
# sel_params[2]:
1.00000000000
# log_Fmult_year1:
 -4.60984607657
# log_Fmult_devs:
 1.06640142270 0.507647918434 0.301520735984 -0.219575252776 0.583696983990 0.00537299392218 0.740242593588 -0.531433186741 0.200589233919 0.137394819617 0.0620077256358 -0.328320703758 0.373324372009 0.0526617216878 -0.106488990986 0.673383037353 -0.212581008305 -0.0143182886517 -0.0198481845221 0.316908338923 -0.321226436099 0.493588041047 -0.173405183362 -0.00765085994179 -0.0930896194682 -0.0215801293723 0.337303694851 -0.299452769570 0.406210494932
# log_recruit_devs:
 -0.0137962276147 0.234100379312 -0.123971848609 -0.275592849763 0.331161474862 0.317601174720 -0.0593504974534 0.0366011771209 -0.0454159738506 0.0953498647700 0.0961076613330 -0.151605037089 0.00841778207938 0.0823523576392 -0.0424496505555 0.123164171783 0.167237166190 -0.286800878673 -0.0669748158496 -0.204082829888 0.0941950257861 0.0348845169169 -0.126025784471 -0.242318271935 0.126657318039 -0.275975446420 -0.0313971041219 0.140154890702 0.214077839444 -0.156305584404
# log_N_year1_devs:
 -0.0803691316523 -0.0226573621505 -0.137290726611 -0.0403486714442 -0.0562546302466 -0.0897667113018 -0.0330235444673 -0.294778811312 0.00924564522721 -0.182161740881 -0.185756165732
# log_q_year1:
 -7.95403555724
# log_q_devs:
 0.00000000000 0.00000000000 0.00000000000 0.00000000000 0.00000000000 0.00000000000 0.00000000000 0.00000000000 0.00000000000 0.00000000000 0.00000000000 0.00000000000 0.00000000000 0.00000000000 0.00000000000 0.00000000000 0.00000000000 0.00000000000 0.00000000000 0.00000000000 0.00000000000 0.00000000000 0.00000000000 0.00000000000 0.00000000000 0.00000000000 0.00000000000 0.00000000000 0.00000000000
# index_sel_params[1]:
1.50000000000
# index_sel_params[2]:
0.500000000000
# log_SR_scaler:
6.91577323367
# SR_steepness:
0.750000000000
