#######GENERAL HEADER INPUT#######
1
30
1
30
1
30
30
12
1	2	3	4	5	6	7	8	9	10	11	12
12
1	2	3	4	5	6	7	8	9	10	11	12
1
101
1
1
#######SURVEY DATA#######
30
1	2	3	4	5	6	7	8	9	10	11	12	13	14	15	16	17	18	19	20	21	22	23	24	25	26	27	28	29	30
1.88047363313843	1.40661117447265	1.52717440147155	1.46385532000165	1.41390131243419	1.46968929336363	1.42278085938753	1.32336323843131	1.28582393845091	1.22221411404714	1.17490300552486	1.32747503572404	0.937041795171213	1.06229880095551	0.954590551009035	0.946704353608353	0.975294974533762	0.90975285576185	0.904172450364535	0.730727999863758	0.660191557474002	0.65411090785969	0.711353669239193	0.602995179651507	0.590075253513406	0.519368038238832	0.58765018634582	0.532252840287166	0.723444683472444	0.590986999046534
0.2	0.2	0.2	0.2	0.2	0.2	0.2	0.2	0.2	0.2	0.2	0.2	0.2	0.2	0.2	0.2	0.2	0.2	0.2	0.2	0.2	0.2	0.2	0.2	0.2	0.2	0.2	0.2	0.2	0.2
30
1	2	3	4	5	6	7	8	9	10	11	12	13	14	15	16	17	18	19	20	21	22	23	24	25	26	27	28	29	30
200	200	200	200	200	200	200	200	200	200	200	200	200	200	200	200	200	200	200	200	200	200	200	200	200	200	200	200	200	200
200	200	200	200	200	200	200	200	200	200	200	200	200	200	200	200	200	200	200	200	200	200	200	200	200	200	200	200	200	200
0.065	0.18	0.125	0.14	0.095	0.12	0.03	0.03	0.06	0.035	0.025	0.095
0.065	0.125	0.155	0.09	0.085	0.085	0.115	0.03	0.06	0.02	0.05	0.12
0.035	0.195	0.125	0.165	0.09	0.06	0.055	0.05	0.045	0.045	0.03	0.105
0.055	0.175	0.16	0.09	0.105	0.06	0.08	0.055	0.03	0.03	0.02	0.14
0.11	0.115	0.15	0.17	0.105	0.04	0.085	0.02	0.03	0.025	0.02	0.13
0.055	0.19	0.15	0.11	0.125	0.08	0.07	0.025	0.045	0.03	0.025	0.095
0.05	0.155	0.235	0.1	0.065	0.09	0.05	0.04	0.04	0.035	0.03	0.11
0.065	0.16	0.16	0.175	0.095	0.065	0.07	0.04	0.04	0.02	0.025	0.085
0.07	0.2	0.14	0.14	0.125	0.055	0.025	0.055	0.055	0.015	0.01	0.11
0.115	0.165	0.205	0.105	0.135	0.11	0.035	0.055	0.015	0.02	0.005	0.035
0.07	0.185	0.125	0.17	0.09	0.09	0.075	0.045	0.03	0.03	0.01	0.08
0.08	0.155	0.18	0.105	0.175	0.05	0.07	0.06	0.01	0.035	0.02	0.06
0.03	0.195	0.215	0.135	0.105	0.09	0.035	0.035	0.065	0.015	0.01	0.07
0.08	0.15	0.19	0.15	0.12	0.1	0.07	0.015	0.03	0.025	0.015	0.055
0.065	0.165	0.195	0.11	0.12	0.07	0.055	0.07	0.05	0.015	0.03	0.055
0.125	0.175	0.16	0.145	0.08	0.09	0.045	0.02	0.005	0.045	0.02	0.09
0.11	0.225	0.18	0.14	0.09	0.045	0.05	0.045	0.025	0.035	0.015	0.04
0.1	0.25	0.235	0.08	0.09	0.045	0.03	0.035	0.045	0.005	0.01	0.075
0.06	0.2	0.24	0.165	0.125	0.09	0.025	0.02	0.025	0.02	0.005	0.025
0.05	0.205	0.205	0.175	0.125	0.075	0.025	0.03	0.03	0.02	0.005	0.055
0.135	0.21	0.175	0.155	0.15	0.055	0.03	0.015	0.015	0.025	0.015	0.02
0.18	0.255	0.14	0.165	0.1	0.065	0.04	0.01	0.01	0	0.005	0.03
0.1	0.265	0.28	0.085	0.085	0.05	0.045	0.02	0.01	0.035	0.015	0.01
0.105	0.175	0.3	0.19	0.05	0.065	0.035	0.035	0.015	0.01	0.01	0.01
0.11	0.21	0.23	0.155	0.125	0.04	0.065	0.025	0.025	0.005	0.005	0.005
0.08	0.28	0.195	0.155	0.1	0.09	0.04	0.02	0.01	0	0.015	0.015
0.14	0.165	0.32	0.125	0.08	0.06	0.025	0.025	0.03	0.01	0	0.02
0.135	0.225	0.195	0.18	0.12	0.045	0.035	0.025	0.015	0	0.005	0.02
0.16	0.33	0.165	0.095	0.1	0.03	0.035	0.05	0.015	0	0.01	0.01
0.1	0.335	0.245	0.14	0.08	0.055	0.015	0.015	0.01	0.005	0	0
#######LANDINGS DATA#######
1
30
161.650189298821	469.59653091626	763.902371874786	1000.99014856895	767.344895849013	1318.3683382289	1277.27573855685	2483.02449711486	1336.512756399	1537.64263142676	1627.17499025967	1602.85560335625	1110.87550400394	1526.60489246851	1511.94347237099	1282.93538559741	2235.65986388511	1622.84303577017	1474.07485433895	1310.29253724559	1628.28480139818	1082.44706594106	1622.63282850094	1198.09240979872	1122.13659151828	965.670216950424	921.576642725365	1212.41740949252	882.710604576005	1279.04907365991
0.01	0.01	0.01	0.01	0.01	0.01	0.01	0.01	0.01	0.01	0.01	0.01	0.01	0.01	0.01	0.01	0.01	0.01	0.01	0.01	0.01	0.01	0.01	0.01	0.01	0.01	0.01	0.01	0.01	0.01
30
1	2	3	4	5	6	7	8	9	10	11	12	13	14	15	16	17	18	19	20	21	22	23	24	25	26	27	28	29	30
200	200	200	200	200	200	200	200	200	200	200	200	200	200	200	200	200	200	200	200	200	200	200	200	200	200	200	200	200	200
200	200	200	200	200	200	200	200	200	200	200	200	200	200	200	200	200	200	200	200	200	200	200	200	200	200	200	200	200	200
0.095	0.105	0.095	0.1	0.08	0.105	0.09	0.06	0.06	0.045	0.015	0.15
0.09	0.115	0.1	0.14	0.085	0.115	0.065	0.055	0.05	0.025	0.035	0.125
0.07	0.14	0.105	0.165	0.12	0.075	0.065	0.07	0.045	0.04	0.015	0.09
0.07	0.09	0.19	0.095	0.08	0.07	0.085	0.045	0.045	0.04	0.04	0.15
0.1	0.11	0.095	0.16	0.125	0.06	0.06	0.065	0.035	0.06	0.035	0.095
0.07	0.165	0.145	0.13	0.105	0.075	0.055	0.035	0.05	0.025	0.025	0.12
0.06	0.185	0.195	0.11	0.11	0.05	0.065	0.05	0.02	0.03	0.035	0.09
0.085	0.125	0.13	0.16	0.075	0.07	0.07	0.08	0.035	0.005	0.015	0.15
0.075	0.125	0.125	0.185	0.1	0.05	0.075	0.065	0.035	0.04	0.01	0.115
0.075	0.125	0.145	0.13	0.135	0.09	0.04	0.06	0.06	0.01	0.01	0.12
0.095	0.14	0.14	0.17	0.075	0.1	0.075	0.045	0.02	0.03	0.02	0.09
0.1	0.145	0.185	0.09	0.12	0.095	0.055	0.065	0.005	0.015	0.035	0.09
0.095	0.135	0.16	0.145	0.065	0.11	0.065	0.055	0.05	0.02	0.025	0.075
0.105	0.16	0.115	0.15	0.08	0.075	0.09	0.065	0.03	0.045	0.015	0.07
0.095	0.185	0.155	0.125	0.105	0.055	0.07	0.06	0.02	0.03	0.035	0.065
0.18	0.12	0.195	0.11	0.1	0.11	0.065	0.04	0.02	0.03	0.015	0.015
0.13	0.17	0.125	0.15	0.12	0.04	0.09	0.04	0.055	0.02	0.02	0.04
0.09	0.195	0.215	0.155	0.145	0.07	0.04	0.04	0.02	0.005	0.005	0.02
0.115	0.155	0.215	0.165	0.065	0.115	0.055	0.025	0.015	0.025	0.005	0.045
0.075	0.175	0.155	0.215	0.145	0.055	0.05	0.02	0.02	0.025	0.025	0.04
0.14	0.17	0.18	0.14	0.125	0.105	0.02	0.025	0.03	0.015	0.025	0.025
0.115	0.24	0.135	0.14	0.095	0.105	0.075	0.04	0.015	0.01	0.015	0.015
0.16	0.23	0.23	0.125	0.105	0.05	0.025	0.035	0.015	0.02	0.005	0
0.115	0.135	0.245	0.165	0.105	0.08	0.045	0.025	0.025	0.035	0.015	0.01
0.165	0.165	0.175	0.245	0.105	0.03	0.03	0.03	0.025	0.025	0	0.005
0.12	0.22	0.19	0.115	0.2	0.05	0.03	0.035	0.01	0.005	0.025	0
0.145	0.165	0.245	0.14	0.095	0.075	0.07	0.015	0.005	0.01	0.015	0.02
0.14	0.205	0.16	0.21	0.12	0.045	0.04	0.035	0.005	0.015	0	0.025
0.145	0.275	0.14	0.145	0.115	0.04	0.045	0.02	0.045	0	0.005	0.025
0.16	0.28	0.22	0.13	0.07	0.065	0.03	0.015	0.005	0.01	0.01	0.005
#######PARAMETER SECTION#######
800	400	1200	-4	800	-0.25	1
0.18	0.01	1	-4	0.18	-0.25	1
-1.36	-5	-0.001	-4	-1.36	-0.25	1
0.1	0.05	0.3	-4	0.1	-0.25	1
0.2	0.01	0.5	-4	0.2	-0.25	1
0.75	0.20001	1	-3	0.75	-0.25	1
13.815511	-1	200	1	13.815511	-0.25	1
0	-1	1	-4	0	-0.25	1
0.2	1e-04	1.2	-3	0.2	-0.25	1
0	-10	10	-6	0	-1	1
0	-10	10	-6	0	-1	1
2	0	12	-2	2	-0.5	1
1	0	12	-2	1	-0.5	1
2	0	12	-2	2	-0.5	1
1	0	12	-2	1	-0.5	1
1.5	0	12	-2	1.5	-0.5	1
2	0	12	-2	2	-0.5	1
-14.8682006803499	-30	5	1	-14.8682006803499	-1	1
1	0.1	2	-1	1	-1	1
-1.51930887058023	-10	1.39	1	-1.51930887058023	-1	1
#######DEV CONSTRAINTS and DEVS#######
-15	15	2
-15	15	2
-15	15	2
0	0	0	0	0	0	0	0	0	0	0	0	0	0	0	0	0	0	0	0	0	0	0	0	0	0	0	0	0	0
0	0	0	0	0	0	0	0	0	0	0	0	0	0	0	0	0	0	0	0	0	0	0	0	0	0	0	0	0	0
0	0	0	0	0	0	0	0	0	0	0
#######LIKELIHOOD WEIGHTS#######
1
1
1
1
0
1
0
0
0
#######MISCELLANEOUS STUFF SECTION#######
2.5e-08
3
0.5	0.5	0.5	0.5	0.5	0.5	0.5	0.5	0.5	0.5	0.5	0.5
0.0229773699100256	0.320821300824607	0.904650535100891	0.994779874306442	0.999738809680904	0.999986992871533	0.999999352405202	0.999999967758134	0.999999998394772	0.99999999992008	0.999999999996021	0.999999999999802
0.2	0.2	0.2	0.2	0.2	0.2	0.2	0.2	0.2	0.2	0.2	0.2
0
1
10
0.2
1
1	0	0	0	0	0	0	0	0	0	0	0
0	1	0	0	0	0	0	0	0	0	0	0
0	0	1	0	0	0	0	0	0	0	0	0
0	0	0	1	0	0	0	0	0	0	0	0
0	0	0	0	1	0	0	0	0	0	0	0
0	0	0	0	0	1	0	0	0	0	0	0
0	0	0	0	0	0	1	0	0	0	0	0
0	0	0	0	0	0	0	1	0	0	0	0
0	0	0	0	0	0	0	0	1	0	0	0
0	0	0	0	0	0	0	0	0	1	0	0
0	0	0	0	0	0	0	0	0	0	1	0
0	0	0	0	0	0	0	0	0	0	0	1
40
31
2
1
#######END OF DATA FILE#######
999
