#######GENERAL HEADER INPUT#######
1
30
1
30
1
30
30
12
1	2	3	4	5	6	7	8	9	10	11	12
12
1	2	3	4	5	6	7	8	9	10	11	12
1
101
1
1
#######SURVEY DATA#######
30
1	2	3	4	5	6	7	8	9	10	11	12	13	14	15	16	17	18	19	20	21	22	23	24	25	26	27	28	29	30
1.71355082929882	1.51289546938679	1.63404211645288	1.64899254387468	1.31471575266704	1.58703055819737	1.28025044023745	1.25758943107019	1.47081288595188	1.30652742117706	1.19132385985065	1.17547272999197	0.944684997820053	1.02840948903736	1.15398321760129	0.940472501772491	1.02395993572598	0.810010670057978	0.806532474621036	0.575848554623164	0.685697286780227	0.631286443729581	0.671405313844964	0.685147912547219	0.579689755399385	0.588437261234357	0.539527176561685	0.502613596674562	0.497324049386029	0.435712633784656
0.2	0.2	0.2	0.2	0.2	0.2	0.2	0.2	0.2	0.2	0.2	0.2	0.2	0.2	0.2	0.2	0.2	0.2	0.2	0.2	0.2	0.2	0.2	0.2	0.2	0.2	0.2	0.2	0.2	0.2
30
1	2	3	4	5	6	7	8	9	10	11	12	13	14	15	16	17	18	19	20	21	22	23	24	25	26	27	28	29	30
200	200	200	200	200	200	200	200	200	200	200	200	200	200	200	200	200	200	200	200	200	200	200	200	200	200	200	200	200	200
200	200	200	200	200	200	200	200	200	200	200	200	200	200	200	200	200	200	200	200	200	200	200	200	200	200	200	200	200	200
0.06	0.125	0.165	0.115	0.08	0.1	0.065	0.03	0.065	0.035	0.02	0.14
0.08	0.12	0.14	0.11	0.085	0.085	0.06	0.045	0.06	0.015	0.04	0.16
0.08	0.13	0.155	0.085	0.095	0.085	0.05	0.06	0.045	0.025	0.07	0.12
0.055	0.115	0.25	0.115	0.09	0.04	0.105	0.04	0.04	0.03	0.03	0.09
0.095	0.1	0.14	0.175	0.08	0.09	0.05	0.06	0.06	0.025	0.025	0.1
0.08	0.18	0.075	0.125	0.125	0.07	0.1	0.025	0.04	0.025	0.02	0.135
0.075	0.2	0.19	0.085	0.095	0.09	0.055	0.04	0.035	0.035	0.01	0.09
0.095	0.135	0.18	0.135	0.055	0.09	0.07	0.05	0.04	0.025	0.03	0.095
0.095	0.165	0.17	0.14	0.15	0.03	0.04	0.05	0.02	0.025	0.04	0.075
0.04	0.155	0.185	0.11	0.125	0.14	0.045	0.025	0.035	0.025	0.015	0.1
0.06	0.175	0.155	0.14	0.115	0.125	0.05	0.07	0.035	0.03	0.01	0.035
0.09	0.14	0.235	0.1	0.105	0.075	0.08	0.055	0.04	0.025	0.02	0.035
0.055	0.165	0.22	0.155	0.09	0.095	0.065	0.02	0.035	0	0.015	0.085
0.085	0.12	0.155	0.16	0.16	0.04	0.07	0.03	0.05	0.025	0.01	0.095
0.1	0.165	0.185	0.1	0.14	0.095	0.03	0.055	0.04	0.015	0.03	0.045
0.09	0.205	0.18	0.155	0.07	0.075	0.065	0.045	0.03	0.015	0.015	0.055
0.155	0.19	0.15	0.14	0.105	0.065	0.06	0.045	0.02	0.005	0.015	0.05
0.09	0.205	0.215	0.135	0.115	0.075	0.055	0.035	0.02	0.03	0.005	0.02
0.08	0.16	0.235	0.175	0.085	0.09	0.06	0.03	0.02	0.02	0	0.045
0.095	0.215	0.17	0.135	0.095	0.08	0.06	0.02	0.035	0.025	0.02	0.05
0.08	0.17	0.19	0.165	0.135	0.115	0.04	0.035	0.015	0.01	0.015	0.03
0.1	0.24	0.175	0.165	0.085	0.08	0.06	0.035	0.025	0.02	0.005	0.01
0.1	0.25	0.265	0.11	0.075	0.07	0.05	0.03	0.015	0.01	0	0.025
0.095	0.22	0.23	0.215	0.07	0.06	0.03	0.025	0.005	0.005	0.015	0.03
0.1	0.19	0.24	0.19	0.13	0.06	0.03	0	0.025	0	0.01	0.025
0.085	0.315	0.175	0.17	0.1	0.07	0.03	0.005	0.01	0.02	0.005	0.015
0.115	0.2	0.315	0.115	0.11	0.055	0.025	0.03	0.01	0	0.005	0.02
0.175	0.185	0.215	0.225	0.075	0.035	0.045	0.04	0	0.005	0	0
0.185	0.26	0.235	0.095	0.07	0.055	0.015	0.035	0.035	0.005	0.005	0.005
0.1	0.27	0.255	0.14	0.095	0.035	0.05	0.03	0	0.01	0.005	0.01
#######LANDINGS DATA#######
1
30
161.299586033979	466.023313706552	758.472380855021	985.057317278254	766.13692321229	1320.76814284239	1271.97154904386	2491.19869808505	1323.81985795667	1530.32878707838	1620.99420225827	1624.77731846719	1105.97942848487	1537.48693427265	1505.38793051047	1271.53918034829	2269.33044591304	1612.3636494486	1469.14590002507	1311.80863304499	1634.96927474838	1077.98323959714	1632.53245644606	1207.10997328312	1124.68810214621	968.123967333871	927.428327028553	1203.51011107258	870.612471764115	1282.59715565446
0.01	0.01	0.01	0.01	0.01	0.01	0.01	0.01	0.01	0.01	0.01	0.01	0.01	0.01	0.01	0.01	0.01	0.01	0.01	0.01	0.01	0.01	0.01	0.01	0.01	0.01	0.01	0.01	0.01	0.01
30
1	2	3	4	5	6	7	8	9	10	11	12	13	14	15	16	17	18	19	20	21	22	23	24	25	26	27	28	29	30
200	200	200	200	200	200	200	200	200	200	200	200	200	200	200	200	200	200	200	200	200	200	200	200	200	200	200	200	200	200
200	200	200	200	200	200	200	200	200	200	200	200	200	200	200	200	200	200	200	200	200	200	200	200	200	200	200	200	200	200
0.08	0.085	0.135	0.14	0.115	0.11	0.045	0.085	0.045	0.025	0.035	0.1
0.09	0.095	0.11	0.075	0.105	0.095	0.08	0.055	0.065	0.035	0.06	0.135
0.05	0.155	0.155	0.12	0.11	0.07	0.045	0.04	0.05	0.03	0.03	0.145
0.055	0.095	0.18	0.09	0.105	0.1	0.085	0.065	0.065	0.03	0.01	0.12
0.12	0.07	0.125	0.15	0.14	0.09	0.04	0.065	0.04	0.04	0.04	0.08
0.06	0.135	0.09	0.14	0.175	0.095	0.065	0.055	0.03	0.035	0.025	0.095
0.075	0.13	0.185	0.095	0.11	0.09	0.03	0.035	0.045	0.05	0.02	0.135
0.055	0.12	0.18	0.155	0.08	0.075	0.08	0.035	0.025	0.015	0.035	0.145
0.08	0.14	0.1	0.15	0.165	0.08	0.045	0.035	0.07	0.03	0.025	0.08
0.11	0.175	0.15	0.125	0.12	0.07	0.065	0.045	0.045	0.02	0.01	0.065
0.13	0.125	0.12	0.13	0.085	0.1	0.085	0.03	0.055	0.02	0.015	0.105
0.045	0.195	0.16	0.14	0.14	0.08	0.065	0.05	0.025	0.005	0.01	0.085
0.085	0.11	0.16	0.135	0.095	0.1	0.065	0.05	0.045	0.01	0.035	0.11
0.105	0.15	0.155	0.135	0.12	0.07	0.085	0.065	0.055	0.015	0.01	0.035
0.12	0.19	0.135	0.125	0.08	0.07	0.055	0.025	0.03	0.01	0.055	0.105
0.095	0.135	0.185	0.145	0.11	0.09	0.08	0.045	0.035	0.005	0.01	0.065
0.13	0.19	0.14	0.165	0.06	0.09	0.075	0.04	0.03	0.035	0.015	0.03
0.1	0.205	0.2	0.14	0.11	0.06	0.055	0.06	0.03	0.015	0.015	0.01
0.11	0.145	0.225	0.14	0.12	0.09	0.065	0.01	0.035	0.02	0.01	0.03
0.095	0.175	0.215	0.135	0.14	0.07	0.02	0.05	0.015	0.015	0.015	0.055
0.17	0.14	0.15	0.13	0.175	0.08	0.03	0.035	0.025	0.015	0.015	0.035
0.145	0.235	0.195	0.195	0.06	0.055	0.045	0.02	0.005	0.005	0	0.04
0.17	0.215	0.23	0.08	0.125	0.05	0.045	0.035	0.005	0.01	0.025	0.01
0.135	0.16	0.22	0.18	0.09	0.045	0.08	0.025	0.035	0.01	0.005	0.015
0.18	0.17	0.175	0.195	0.11	0.055	0.035	0.03	0.01	0.005	0.02	0.015
0.105	0.25	0.195	0.135	0.115	0.09	0.055	0.01	0.005	0.015	0.015	0.01
0.16	0.18	0.225	0.165	0.11	0.06	0.05	0.01	0.01	0.01	0.01	0.01
0.205	0.185	0.18	0.15	0.105	0.08	0.045	0.025	0.005	0.015	0	0.005
0.25	0.24	0.22	0.115	0.075	0.045	0.015	0.01	0.015	0.015	0	0
0.195	0.235	0.26	0.155	0.065	0.045	0.01	0.02	0.005	0.01	0	0
#######PARAMETER SECTION#######
800	400	1200	-4	800	-0.25	1
0.18	0.01	1	-4	0.18	-0.25	1
-1.36	-5	-0.001	-4	-1.36	-0.25	1
0.1	0.05	0.3	-4	0.1	-0.25	1
0.2	0.01	0.5	-4	0.2	-0.25	1
0.75	0.20001	1	-3	0.75	-0.25	1
13.815511	-1	200	1	13.815511	-0.25	1
0	-1	1	-4	0	-0.25	1
0.2	1e-04	1.2	-3	0.2	-0.25	1
0	-10	10	-6	0	-1	1
0	-10	10	-6	0	-1	1
2	0	12	-2	2	-0.5	1
1	0	12	-2	1	-0.5	1
2	0	12	-2	2	-0.5	1
1	0	12	-2	1	-0.5	1
1.5	0	12	-2	1.5	-0.5	1
2	0	12	-2	2	-0.5	1
-14.8682006803499	-30	5	1	-14.8682006803499	-1	1
1	0.1	2	-1	1	-1	1
-1.51930887058023	-10	1.39	1	-1.51930887058023	-1	1
#######DEV CONSTRAINTS and DEVS#######
-15	15	2
-15	15	2
-15	15	2
0	0	0	0	0	0	0	0	0	0	0	0	0	0	0	0	0	0	0	0	0	0	0	0	0	0	0	0	0	0
0	0	0	0	0	0	0	0	0	0	0	0	0	0	0	0	0	0	0	0	0	0	0	0	0	0	0	0	0	0
0	0	0	0	0	0	0	0	0	0	0
#######LIKELIHOOD WEIGHTS#######
1
1
1
1
0
1
0
0
0
#######MISCELLANEOUS STUFF SECTION#######
2.5e-08
3
0.5	0.5	0.5	0.5	0.5	0.5	0.5	0.5	0.5	0.5	0.5	0.5
0.0229773699100256	0.320821300824607	0.904650535100891	0.994779874306442	0.999738809680904	0.999986992871533	0.999999352405202	0.999999967758134	0.999999998394772	0.99999999992008	0.999999999996021	0.999999999999802
0.2	0.2	0.2	0.2	0.2	0.2	0.2	0.2	0.2	0.2	0.2	0.2
0
1
10
0.2
1
1	0	0	0	0	0	0	0	0	0	0	0
0	1	0	0	0	0	0	0	0	0	0	0
0	0	1	0	0	0	0	0	0	0	0	0
0	0	0	1	0	0	0	0	0	0	0	0
0	0	0	0	1	0	0	0	0	0	0	0
0	0	0	0	0	1	0	0	0	0	0	0
0	0	0	0	0	0	1	0	0	0	0	0
0	0	0	0	0	0	0	1	0	0	0	0
0	0	0	0	0	0	0	0	1	0	0	0
0	0	0	0	0	0	0	0	0	1	0	0
0	0	0	0	0	0	0	0	0	0	1	0
0	0	0	0	0	0	0	0	0	0	0	1
40
31
2
1
#######END OF DATA FILE#######
999
