#styr																																				
1
#endyr																																			
30
#rec_age																																	
1																																						#n_ages																																		
12
# numbers of length intervals
81
#Length	bin
10	11	12	13	14	15	16	17	18	19	20	21	22	23	24	25	26	27	28	29	30	31	32	33	34	35	36	37	38	39	40	41	42	43	44	45	46	47	48	49	50	51	52	53	54	55	56	57	58	59	60	61	62	63	64	65	66	67	68	69	70	71	72	73	74	75	76	77	78	79	80	81	82	83	84	85	86	87	88	89	90
#nfsh
1
#names_fsh
OM1																																				
#catch																																			
160.348931704959	469.873227986666	757.800278238297	992.460436362014	773.691308411026	1330.38415700521	1275.95267978223	2495.21983999348	1341.42419937144	1531.89853785171	1612.90992324303	1621.90657600875	1100.19176362887	1544.30436465086	1519.65381520035	1274.87135092935	2242.75414888414	1604.50240844493	1466.8378759053	1319.4171691718	1607.3908538956	1081.33389465503	1623.4494497153	1202.10804143997	1120.88589180445	970.232838067551	923.281561465654	1222.17647189016	875.126892756865	1278.14694667666
#catch_cv																																		
0.01	0.01	0.01	0.01	0.01	0.01	0.01	0.01	0.01	0.01	0.01	0.01	0.01	0.01	0.01	0.01	0.01	0.01	0.01	0.01	0.01	0.01	0.01	0.01	0.01	0.01	0.01	0.01	0.01	0.01
#n_ages_fsh																															
30																			
#n_lengths_fsh																															
0																																						
#yrs_ages_fsh																																
1	2	3	4	5	6	7	8	9	10	11	12	13	14	15	16	17	18	19	20	21	22	23	24	25	26	27	28	29	30						
#sample_ages_fsh																														
200	200	200	200	200	200	200	200	200	200	200	200	200	200	200	200	200	200	200	200	200	200	200	200	200	200	200	200	200	200
#page_fsh	2	3	4	5	6	7	8	9	10	11																						
0.06	0.075	0.15	0.12	0.07	0.105	0.06	0.075	0.05	0.06	0.035	0.14
0.07	0.14	0.155	0.095	0.1	0.075	0.06	0.035	0.06	0.05	0.04	0.12
0.05	0.155	0.155	0.11	0.08	0.065	0.07	0.05	0.05	0.04	0.025	0.15
0.04	0.105	0.155	0.115	0.115	0.075	0.095	0.1	0.045	0.025	0.01	0.12
0.115	0.065	0.065	0.22	0.11	0.045	0.075	0.095	0.035	0.025	0.035	0.115
0.095	0.115	0.125	0.13	0.145	0.095	0.055	0.07	0.04	0.03	0.02	0.08
0.065	0.12	0.175	0.115	0.085	0.105	0.08	0.05	0.065	0.02	0.02	0.1
0.09	0.095	0.145	0.205	0.07	0.075	0.07	0.065	0.045	0.015	0.025	0.1
0.085	0.175	0.145	0.155	0.13	0.05	0.03	0.02	0.035	0.035	0.015	0.125
0.085	0.135	0.115	0.095	0.13	0.125	0.06	0.065	0.045	0.02	0.015	0.11
0.08	0.15	0.1	0.185	0.11	0.105	0.05	0.03	0.03	0.05	0.025	0.085
0.11	0.155	0.15	0.14	0.105	0.075	0.085	0.055	0.01	0.04	0.02	0.055
0.065	0.12	0.17	0.16	0.14	0.095	0.055	0.07	0.025	0.02	0	0.08
0.065	0.13	0.19	0.12	0.145	0.08	0.075	0.045	0.04	0.03	0	0.08
0.125	0.215	0.16	0.135	0.075	0.12	0.045	0.04	0	0.02	0.01	0.055
0.08	0.155	0.17	0.2	0.115	0.11	0.06	0.035	0.015	0.015	0.01	0.035
0.09	0.205	0.12	0.16	0.115	0.08	0.075	0.06	0.015	0.025	0.01	0.045
0.11	0.245	0.18	0.12	0.115	0.07	0.055	0.03	0.03	0.01	0.005	0.03
0.145	0.115	0.235	0.145	0.09	0.09	0.055	0.03	0.035	0.02	0.015	0.025
0.14	0.16	0.155	0.15	0.125	0.09	0.035	0.02	0.025	0.025	0.015	0.06
0.165	0.14	0.185	0.105	0.16	0.065	0.075	0.025	0.005	0.02	0.015	0.04
0.16	0.21	0.16	0.125	0.06	0.1	0.07	0.02	0.035	0.015	0.015	0.03
0.14	0.245	0.215	0.095	0.11	0.04	0.035	0.04	0.02	0.01	0.01	0.04
0.09	0.195	0.185	0.23	0.115	0.07	0.02	0.055	0.02	0.01	0	0.01
0.185	0.12	0.15	0.215	0.15	0.055	0.065	0.015	0.02	0.01	0.01	0.005
0.17	0.21	0.155	0.12	0.14	0.095	0.025	0.025	0.025	0.015	0.01	0.01
0.16	0.21	0.21	0.145	0.11	0.055	0.07	0.03	0.005	0	0	0.005
0.19	0.175	0.17	0.18	0.085	0.05	0.075	0.04	0.015	0	0.005	0.015
0.215	0.235	0.18	0.135	0.12	0.045	0.03	0.02	0.005	0.005	0.005	0.005
0.155	0.23	0.195	0.19	0.065	0.07	0.04	0.02	0.02	0	0.005	0.01
#wt_age_fsh	1 2	3	4	5	6	7	8	9	10	11																				
0.000530656	0.001196328	0.002058265	0.003034987	0.004055212	0.005064698	0.006026226	0.006916921	0.007724891	0.008446113	0.009081853	0.009636695
0.000530656	0.001196328	0.002058265	0.003034987	0.004055212	0.005064698	0.006026226	0.006916921	0.007724891	0.008446113	0.009081853	0.009636695
0.000530656	0.001196328	0.002058265	0.003034987	0.004055212	0.005064698	0.006026226	0.006916921	0.007724891	0.008446113	0.009081853	0.009636695
0.000530656	0.001196328	0.002058265	0.003034987	0.004055212	0.005064698	0.006026226	0.006916921	0.007724891	0.008446113	0.009081853	0.009636695
0.000530656	0.001196328	0.002058265	0.003034987	0.004055212	0.005064698	0.006026226	0.006916921	0.007724891	0.008446113	0.009081853	0.009636695
0.000530656	0.001196328	0.002058265	0.003034987	0.004055212	0.005064698	0.006026226	0.006916921	0.007724891	0.008446113	0.009081853	0.009636695
0.000530656	0.001196328	0.002058265	0.003034987	0.004055212	0.005064698	0.006026226	0.006916921	0.007724891	0.008446113	0.009081853	0.009636695
0.000530656	0.001196328	0.002058265	0.003034987	0.004055212	0.005064698	0.006026226	0.006916921	0.007724891	0.008446113	0.009081853	0.009636695
0.000530656	0.001196328	0.002058265	0.003034987	0.004055212	0.005064698	0.006026226	0.006916921	0.007724891	0.008446113	0.009081853	0.009636695
0.000530656	0.001196328	0.002058265	0.003034987	0.004055212	0.005064698	0.006026226	0.006916921	0.007724891	0.008446113	0.009081853	0.009636695
0.000530656	0.001196328	0.002058265	0.003034987	0.004055212	0.005064698	0.006026226	0.006916921	0.007724891	0.008446113	0.009081853	0.009636695
0.000530656	0.001196328	0.002058265	0.003034987	0.004055212	0.005064698	0.006026226	0.006916921	0.007724891	0.008446113	0.009081853	0.009636695
0.000530656	0.001196328	0.002058265	0.003034987	0.004055212	0.005064698	0.006026226	0.006916921	0.007724891	0.008446113	0.009081853	0.009636695
0.000530656	0.001196328	0.002058265	0.003034987	0.004055212	0.005064698	0.006026226	0.006916921	0.007724891	0.008446113	0.009081853	0.009636695
0.000530656	0.001196328	0.002058265	0.003034987	0.004055212	0.005064698	0.006026226	0.006916921	0.007724891	0.008446113	0.009081853	0.009636695
0.000530656	0.001196328	0.002058265	0.003034987	0.004055212	0.005064698	0.006026226	0.006916921	0.007724891	0.008446113	0.009081853	0.009636695
0.000530656	0.001196328	0.002058265	0.003034987	0.004055212	0.005064698	0.006026226	0.006916921	0.007724891	0.008446113	0.009081853	0.009636695
0.000530656	0.001196328	0.002058265	0.003034987	0.004055212	0.005064698	0.006026226	0.006916921	0.007724891	0.008446113	0.009081853	0.009636695
0.000530656	0.001196328	0.002058265	0.003034987	0.004055212	0.005064698	0.006026226	0.006916921	0.007724891	0.008446113	0.009081853	0.009636695
0.000530656	0.001196328	0.002058265	0.003034987	0.004055212	0.005064698	0.006026226	0.006916921	0.007724891	0.008446113	0.009081853	0.009636695
0.000530656	0.001196328	0.002058265	0.003034987	0.004055212	0.005064698	0.006026226	0.006916921	0.007724891	0.008446113	0.009081853	0.009636695
0.000530656	0.001196328	0.002058265	0.003034987	0.004055212	0.005064698	0.006026226	0.006916921	0.007724891	0.008446113	0.009081853	0.009636695
0.000530656	0.001196328	0.002058265	0.003034987	0.004055212	0.005064698	0.006026226	0.006916921	0.007724891	0.008446113	0.009081853	0.009636695
0.000530656	0.001196328	0.002058265	0.003034987	0.004055212	0.005064698	0.006026226	0.006916921	0.007724891	0.008446113	0.009081853	0.009636695
0.000530656	0.001196328	0.002058265	0.003034987	0.004055212	0.005064698	0.006026226	0.006916921	0.007724891	0.008446113	0.009081853	0.009636695
0.000530656	0.001196328	0.002058265	0.003034987	0.004055212	0.005064698	0.006026226	0.006916921	0.007724891	0.008446113	0.009081853	0.009636695
0.000530656	0.001196328	0.002058265	0.003034987	0.004055212	0.005064698	0.006026226	0.006916921	0.007724891	0.008446113	0.009081853	0.009636695
0.000530656	0.001196328	0.002058265	0.003034987	0.004055212	0.005064698	0.006026226	0.006916921	0.007724891	0.008446113	0.009081853	0.009636695
0.000530656	0.001196328	0.002058265	0.003034987	0.004055212	0.005064698	0.006026226	0.006916921	0.007724891	0.008446113	0.009081853	0.009636695
0.000530656	0.001196328	0.002058265	0.003034987	0.004055212	0.005064698	0.006026226	0.006916921	0.007724891	0.008446113	0.009081853	0.009636695

#nind
1
#ind_names																																	
survey_index1																																
#nobs_ind
30
#yrs_ind																																		
1	2	3	4	5	6	7	8	9	10	11	12	13	14	15	16	17	18	19	20	21	22	23	24	25	26	27	28	29	30	
#month_ind																																	
1																																						
#biom_ind																																		
1.58561633919935	1.41110225877958	1.39734468078663	1.49676694985427	1.32708903692495	1.79611910945084	1.40557441970336	1.37035696692986	1.04781420759702	1.41503177724747	1.20208234147621	1.0825747205895	1.18144723130368	0.943157471063682	1.01356552800302	0.918134283569417	1.02538450230401	0.767404616415594	0.713559762910441	0.734460656702637	0.74892243959445	0.668982831433797	0.664980427661313	0.663067815875036	0.574609385758312	0.648914582663939	0.522500827249199	0.547823805582068	0.569781668918316	0.524661088272826
#biom_cv																				
0.31712326783987	0.282220451755916	0.279468936157325	0.299353389970854	0.26541780738499	0.359223821890168	0.281114883940671	0.274071393385973	0.209562841519403	0.283006355449495	0.240416468295242	0.2165149441179	0.236289446260735	0.188631494212737	0.202713105600605	0.183626856713883	0.205076900460802	0.153480923283119	0.142711952582088	0.146892131340528	0.14978448791889	0.133796566286759	0.132996085532263	0.132613563175007	0.114921877151662	0.129782916532788	0.10450016544984	0.109564761116414	0.113956333783663	0.104932217654565
#n_ages_ind																																	
30			
#n_lengths_ind																															
0																																						
#yrs_ages_ind																																
1	2	3	4	5	6	7	8	9	10	11	12	13	14	15	16	17	18	19	20	21	22	23	24	25	26	27	28	29	30																						
#sample_ages_ind																														
200	200	200	200	200	200	200	200	200	200	200	200	200	200	200	200	200	200	200	200	200	200	200	200	200	200	200	200	200	200
#page_ind																																		
0.055	0.15	0.17	0.105	0.105	0.09	0.05	0.065	0.045	0.02	0.035	0.11
0.04	0.15	0.1	0.12	0.125	0.075	0.055	0.07	0.075	0.05	0.02	0.12
0.035	0.17	0.165	0.09	0.14	0.06	0.06	0.055	0.045	0.03	0.03	0.12
0.055	0.175	0.205	0.08	0.1	0.055	0.07	0.06	0.04	0.045	0.03	0.085
0.09	0.12	0.145	0.135	0.09	0.085	0.06	0.045	0.05	0.015	0.03	0.135
0.085	0.2	0.11	0.12	0.115	0.07	0.08	0.045	0.025	0.03	0.02	0.1
0.045	0.18	0.165	0.1	0.06	0.095	0.075	0.06	0.03	0.055	0.03	0.105
0.07	0.175	0.2	0.15	0.05	0.07	0.085	0.04	0.045	0.005	0.03	0.08
0.08	0.155	0.14	0.18	0.12	0.075	0.03	0.055	0.025	0.025	0.02	0.095
0.075	0.16	0.22	0.085	0.14	0.095	0.03	0.04	0.03	0.02	0.025	0.08
0.08	0.155	0.155	0.17	0.1	0.09	0.08	0.025	0.01	0.05	0.025	0.06
0.065	0.205	0.15	0.155	0.12	0.07	0.065	0.05	0.02	0.015	0.025	0.06
0.08	0.13	0.21	0.155	0.115	0.11	0.05	0.04	0.035	0.02	0.01	0.045
0.06	0.16	0.145	0.17	0.125	0.075	0.06	0.035	0.075	0.03	0.015	0.05
0.095	0.19	0.145	0.14	0.135	0.085	0.07	0.03	0.005	0.03	0.025	0.05
0.095	0.17	0.22	0.13	0.095	0.055	0.09	0.03	0.01	0.025	0.01	0.07
0.095	0.2	0.17	0.185	0.1	0.07	0.04	0.04	0.025	0.02	0.005	0.05
0.1	0.22	0.23	0.125	0.1	0.07	0.03	0.03	0.035	0.02	0	0.04
0.095	0.16	0.25	0.18	0.065	0.095	0.03	0.02	0.035	0.015	0	0.055
0.1	0.24	0.125	0.17	0.14	0.07	0.045	0.04	0.015	0.01	0	0.045
0.115	0.17	0.22	0.145	0.105	0.085	0.05	0.02	0.03	0.015	0.01	0.035
0.145	0.29	0.185	0.09	0.095	0.05	0.055	0.035	0.02	0	0.015	0.02
0.07	0.21	0.34	0.12	0.08	0.05	0.045	0.035	0.01	0.015	0.005	0.02
0.075	0.21	0.195	0.24	0.03	0.065	0.055	0.05	0.03	0.01	0.01	0.03
0.185	0.22	0.22	0.175	0.07	0.05	0.03	0.025	0.005	0	0.005	0.015
0.085	0.285	0.18	0.145	0.15	0.08	0.02	0.015	0.01	0.01	0.005	0.015
0.075	0.215	0.32	0.165	0.085	0.05	0.035	0	0.015	0.015	0.01	0.015
0.115	0.28	0.24	0.13	0.1	0.065	0.035	0.005	0.015	0.005	0.005	0.005
0.155	0.325	0.185	0.09	0.095	0.075	0.04	0.005	0.025	0.005	0	0
0.125	0.34	0.24	0.13	0.06	0.055	0.02	0.01	0.02	0	0	0
#wt_age_ind																																	
1 1 1 1 1 1 1 1 1 1 1 1 
1 1 1 1 1 1 1 1 1 1 1 1 
1 1 1 1 1 1 1 1 1 1 1 1 
1 1 1 1 1 1 1 1 1 1 1 1 
1 1 1 1 1 1 1 1 1 1 1 1 
1 1 1 1 1 1 1 1 1 1 1 1 
1 1 1 1 1 1 1 1 1 1 1 1 
1 1 1 1 1 1 1 1 1 1 1 1 
1 1 1 1 1 1 1 1 1 1 1 1 
1 1 1 1 1 1 1 1 1 1 1 1 
1 1 1 1 1 1 1 1 1 1 1 1 
1 1 1 1 1 1 1 1 1 1 1 1 
1 1 1 1 1 1 1 1 1 1 1 1 
1 1 1 1 1 1 1 1 1 1 1 1 
1 1 1 1 1 1 1 1 1 1 1 1 
1 1 1 1 1 1 1 1 1 1 1 1 
1 1 1 1 1 1 1 1 1 1 1 1 
1 1 1 1 1 1 1 1 1 1 1 1 
1 1 1 1 1 1 1 1 1 1 1 1 
1 1 1 1 1 1 1 1 1 1 1 1 
1 1 1 1 1 1 1 1 1 1 1 1 
1 1 1 1 1 1 1 1 1 1 1 1 
1 1 1 1 1 1 1 1 1 1 1 1 
1 1 1 1 1 1 1 1 1 1 1 1 
1 1 1 1 1 1 1 1 1 1 1 1 
1 1 1 1 1 1 1 1 1 1 1 1 
1 1 1 1 1 1 1 1 1 1 1 1 
1 1 1 1 1 1 1 1 1 1 1 1 
1 1 1 1 1 1 1 1 1 1 1 1 
1 1 1 1 1 1 1 1 1 1 1 1 
# wt_pop
0.000530656	0.001196328	0.002058265	0.003034987	0.004055212	0.005064698	0.006026226	0.006916921	0.007724891	0.008446113	0.009081853	0.009636695
#maturity
0.02297737 0.32082130 0.90465054 0.99477987 0.99973881 0.99998699 0.99999935 0.99999997 1 1 1 1
#spmonth																																		
1		
#age_err																																		
1	0	0	0	0	0	0	0	0	0	0	0
0	1	0	0	0	0	0	0	0	0	0	0
0	0	1	0	0	0	0	0	0	0	0	0
0	0	0	1	0	0	0	0	0	0	0	0
0	0	0	0	1	0	0	0	0	0	0	0
0	0	0	0	0	1	0	0	0	0	0	0
0	0	0	0	0	0	1	0	0	0	0	0
0	0	0	0	0	0	0	1	0	0	0	0
0	0	0	0	0	0	0	0	1	0	0	0
0	0	0	0	0	0	0	0	0	1	0	0
0	0	0	0	0	0	0	0	0	0	1	0
0	0	0	0	0	0	0	0	0	0	0	1																														
