#styr																																				
1
#endyr																																			
30
#rec_age																																	
1																																						#n_ages																																		
12
# numbers of length intervals
81
#Length	bin
10	11	12	13	14	15	16	17	18	19	20	21	22	23	24	25	26	27	28	29	30	31	32	33	34	35	36	37	38	39	40	41	42	43	44	45	46	47	48	49	50	51	52	53	54	55	56	57	58	59	60	61	62	63	64	65	66	67	68	69	70	71	72	73	74	75	76	77	78	79	80	81	82	83	84	85	86	87	88	89	90
#nfsh
1
#names_fsh
OM1																																				
#catch																																			
161.46036731447	469.038721400287	758.358364587215	997.704381732859	773.509401224169	1328.78614583904	1273.75425639052	2473.5298735192	1324.13369141871	1531.77797504637	1618.75614338513	1608.76524544292	1115.88233923452	1536.41296843549	1502.87190474546	1275.46695025294	2237.65834545095	1607.3648583434	1456.70759470879	1322.39234535184	1621.08654698738	1081.89503613456	1632.36578475301	1211.46125243128	1113.93029554844	974.981961148419	927.083497301357	1208.8929425634	866.707459851545	1273.50872681785
#catch_cv																																		
0.01	0.01	0.01	0.01	0.01	0.01	0.01	0.01	0.01	0.01	0.01	0.01	0.01	0.01	0.01	0.01	0.01	0.01	0.01	0.01	0.01	0.01	0.01	0.01	0.01	0.01	0.01	0.01	0.01	0.01
#n_ages_fsh																															
30																			
#n_lengths_fsh																															
0																																						
#yrs_ages_fsh																																
1	2	3	4	5	6	7	8	9	10	11	12	13	14	15	16	17	18	19	20	21	22	23	24	25	26	27	28	29	30						
#sample_ages_fsh																														
200	200	200	200	200	200	200	200	200	200	200	200	200	200	200	200	200	200	200	200	200	200	200	200	200	200	200	200	200	200
#page_fsh	2	3	4	5	6	7	8	9	10	11																						
0.045	0.105	0.155	0.125	0.115	0.115	0.075	0.05	0.035	0.025	0.025	0.13
0.09	0.1	0.115	0.12	0.11	0.09	0.095	0.075	0.02	0.045	0.03	0.11
0.07	0.16	0.12	0.085	0.135	0.085	0.055	0.065	0.04	0.045	0.01	0.13
0.04	0.14	0.17	0.09	0.13	0.075	0.06	0.065	0.04	0.04	0.04	0.11
0.145	0.03	0.1	0.155	0.12	0.115	0.075	0.05	0.01	0.05	0.03	0.12
0.075	0.18	0.09	0.095	0.12	0.11	0.03	0.05	0.06	0.04	0.04	0.11
0.075	0.165	0.14	0.11	0.1	0.13	0.03	0.04	0.03	0.02	0.03	0.13
0.09	0.11	0.13	0.225	0.045	0.07	0.07	0.07	0.02	0.03	0.025	0.115
0.1	0.125	0.125	0.145	0.145	0.075	0.045	0.05	0.02	0.025	0.005	0.14
0.055	0.12	0.17	0.135	0.15	0.085	0.035	0.035	0.05	0.025	0.035	0.105
0.135	0.125	0.17	0.135	0.08	0.095	0.045	0.04	0.04	0.035	0.015	0.085
0.1	0.105	0.155	0.16	0.135	0.065	0.07	0.08	0.03	0.01	0.04	0.05
0.1	0.155	0.145	0.14	0.125	0.08	0.055	0.06	0.045	0.03	0.005	0.06
0.12	0.135	0.105	0.19	0.075	0.105	0.06	0.03	0.045	0.045	0.015	0.075
0.085	0.135	0.12	0.195	0.105	0.11	0.015	0.075	0.03	0.035	0.035	0.06
0.11	0.16	0.185	0.105	0.11	0.085	0.095	0.04	0.035	0.015	0.01	0.05
0.115	0.14	0.145	0.16	0.125	0.085	0.065	0.035	0.015	0.03	0.015	0.07
0.1	0.16	0.225	0.15	0.085	0.06	0.055	0.025	0.025	0.03	0.025	0.06
0.12	0.15	0.195	0.185	0.11	0.05	0.035	0.065	0.04	0.005	0.025	0.02
0.085	0.205	0.195	0.17	0.09	0.055	0.065	0.025	0.035	0.03	0.005	0.04
0.165	0.155	0.14	0.135	0.155	0.09	0.05	0.04	0.01	0.03	0.02	0.01
0.155	0.2	0.16	0.165	0.09	0.11	0.03	0.025	0.015	0.005	0.02	0.025
0.165	0.21	0.205	0.105	0.07	0.08	0.065	0.045	0.015	0.005	0.015	0.02
0.105	0.195	0.28	0.19	0.05	0.065	0.03	0.04	0.015	0.01	0.005	0.015
0.185	0.13	0.215	0.175	0.12	0.06	0.055	0.005	0.025	0.01	0.015	0.005
0.135	0.255	0.215	0.12	0.125	0.065	0.04	0.015	0.005	0.015	0.005	0.005
0.195	0.175	0.22	0.12	0.12	0.055	0.06	0	0.02	0.025	0.005	0.005
0.235	0.185	0.12	0.19	0.08	0.07	0.045	0.03	0	0.02	0.01	0.015
0.225	0.225	0.19	0.13	0.06	0.06	0.04	0.04	0.015	0	0.005	0.01
0.14	0.245	0.215	0.12	0.09	0.065	0.045	0.03	0.03	0.015	0.005	0
#wt_age_fsh	1 2	3	4	5	6	7	8	9	10	11																				
0.000530656	0.001196328	0.002058265	0.003034987	0.004055212	0.005064698	0.006026226	0.006916921	0.007724891	0.008446113	0.009081853	0.009636695
0.000530656	0.001196328	0.002058265	0.003034987	0.004055212	0.005064698	0.006026226	0.006916921	0.007724891	0.008446113	0.009081853	0.009636695
0.000530656	0.001196328	0.002058265	0.003034987	0.004055212	0.005064698	0.006026226	0.006916921	0.007724891	0.008446113	0.009081853	0.009636695
0.000530656	0.001196328	0.002058265	0.003034987	0.004055212	0.005064698	0.006026226	0.006916921	0.007724891	0.008446113	0.009081853	0.009636695
0.000530656	0.001196328	0.002058265	0.003034987	0.004055212	0.005064698	0.006026226	0.006916921	0.007724891	0.008446113	0.009081853	0.009636695
0.000530656	0.001196328	0.002058265	0.003034987	0.004055212	0.005064698	0.006026226	0.006916921	0.007724891	0.008446113	0.009081853	0.009636695
0.000530656	0.001196328	0.002058265	0.003034987	0.004055212	0.005064698	0.006026226	0.006916921	0.007724891	0.008446113	0.009081853	0.009636695
0.000530656	0.001196328	0.002058265	0.003034987	0.004055212	0.005064698	0.006026226	0.006916921	0.007724891	0.008446113	0.009081853	0.009636695
0.000530656	0.001196328	0.002058265	0.003034987	0.004055212	0.005064698	0.006026226	0.006916921	0.007724891	0.008446113	0.009081853	0.009636695
0.000530656	0.001196328	0.002058265	0.003034987	0.004055212	0.005064698	0.006026226	0.006916921	0.007724891	0.008446113	0.009081853	0.009636695
0.000530656	0.001196328	0.002058265	0.003034987	0.004055212	0.005064698	0.006026226	0.006916921	0.007724891	0.008446113	0.009081853	0.009636695
0.000530656	0.001196328	0.002058265	0.003034987	0.004055212	0.005064698	0.006026226	0.006916921	0.007724891	0.008446113	0.009081853	0.009636695
0.000530656	0.001196328	0.002058265	0.003034987	0.004055212	0.005064698	0.006026226	0.006916921	0.007724891	0.008446113	0.009081853	0.009636695
0.000530656	0.001196328	0.002058265	0.003034987	0.004055212	0.005064698	0.006026226	0.006916921	0.007724891	0.008446113	0.009081853	0.009636695
0.000530656	0.001196328	0.002058265	0.003034987	0.004055212	0.005064698	0.006026226	0.006916921	0.007724891	0.008446113	0.009081853	0.009636695
0.000530656	0.001196328	0.002058265	0.003034987	0.004055212	0.005064698	0.006026226	0.006916921	0.007724891	0.008446113	0.009081853	0.009636695
0.000530656	0.001196328	0.002058265	0.003034987	0.004055212	0.005064698	0.006026226	0.006916921	0.007724891	0.008446113	0.009081853	0.009636695
0.000530656	0.001196328	0.002058265	0.003034987	0.004055212	0.005064698	0.006026226	0.006916921	0.007724891	0.008446113	0.009081853	0.009636695
0.000530656	0.001196328	0.002058265	0.003034987	0.004055212	0.005064698	0.006026226	0.006916921	0.007724891	0.008446113	0.009081853	0.009636695
0.000530656	0.001196328	0.002058265	0.003034987	0.004055212	0.005064698	0.006026226	0.006916921	0.007724891	0.008446113	0.009081853	0.009636695
0.000530656	0.001196328	0.002058265	0.003034987	0.004055212	0.005064698	0.006026226	0.006916921	0.007724891	0.008446113	0.009081853	0.009636695
0.000530656	0.001196328	0.002058265	0.003034987	0.004055212	0.005064698	0.006026226	0.006916921	0.007724891	0.008446113	0.009081853	0.009636695
0.000530656	0.001196328	0.002058265	0.003034987	0.004055212	0.005064698	0.006026226	0.006916921	0.007724891	0.008446113	0.009081853	0.009636695
0.000530656	0.001196328	0.002058265	0.003034987	0.004055212	0.005064698	0.006026226	0.006916921	0.007724891	0.008446113	0.009081853	0.009636695
0.000530656	0.001196328	0.002058265	0.003034987	0.004055212	0.005064698	0.006026226	0.006916921	0.007724891	0.008446113	0.009081853	0.009636695
0.000530656	0.001196328	0.002058265	0.003034987	0.004055212	0.005064698	0.006026226	0.006916921	0.007724891	0.008446113	0.009081853	0.009636695
0.000530656	0.001196328	0.002058265	0.003034987	0.004055212	0.005064698	0.006026226	0.006916921	0.007724891	0.008446113	0.009081853	0.009636695
0.000530656	0.001196328	0.002058265	0.003034987	0.004055212	0.005064698	0.006026226	0.006916921	0.007724891	0.008446113	0.009081853	0.009636695
0.000530656	0.001196328	0.002058265	0.003034987	0.004055212	0.005064698	0.006026226	0.006916921	0.007724891	0.008446113	0.009081853	0.009636695
0.000530656	0.001196328	0.002058265	0.003034987	0.004055212	0.005064698	0.006026226	0.006916921	0.007724891	0.008446113	0.009081853	0.009636695

#nind
1
#ind_names																																	
survey_index1																																
#nobs_ind
30
#yrs_ind																																		
1	2	3	4	5	6	7	8	9	10	11	12	13	14	15	16	17	18	19	20	21	22	23	24	25	26	27	28	29	30	
#month_ind																																	
1																																						
#biom_ind																																		
1.4236064193635	1.76109445840558	1.7426790682326	1.57930101917319	1.15741808847979	1.57529126845519	1.330243807128	1.29533228279691	1.23830720486166	1.32765153551724	1.16047647033814	1.04451239018297	1.2000266768419	1.01835642540245	0.952639842612812	0.999035789808688	0.894098856681262	0.805691976163618	0.766874859106053	0.70802428392513	0.744093096843591	0.771605104997603	0.691243265190447	0.65209425364712	0.559340978720497	0.523902900430928	0.576767748860696	0.463295217591773	0.54963232763774	0.585607134025548
#biom_cv																				
0.2847212838727	0.352218891681116	0.34853581364652	0.315860203834638	0.231483617695958	0.315058253691039	0.266048761425601	0.259066456559382	0.247661440972333	0.265530307103448	0.232095294067628	0.208902478036593	0.240005335368381	0.203671285080489	0.190527968522562	0.199807157961738	0.178819771336252	0.161138395232724	0.153374971821211	0.141604856785026	0.148818619368718	0.154321020999521	0.138248653038089	0.130418850729424	0.1118681957441	0.104780580086186	0.115353549772139	0.0926590435183545	0.109926465527548	0.11712142680511
#n_ages_ind																																	
30			
#n_lengths_ind																															
0																																						
#yrs_ages_ind																																
1	2	3	4	5	6	7	8	9	10	11	12	13	14	15	16	17	18	19	20	21	22	23	24	25	26	27	28	29	30																						
#sample_ages_ind																														
200	200	200	200	200	200	200	200	200	200	200	200	200	200	200	200	200	200	200	200	200	200	200	200	200	200	200	200	200	200
#page_ind																																		
0.035	0.18	0.135	0.095	0.125	0.085	0.025	0.05	0.045	0.035	0.035	0.155
0.1	0.165	0.115	0.095	0.065	0.095	0.08	0.04	0.04	0.025	0.03	0.15
0.06	0.235	0.125	0.085	0.085	0.07	0.055	0.05	0.03	0.035	0.03	0.14
0.06	0.145	0.16	0.1	0.105	0.065	0.08	0.07	0.035	0.035	0.015	0.13
0.125	0.09	0.115	0.18	0.075	0.085	0.05	0.055	0.045	0.025	0.02	0.135
0.07	0.165	0.125	0.09	0.135	0.08	0.03	0.05	0.055	0.03	0.045	0.125
0.065	0.155	0.185	0.13	0.075	0.115	0.06	0.04	0.03	0.03	0.015	0.1
0.08	0.12	0.22	0.195	0.055	0.1	0.05	0.035	0.02	0.02	0.015	0.09
0.07	0.155	0.145	0.15	0.15	0.085	0.055	0.03	0.035	0.015	0.005	0.105
0.06	0.16	0.21	0.11	0.105	0.085	0.05	0.025	0.055	0.025	0.025	0.09
0.075	0.24	0.145	0.175	0.06	0.075	0.065	0.03	0.01	0.025	0.025	0.075
0.08	0.15	0.17	0.185	0.11	0.065	0.06	0.07	0.04	0.02	0.01	0.04
0.075	0.16	0.245	0.12	0.09	0.095	0.045	0.03	0.05	0.01	0.01	0.07
0.11	0.16	0.175	0.13	0.085	0.06	0.09	0.045	0.04	0.025	0.025	0.055
0.04	0.21	0.135	0.105	0.135	0.08	0.065	0.045	0.015	0.035	0.025	0.11
0.095	0.17	0.235	0.17	0.09	0.1	0.065	0.015	0.01	0	0.01	0.04
0.07	0.225	0.16	0.135	0.105	0.11	0.055	0.02	0.01	0.025	0.01	0.075
0.085	0.215	0.215	0.11	0.14	0.07	0.02	0.035	0.02	0.03	0.015	0.045
0.06	0.15	0.26	0.165	0.145	0.06	0.045	0.035	0.01	0.03	0	0.04
0.045	0.235	0.14	0.195	0.175	0.055	0.045	0.02	0.02	0.025	0.015	0.03
0.135	0.18	0.2	0.13	0.15	0.07	0.04	0.03	0.01	0.015	0	0.04
0.125	0.285	0.195	0.1	0.09	0.08	0.06	0.015	0.015	0.005	0.02	0.01
0.08	0.3	0.255	0.125	0.05	0.08	0.015	0.035	0.035	0.01	0.01	0.005
0.115	0.275	0.235	0.16	0.055	0.075	0.02	0.01	0.01	0.01	0.01	0.025
0.145	0.145	0.22	0.21	0.14	0.075	0.03	0.025	0	0.005	0	0.005
0.085	0.325	0.205	0.1	0.075	0.13	0.035	0.01	0.01	0.005	0.01	0.01
0.12	0.22	0.265	0.17	0.06	0.075	0.02	0.015	0.015	0.005	0.015	0.02
0.12	0.26	0.19	0.195	0.105	0.075	0.025	0.02	0.005	0.005	0	0
0.185	0.25	0.23	0.11	0.1	0.03	0.03	0.015	0.02	0.005	0.005	0.02
0.125	0.285	0.26	0.155	0.065	0.045	0.025	0.005	0.025	0	0	0.01
#wt_age_ind																																	
1 1 1 1 1 1 1 1 1 1 1 1 
1 1 1 1 1 1 1 1 1 1 1 1 
1 1 1 1 1 1 1 1 1 1 1 1 
1 1 1 1 1 1 1 1 1 1 1 1 
1 1 1 1 1 1 1 1 1 1 1 1 
1 1 1 1 1 1 1 1 1 1 1 1 
1 1 1 1 1 1 1 1 1 1 1 1 
1 1 1 1 1 1 1 1 1 1 1 1 
1 1 1 1 1 1 1 1 1 1 1 1 
1 1 1 1 1 1 1 1 1 1 1 1 
1 1 1 1 1 1 1 1 1 1 1 1 
1 1 1 1 1 1 1 1 1 1 1 1 
1 1 1 1 1 1 1 1 1 1 1 1 
1 1 1 1 1 1 1 1 1 1 1 1 
1 1 1 1 1 1 1 1 1 1 1 1 
1 1 1 1 1 1 1 1 1 1 1 1 
1 1 1 1 1 1 1 1 1 1 1 1 
1 1 1 1 1 1 1 1 1 1 1 1 
1 1 1 1 1 1 1 1 1 1 1 1 
1 1 1 1 1 1 1 1 1 1 1 1 
1 1 1 1 1 1 1 1 1 1 1 1 
1 1 1 1 1 1 1 1 1 1 1 1 
1 1 1 1 1 1 1 1 1 1 1 1 
1 1 1 1 1 1 1 1 1 1 1 1 
1 1 1 1 1 1 1 1 1 1 1 1 
1 1 1 1 1 1 1 1 1 1 1 1 
1 1 1 1 1 1 1 1 1 1 1 1 
1 1 1 1 1 1 1 1 1 1 1 1 
1 1 1 1 1 1 1 1 1 1 1 1 
1 1 1 1 1 1 1 1 1 1 1 1 
# wt_pop
0.000530656	0.001196328	0.002058265	0.003034987	0.004055212	0.005064698	0.006026226	0.006916921	0.007724891	0.008446113	0.009081853	0.009636695
#maturity
0.02297737 0.32082130 0.90465054 0.99477987 0.99973881 0.99998699 0.99999935 0.99999997 1 1 1 1
#spmonth																																		
1		
#age_err																																		
1	0	0	0	0	0	0	0	0	0	0	0
0	1	0	0	0	0	0	0	0	0	0	0
0	0	1	0	0	0	0	0	0	0	0	0
0	0	0	1	0	0	0	0	0	0	0	0
0	0	0	0	1	0	0	0	0	0	0	0
0	0	0	0	0	1	0	0	0	0	0	0
0	0	0	0	0	0	1	0	0	0	0	0
0	0	0	0	0	0	0	1	0	0	0	0
0	0	0	0	0	0	0	0	1	0	0	0
0	0	0	0	0	0	0	0	0	1	0	0
0	0	0	0	0	0	0	0	0	0	1	0
0	0	0	0	0	0	0	0	0	0	0	1																														
