# Number of parameters = 73  Objective function value = 26480.7  Maximum gradient component = 0.000632605
# sel_params[1]:
2.00000000000
# sel_params[2]:
1.00000000000
# log_Fmult_year1:
 -4.68607878472
# log_Fmult_devs:
 1.07784820430 0.519127583154 0.308399519875 -0.222515176114 0.581638511185 0.00571667381024 0.741561968480 -0.532386167050 0.188602028901 0.122079672579 0.0713991827699 -0.329108464298 0.368513656305 0.0619714620827 -0.109698400311 0.681704650830 -0.197846837358 -0.00442620530705 -0.00899770294082 0.329319664616 -0.328777747436 0.502664117769 -0.197117073254 -0.0127104336952 -0.0825126298526 -0.0504642492720 0.328287378081 -0.285220432300 0.410207322330
# log_recruit_devs:
 -0.0247165838118 0.180475961956 -0.0632140878530 -0.174371654630 0.352491248910 0.254632558594 0.0272573886838 0.114893887748 -0.0365254775089 0.0512606346379 0.0873428027170 -0.0287452962450 -0.0755319981237 0.0572003821848 -0.118183350825 0.0727424313633 0.0619221252771 -0.277853235873 -0.140370913640 -0.204484101077 0.109679740958 0.140163813366 -0.143033094786 -0.293220633835 0.160947489342 -0.251613747749 -0.0727965618983 0.0671686438993 0.164186736051 0.00229489216754
# log_N_year1_devs:
 -0.0264008375110 -0.126916173134 0.0237156704391 -0.0381758416748 0.0443184194763 -0.0948107129138 -0.0220545367873 -0.0277626598573 -0.0312218028146 -0.210811518429 -0.0508346391678
# log_q_year1:
 -7.98324090368
# log_q_devs:
 0.00000000000 0.00000000000 0.00000000000 0.00000000000 0.00000000000 0.00000000000 0.00000000000 0.00000000000 0.00000000000 0.00000000000 0.00000000000 0.00000000000 0.00000000000 0.00000000000 0.00000000000 0.00000000000 0.00000000000 0.00000000000 0.00000000000 0.00000000000 0.00000000000 0.00000000000 0.00000000000 0.00000000000 0.00000000000 0.00000000000 0.00000000000 0.00000000000 0.00000000000
# index_sel_params[1]:
1.50000000000
# index_sel_params[2]:
0.500000000000
# log_SR_scaler:
6.91635602543
# SR_steepness:
0.750000000000
