#######GENERAL HEADER INPUT#######
1
30
1
30
1
30
30
12
1	2	3	4	5	6	7	8	9	10	11	12
12
1	2	3	4	5	6	7	8	9	10	11	12
1
101
1
1
#######SURVEY DATA#######
30
1	2	3	4	5	6	7	8	9	10	11	12	13	14	15	16	17	18	19	20	21	22	23	24	25	26	27	28	29	30
1.45886611976597	1.7777344888238	1.64224697552609	1.30902964827479	1.64812391967857	1.41587960100921	1.32608486861469	1.38209407666988	1.32410010260833	1.33234767365536	1.1575965344554	1.02271707670871	1.20092660504196	0.875815343718411	0.853626953096394	1.01007336258335	0.915802321779091	0.958383502435828	0.955932621849329	0.596731757947827	0.700233750473576	0.62224316583434	0.74796139287424	0.556665938807547	0.605380207467926	0.471641280602418	0.510054886315604	0.514796211605806	0.523476329986061	0.586007389483932
0.2	0.2	0.2	0.2	0.2	0.2	0.2	0.2	0.2	0.2	0.2	0.2	0.2	0.2	0.2	0.2	0.2	0.2	0.2	0.2	0.2	0.2	0.2	0.2	0.2	0.2	0.2	0.2	0.2	0.2
30
1	2	3	4	5	6	7	8	9	10	11	12	13	14	15	16	17	18	19	20	21	22	23	24	25	26	27	28	29	30
200	200	200	200	200	200	200	200	200	200	200	200	200	200	200	200	200	200	200	200	200	200	200	200	200	200	200	200	200	200
200	200	200	200	200	200	200	200	200	200	200	200	200	200	200	200	200	200	200	200	200	200	200	200	200	200	200	200	200	200
0.035	0.16	0.125	0.12	0.115	0.075	0.055	0.07	0.035	0.04	0.04	0.13
0.035	0.125	0.135	0.145	0.075	0.115	0.035	0.08	0.04	0.045	0.03	0.14
0.075	0.17	0.14	0.11	0.085	0.07	0.05	0.04	0.055	0.05	0.04	0.115
0.025	0.18	0.175	0.13	0.11	0.08	0.07	0.065	0.035	0.025	0.005	0.1
0.09	0.135	0.135	0.125	0.085	0.06	0.035	0.055	0.04	0.07	0.04	0.13
0.085	0.17	0.14	0.07	0.15	0.07	0.04	0.025	0.045	0.045	0.045	0.115
0.075	0.16	0.21	0.115	0.12	0.05	0.07	0.05	0.02	0.02	0.02	0.09
0.075	0.2	0.2	0.15	0.065	0.04	0.06	0.045	0.025	0.01	0.03	0.1
0.095	0.175	0.14	0.12	0.175	0.03	0.045	0.055	0.03	0.02	0.015	0.1
0.1	0.165	0.175	0.115	0.095	0.125	0.02	0.035	0.035	0.03	0.025	0.08
0.08	0.175	0.155	0.145	0.085	0.09	0.075	0.02	0.025	0.03	0.025	0.095
0.085	0.245	0.16	0.135	0.095	0.065	0.055	0.05	0.015	0.015	0.02	0.06
0.065	0.125	0.165	0.205	0.065	0.1	0.05	0.06	0.04	0.015	0.02	0.09
0.095	0.165	0.205	0.15	0.09	0.05	0.06	0.025	0.05	0.025	0.005	0.08
0.055	0.21	0.155	0.145	0.125	0.105	0.07	0.04	0.03	0.015	0.02	0.03
0.11	0.2	0.17	0.135	0.12	0.075	0.07	0.015	0.03	0.02	0.025	0.03
0.06	0.24	0.215	0.095	0.105	0.065	0.065	0.055	0.025	0.025	0	0.05
0.065	0.23	0.175	0.165	0.09	0.05	0.065	0.025	0.025	0.02	0.04	0.05
0.09	0.21	0.22	0.17	0.07	0.07	0.05	0.02	0.02	0.02	0	0.06
0.085	0.255	0.2	0.14	0.1	0.075	0.045	0.02	0.015	0.02	0.015	0.03
0.12	0.22	0.13	0.135	0.14	0.09	0.04	0.035	0.01	0.005	0.01	0.065
0.115	0.23	0.175	0.185	0.08	0.09	0.06	0.015	0.025	0.01	0	0.015
0.125	0.29	0.22	0.08	0.06	0.05	0.065	0.03	0.035	0.015	0.01	0.02
0.095	0.245	0.235	0.19	0.085	0.045	0.03	0.02	0.02	0.015	0.005	0.015
0.11	0.215	0.225	0.215	0.1	0.05	0.02	0.01	0.01	0	0.01	0.035
0.09	0.295	0.19	0.14	0.11	0.08	0.035	0.02	0.01	0.005	0.01	0.015
0.12	0.255	0.26	0.14	0.1	0.06	0.035	0.01	0	0	0.005	0.015
0.125	0.275	0.2	0.155	0.085	0.075	0.04	0.02	0.01	0	0	0.015
0.175	0.29	0.24	0.08	0.14	0.015	0.035	0.015	0.01	0	0	0
0.085	0.335	0.235	0.135	0.08	0.055	0.035	0.005	0.01	0.015	0.005	0.005
#######LANDINGS DATA#######
1
30
161.816103945828	466.821276569596	759.860508167427	995.136178501954	759.166215874443	1311.26874857337	1280.80103503221	2486.91046193266	1315.77463067494	1524.01468254644	1620.5374815323	1615.95359925889	1116.81502485569	1524.87313750397	1499.45005681619	1279.53800299494	2237.83812317348	1608.01610405774	1451.97926726226	1327.37194685014	1619.68882965264	1081.02645154973	1621.06177174902	1206.40812834797	1125.67114390975	973.044268272232	925.738533701346	1224.77422204828	882.194402058097	1277.20744845485
0.01	0.01	0.01	0.01	0.01	0.01	0.01	0.01	0.01	0.01	0.01	0.01	0.01	0.01	0.01	0.01	0.01	0.01	0.01	0.01	0.01	0.01	0.01	0.01	0.01	0.01	0.01	0.01	0.01	0.01
30
1	2	3	4	5	6	7	8	9	10	11	12	13	14	15	16	17	18	19	20	21	22	23	24	25	26	27	28	29	30
200	200	200	200	200	200	200	200	200	200	200	200	200	200	200	200	200	200	200	200	200	200	200	200	200	200	200	200	200	200
200	200	200	200	200	200	200	200	200	200	200	200	200	200	200	200	200	200	200	200	200	200	200	200	200	200	200	200	200	200
0.055	0.11	0.165	0.13	0.09	0.125	0.08	0.045	0.04	0.02	0.02	0.12
0.12	0.105	0.095	0.125	0.08	0.045	0.095	0.065	0.04	0.065	0.03	0.135
0.045	0.11	0.1	0.125	0.12	0.075	0.085	0.075	0.04	0.055	0.02	0.15
0.065	0.085	0.12	0.09	0.125	0.105	0.07	0.09	0.055	0.025	0.02	0.15
0.12	0.075	0.155	0.14	0.085	0.055	0.075	0.065	0.035	0.04	0.005	0.15
0.12	0.125	0.095	0.125	0.08	0.085	0.07	0.055	0.06	0.055	0.025	0.105
0.105	0.15	0.19	0.08	0.06	0.1	0.08	0.015	0.05	0.055	0.02	0.095
0.105	0.08	0.17	0.155	0.09	0.085	0.065	0.045	0.035	0.025	0.02	0.125
0.065	0.14	0.135	0.115	0.125	0.075	0.02	0.07	0.05	0.045	0.015	0.145
0.07	0.1	0.19	0.12	0.13	0.115	0.03	0.055	0.03	0.025	0.02	0.115
0.1	0.155	0.13	0.095	0.125	0.085	0.095	0.035	0.03	0.04	0.02	0.09
0.12	0.13	0.165	0.13	0.14	0.09	0.035	0.075	0.01	0.025	0.015	0.065
0.13	0.115	0.165	0.195	0.07	0.085	0.065	0.04	0.045	0.01	0.005	0.075
0.105	0.11	0.125	0.165	0.13	0.11	0.07	0.025	0.035	0.045	0.015	0.065
0.135	0.16	0.15	0.155	0.1	0.08	0.065	0.04	0.02	0.025	0.01	0.06
0.105	0.15	0.175	0.125	0.115	0.07	0.06	0.05	0.035	0.03	0.02	0.065
0.12	0.17	0.155	0.18	0.09	0.06	0.065	0.035	0.04	0.015	0.02	0.05
0.035	0.225	0.18	0.125	0.13	0.085	0.02	0.045	0.05	0.02	0.015	0.07
0.09	0.105	0.22	0.14	0.12	0.09	0.06	0.035	0.045	0.02	0.015	0.06
0.1	0.15	0.15	0.18	0.14	0.105	0.05	0.015	0.02	0.015	0.02	0.055
0.13	0.165	0.215	0.13	0.095	0.115	0.065	0.02	0.015	0.005	0.03	0.015
0.12	0.28	0.135	0.12	0.1	0.095	0.04	0.03	0.02	0.02	0.01	0.03
0.12	0.255	0.215	0.12	0.095	0.055	0.06	0.03	0.025	0	0	0.025
0.12	0.165	0.25	0.21	0.05	0.07	0.03	0.04	0.02	0.015	0.01	0.02
0.19	0.205	0.19	0.145	0.105	0.025	0.05	0.02	0.005	0.01	0.02	0.035
0.085	0.24	0.23	0.15	0.105	0.105	0.03	0.03	0.01	0.005	0.005	0.005
0.185	0.11	0.245	0.155	0.085	0.075	0.04	0.015	0.055	0.015	0.01	0.01
0.195	0.115	0.185	0.205	0.105	0.065	0.06	0.03	0.02	0.005	0	0.015
0.16	0.24	0.225	0.125	0.105	0.06	0.03	0.03	0.02	0	0	0.005
0.145	0.355	0.22	0.12	0.075	0.025	0.02	0.015	0.01	0.01	0.005	0
#######PARAMETER SECTION#######
800	400	1200	-4	800	-0.25	1
0.18	0.01	1	-4	0.18	-0.25	1
-1.36	-5	-0.001	-4	-1.36	-0.25	1
0.1	0.05	0.3	-4	0.1	-0.25	1
0.2	0.01	0.5	-4	0.2	-0.25	1
0.75	0.20001	1	-3	0.75	-0.25	1
13.815511	-1	200	1	13.815511	-0.25	1
0	-1	1	-4	0	-0.25	1
0.2	1e-04	1.2	-3	0.2	-0.25	1
0	-10	10	-6	0	-1	1
0	-10	10	-6	0	-1	1
2	0	12	-2	2	-0.5	1
1	0	12	-2	1	-0.5	1
2	0	12	-2	2	-0.5	1
1	0	12	-2	1	-0.5	1
1.5	0	12	-2	1.5	-0.5	1
2	0	12	-2	2	-0.5	1
-14.8682006803499	-30	5	1	-14.8682006803499	-1	1
1	0.1	2	-1	1	-1	1
-1.51930887058023	-10	1.39	1	-1.51930887058023	-1	1
#######DEV CONSTRAINTS and DEVS#######
-15	15	2
-15	15	2
-15	15	2
0	0	0	0	0	0	0	0	0	0	0	0	0	0	0	0	0	0	0	0	0	0	0	0	0	0	0	0	0	0
0	0	0	0	0	0	0	0	0	0	0	0	0	0	0	0	0	0	0	0	0	0	0	0	0	0	0	0	0	0
0	0	0	0	0	0	0	0	0	0	0
#######LIKELIHOOD WEIGHTS#######
1
1
1
1
0
1
0
0
0
#######MISCELLANEOUS STUFF SECTION#######
2.5e-08
3
0.5	0.5	0.5	0.5	0.5	0.5	0.5	0.5	0.5	0.5	0.5	0.5
0.0229773699100256	0.320821300824607	0.904650535100891	0.994779874306442	0.999738809680904	0.999986992871533	0.999999352405202	0.999999967758134	0.999999998394772	0.99999999992008	0.999999999996021	0.999999999999802
0.2	0.2	0.2	0.2	0.2	0.2	0.2	0.2	0.2	0.2	0.2	0.2
0
1
10
0.2
1
1	0	0	0	0	0	0	0	0	0	0	0
0	1	0	0	0	0	0	0	0	0	0	0
0	0	1	0	0	0	0	0	0	0	0	0
0	0	0	1	0	0	0	0	0	0	0	0
0	0	0	0	1	0	0	0	0	0	0	0
0	0	0	0	0	1	0	0	0	0	0	0
0	0	0	0	0	0	1	0	0	0	0	0
0	0	0	0	0	0	0	1	0	0	0	0
0	0	0	0	0	0	0	0	1	0	0	0
0	0	0	0	0	0	0	0	0	1	0	0
0	0	0	0	0	0	0	0	0	0	1	0
0	0	0	0	0	0	0	0	0	0	0	1
40
31
2
1
#######END OF DATA FILE#######
999
