#######GENERAL HEADER INPUT#######
1
30
1
30
1
30
30
12
1	2	3	4	5	6	7	8	9	10	11	12
12
1	2	3	4	5	6	7	8	9	10	11	12
1
101
1
1
#######SURVEY DATA#######
30
1	2	3	4	5	6	7	8	9	10	11	12	13	14	15	16	17	18	19	20	21	22	23	24	25	26	27	28	29	30
1.66046457867555	1.56725501411921	1.65360875314701	1.44215748001347	1.47690911194751	1.73164386409214	1.2799361263188	1.47828949758826	1.23955019183458	1.22892254325643	1.07998232823224	1.25532332833531	1.28065032472786	0.98602726634539	0.896820283519698	1.04105390759411	0.869324736797139	0.864783384361681	0.671332563463017	0.904224668076523	0.818789471472847	0.695613530687581	0.735574714801906	0.672590876828194	0.542463930451835	0.505620036697506	0.458449204726276	0.542521541467939	0.560687523032748	0.449939995822201
0.2	0.2	0.2	0.2	0.2	0.2	0.2	0.2	0.2	0.2	0.2	0.2	0.2	0.2	0.2	0.2	0.2	0.2	0.2	0.2	0.2	0.2	0.2	0.2	0.2	0.2	0.2	0.2	0.2	0.2
30
1	2	3	4	5	6	7	8	9	10	11	12	13	14	15	16	17	18	19	20	21	22	23	24	25	26	27	28	29	30
200	200	200	200	200	200	200	200	200	200	200	200	200	200	200	200	200	200	200	200	200	200	200	200	200	200	200	200	200	200
200	200	200	200	200	200	200	200	200	200	200	200	200	200	200	200	200	200	200	200	200	200	200	200	200	200	200	200	200	200
0.06	0.125	0.15	0.115	0.085	0.075	0.055	0.07	0.07	0.035	0.035	0.125
0.095	0.165	0.09	0.17	0.08	0.085	0.08	0.04	0.045	0.015	0.015	0.12
0.065	0.17	0.125	0.105	0.1	0.08	0.07	0.045	0.035	0.035	0.04	0.13
0.05	0.15	0.125	0.125	0.09	0.105	0.09	0.06	0.02	0.03	0.015	0.14
0.105	0.09	0.12	0.16	0.105	0.08	0.06	0.055	0.04	0.035	0.05	0.1
0.1	0.205	0.09	0.115	0.08	0.075	0.08	0.045	0.03	0.04	0.025	0.115
0.025	0.21	0.235	0.065	0.06	0.085	0.045	0.025	0.08	0.01	0.025	0.135
0.08	0.15	0.17	0.155	0.11	0.06	0.045	0.04	0.03	0.04	0.01	0.11
0.065	0.185	0.12	0.135	0.125	0.06	0.05	0.065	0.04	0.03	0.025	0.1
0.07	0.125	0.155	0.155	0.09	0.135	0.07	0.04	0.035	0.02	0.015	0.09
0.075	0.135	0.19	0.14	0.09	0.14	0.06	0.035	0.015	0.04	0.015	0.065
0.08	0.225	0.185	0.13	0.12	0.045	0.05	0.055	0.02	0.02	0.025	0.045
0.07	0.17	0.215	0.15	0.125	0.055	0.055	0.05	0.015	0	0.025	0.07
0.11	0.14	0.19	0.135	0.105	0.07	0.08	0.03	0.06	0.03	0.005	0.045
0.08	0.175	0.215	0.13	0.115	0.1	0.045	0.02	0.03	0.04	0.01	0.04
0.105	0.19	0.17	0.13	0.11	0.08	0.06	0.045	0.035	0.01	0.005	0.06
0.125	0.16	0.225	0.17	0.09	0.09	0.055	0.025	0.02	0.01	0.01	0.02
0.07	0.135	0.21	0.185	0.125	0.065	0.06	0.045	0.03	0.005	0.03	0.04
0.105	0.175	0.22	0.165	0.09	0.08	0.045	0.03	0.045	0.01	0.005	0.03
0.07	0.215	0.21	0.175	0.11	0.075	0.055	0.03	0.02	0.005	0	0.035
0.15	0.17	0.205	0.135	0.125	0.07	0.04	0.035	0.02	0.015	0	0.035
0.145	0.265	0.14	0.14	0.105	0.07	0.055	0.025	0.015	0.02	0.01	0.01
0.095	0.245	0.27	0.115	0.055	0.025	0.05	0.035	0.03	0.02	0.02	0.04
0.105	0.215	0.195	0.21	0.09	0.045	0.02	0.04	0.03	0.01	0.015	0.025
0.13	0.22	0.2	0.185	0.085	0.045	0.04	0.04	0.01	0.02	0.005	0.02
0.07	0.325	0.185	0.14	0.105	0.07	0.025	0.01	0.01	0.015	0.01	0.035
0.165	0.25	0.25	0.125	0.075	0.065	0.035	0.005	0.005	0.01	0.01	0.005
0.095	0.265	0.15	0.22	0.08	0.07	0.035	0.035	0.01	0.015	0.005	0.02
0.17	0.27	0.205	0.12	0.085	0.04	0.025	0.015	0.045	0.01	0	0.015
0.095	0.36	0.225	0.15	0.045	0.05	0.03	0.005	0.03	0	0	0.01
#######LANDINGS DATA#######
1
30
161.599745798648	469.454608784847	759.582878933089	999.875782285385	769.173916779754	1312.05081733986	1283.82968893993	2477.80943799958	1325.97165244592	1533.27050240566	1616.64951497735	1617.71023833606	1114.3616883845	1519.32367251252	1511.72666508663	1269.06169505474	2243.65496470547	1620.3165162775	1456.66653251252	1309.56593691431	1622.32619339055	1078.60616524781	1629.45999952815	1208.85252674404	1115.5251379999	969.863473774256	913.645186942422	1211.01438075079	874.356096312857	1268.96974765832
0.01	0.01	0.01	0.01	0.01	0.01	0.01	0.01	0.01	0.01	0.01	0.01	0.01	0.01	0.01	0.01	0.01	0.01	0.01	0.01	0.01	0.01	0.01	0.01	0.01	0.01	0.01	0.01	0.01	0.01
30
1	2	3	4	5	6	7	8	9	10	11	12	13	14	15	16	17	18	19	20	21	22	23	24	25	26	27	28	29	30
200	200	200	200	200	200	200	200	200	200	200	200	200	200	200	200	200	200	200	200	200	200	200	200	200	200	200	200	200	200
200	200	200	200	200	200	200	200	200	200	200	200	200	200	200	200	200	200	200	200	200	200	200	200	200	200	200	200	200	200
0.09	0.1	0.145	0.105	0.08	0.09	0.045	0.075	0.05	0.035	0.025	0.16
0.045	0.1	0.11	0.13	0.11	0.135	0.08	0.065	0.06	0.03	0.015	0.12
0.085	0.125	0.115	0.125	0.11	0.09	0.1	0.05	0.04	0.045	0.01	0.105
0.085	0.13	0.145	0.13	0.1	0.065	0.085	0.07	0.025	0.025	0.015	0.125
0.115	0.08	0.12	0.13	0.11	0.06	0.045	0.035	0.045	0.04	0.02	0.2
0.09	0.165	0.09	0.11	0.1	0.095	0.075	0.075	0.035	0.03	0.015	0.12
0.095	0.16	0.18	0.07	0.1	0.1	0.095	0.03	0.03	0.015	0.02	0.105
0.08	0.105	0.15	0.14	0.08	0.095	0.08	0.055	0.02	0.045	0.015	0.135
0.1	0.135	0.125	0.135	0.11	0.07	0.055	0.04	0.035	0.035	0.015	0.145
0.065	0.115	0.15	0.175	0.125	0.11	0.05	0.08	0.035	0.015	0.025	0.055
0.095	0.125	0.16	0.155	0.09	0.085	0.08	0.025	0.05	0.02	0.005	0.11
0.08	0.155	0.195	0.135	0.12	0.065	0.06	0.065	0.025	0.02	0.01	0.07
0.075	0.105	0.24	0.15	0.115	0.1	0.035	0.03	0.04	0.02	0.01	0.08
0.1	0.115	0.165	0.16	0.125	0.08	0.065	0.035	0.05	0.03	0.015	0.06
0.095	0.145	0.12	0.145	0.125	0.1	0.065	0.065	0.045	0.02	0.005	0.07
0.105	0.155	0.17	0.12	0.105	0.105	0.065	0.055	0.02	0.025	0.02	0.055
0.105	0.2	0.165	0.185	0.075	0.08	0.045	0.045	0.025	0.02	0.02	0.035
0.11	0.24	0.155	0.135	0.085	0.05	0.04	0.05	0.03	0.02	0.035	0.05
0.105	0.135	0.2	0.135	0.095	0.105	0.055	0.055	0.025	0.02	0.01	0.06
0.11	0.18	0.15	0.175	0.13	0.04	0.07	0.02	0.03	0.015	0.015	0.065
0.17	0.175	0.19	0.12	0.11	0.065	0.055	0.055	0.025	0.005	0.005	0.025
0.195	0.215	0.12	0.15	0.035	0.08	0.09	0.04	0.02	0.005	0	0.05
0.11	0.25	0.225	0.13	0.08	0.06	0.04	0.045	0.035	0.01	0.005	0.01
0.15	0.18	0.205	0.23	0.07	0.035	0.025	0.035	0.03	0.005	0.005	0.03
0.18	0.14	0.19	0.215	0.105	0.05	0.04	0.015	0.02	0.01	0.005	0.03
0.13	0.225	0.22	0.135	0.11	0.07	0.035	0.015	0.02	0.02	0.01	0.01
0.135	0.195	0.295	0.135	0.075	0.06	0.045	0.015	0.015	0	0.005	0.025
0.16	0.215	0.16	0.15	0.115	0.07	0.075	0.015	0.015	0.015	0.005	0.005
0.27	0.245	0.16	0.1	0.105	0.035	0.025	0.045	0	0	0.005	0.01
0.14	0.29	0.295	0.11	0.045	0.03	0.04	0.015	0.01	0.015	0.005	0.005
#######PARAMETER SECTION#######
800	400	1200	-4	800	-0.25	1
0.18	0.01	1	-4	0.18	-0.25	1
-1.36	-5	-0.001	-4	-1.36	-0.25	1
0.1	0.05	0.3	-4	0.1	-0.25	1
0.2	0.01	0.5	-4	0.2	-0.25	1
0.75	0.20001	1	-3	0.75	-0.25	1
13.815511	-1	200	1	13.815511	-0.25	1
0	-1	1	-4	0	-0.25	1
0.2	1e-04	1.2	-3	0.2	-0.25	1
0	-10	10	-6	0	-1	1
0	-10	10	-6	0	-1	1
2	0	12	-2	2	-0.5	1
1	0	12	-2	1	-0.5	1
2	0	12	-2	2	-0.5	1
1	0	12	-2	1	-0.5	1
1.5	0	12	-2	1.5	-0.5	1
2	0	12	-2	2	-0.5	1
-14.8682006803499	-30	5	1	-14.8682006803499	-1	1
1	0.1	2	-1	1	-1	1
-1.51930887058023	-10	1.39	1	-1.51930887058023	-1	1
#######DEV CONSTRAINTS and DEVS#######
-15	15	2
-15	15	2
-15	15	2
0	0	0	0	0	0	0	0	0	0	0	0	0	0	0	0	0	0	0	0	0	0	0	0	0	0	0	0	0	0
0	0	0	0	0	0	0	0	0	0	0	0	0	0	0	0	0	0	0	0	0	0	0	0	0	0	0	0	0	0
0	0	0	0	0	0	0	0	0	0	0
#######LIKELIHOOD WEIGHTS#######
1
1
1
1
0
1
0
0
0
#######MISCELLANEOUS STUFF SECTION#######
2.5e-08
3
0.5	0.5	0.5	0.5	0.5	0.5	0.5	0.5	0.5	0.5	0.5	0.5
0.0229773699100256	0.320821300824607	0.904650535100891	0.994779874306442	0.999738809680904	0.999986992871533	0.999999352405202	0.999999967758134	0.999999998394772	0.99999999992008	0.999999999996021	0.999999999999802
0.2	0.2	0.2	0.2	0.2	0.2	0.2	0.2	0.2	0.2	0.2	0.2
0
1
10
0.2
1
1	0	0	0	0	0	0	0	0	0	0	0
0	1	0	0	0	0	0	0	0	0	0	0
0	0	1	0	0	0	0	0	0	0	0	0
0	0	0	1	0	0	0	0	0	0	0	0
0	0	0	0	1	0	0	0	0	0	0	0
0	0	0	0	0	1	0	0	0	0	0	0
0	0	0	0	0	0	1	0	0	0	0	0
0	0	0	0	0	0	0	1	0	0	0	0
0	0	0	0	0	0	0	0	1	0	0	0
0	0	0	0	0	0	0	0	0	1	0	0
0	0	0	0	0	0	0	0	0	0	1	0
0	0	0	0	0	0	0	0	0	0	0	1
40
31
2
1
#######END OF DATA FILE#######
999
