# Number of parameters = 73  Objective function value = 26280.1  Maximum gradient component = 0.000351602
# sel_params[1]:
2.00000000000
# sel_params[2]:
1.00000000000
# log_Fmult_year1:
 -4.62524951111
# log_Fmult_devs:
 1.05761359495 0.511739013665 0.303521090915 -0.235789100445 0.594883221307 0.00542368628367 0.744957533512 -0.530150024510 0.194069341238 0.116635482628 0.0799297302845 -0.330598752783 0.374654824114 0.0746666641937 -0.102824967658 0.678618289148 -0.195907021703 0.00214553229931 -0.0216449875072 0.327334048671 -0.332758170786 0.502995205295 -0.182658511107 -0.00674560858838 -0.0909385893503 -0.0265122609325 0.335513796883 -0.277998435656 0.435989607343
# log_recruit_devs:
 0.0285319016614 0.161089766944 -0.149283893326 -0.155223686105 0.275178876603 0.340075452228 -0.0933531210024 0.175565369665 -0.0290585422369 0.0730301291631 0.00524486829608 -0.147309821592 -0.0555754646689 0.0608207399352 -0.168693285821 0.132847786748 0.0872907913769 -0.215974033490 -0.0736256698907 -0.147300243502 0.0887364187614 0.0898514725143 -0.0901971204891 -0.192259403952 0.0510415285617 -0.276065330401 -0.00582543546253 0.0984355292780 0.126437994589 0.00556642561382
# log_N_year1_devs:
 0.0522772780987 -0.104068510586 0.00133602753691 -0.0125531738591 -0.154814344994 0.00896673349556 -0.0841650450393 -0.0924274991429 -0.157484081553 -0.282460291531 -0.141480367208
# log_q_year1:
 -7.94093146551
# log_q_devs:
 0.00000000000 0.00000000000 0.00000000000 0.00000000000 0.00000000000 0.00000000000 0.00000000000 0.00000000000 0.00000000000 0.00000000000 0.00000000000 0.00000000000 0.00000000000 0.00000000000 0.00000000000 0.00000000000 0.00000000000 0.00000000000 0.00000000000 0.00000000000 0.00000000000 0.00000000000 0.00000000000 0.00000000000 0.00000000000 0.00000000000 0.00000000000 0.00000000000 0.00000000000
# index_sel_params[1]:
1.50000000000
# index_sel_params[2]:
0.500000000000
# log_SR_scaler:
6.91365846453
# SR_steepness:
0.750000000000
