# Number of parameters = 73  Objective function value = 26334.9  Maximum gradient component = 0.00446219
# sel_params[1]:
2.00000000000
# sel_params[2]:
1.00000000000
# log_Fmult_year1:
 -4.58776021234
# log_Fmult_devs:
 1.05123701973 0.492059102504 0.293545075063 -0.231068064146 0.596261044993 0.000534881911152 0.752311436039 -0.537005271031 0.191090132104 0.131458169880 0.0774738298247 -0.331484103127 0.371332442755 0.0683704041105 -0.112366657564 0.663665084573 -0.199508188505 -0.0157092533987 -0.00883646744963 0.318227270344 -0.318800862696 0.499119712462 -0.217488864750 -0.00387788418561 -0.0959247190957 -0.0356402386121 0.320360644743 -0.281245890911 0.401985011051
# log_recruit_devs:
 0.0467834796561 0.146052489567 -0.0119037122961 -0.221333867434 0.274349196117 0.199460223629 -0.00316526760860 0.133686707461 -0.0558351939058 -0.0627816793066 0.106915188334 -0.0516188041418 -0.111885166039 0.0738462200979 -0.0444416432607 0.158528935142 0.0584195466968 -0.261463931241 -0.127068258353 -0.187803854276 0.134977019307 0.124258810815 -0.134412995303 -0.191879164292 0.0419218239657 -0.219389837753 -0.0199410683822 0.0688270102891 0.162086998687 -0.0251892061736
# log_N_year1_devs:
 0.0590175596973 0.0255570796371 0.0765537733760 -0.0729762281718 -0.117995154690 -0.184107579596 -0.236270317500 -0.146533268588 0.124080061259 -0.291970029441 -0.295577876446
# log_q_year1:
 -7.96105375833
# log_q_devs:
 0.00000000000 0.00000000000 0.00000000000 0.00000000000 0.00000000000 0.00000000000 0.00000000000 0.00000000000 0.00000000000 0.00000000000 0.00000000000 0.00000000000 0.00000000000 0.00000000000 0.00000000000 0.00000000000 0.00000000000 0.00000000000 0.00000000000 0.00000000000 0.00000000000 0.00000000000 0.00000000000 0.00000000000 0.00000000000 0.00000000000 0.00000000000 0.00000000000 0.00000000000
# index_sel_params[1]:
1.50000000000
# index_sel_params[2]:
0.500000000000
# log_SR_scaler:
6.92457693707
# SR_steepness:
0.750000000000
