#styr												
1
#endyr												
30
#rec_age										
1															
#n_ages										
12
# numbers of length intervals
81
#Length	bin
10	11	12	13	14	15	16	17	18	19	20	21	22	23	24	25	26	27	28	29	30	31	32	33	34	35	36	37	38	39	40	41	42	43	44	45	46	47	48	49	50	51	52	53	54	55	56	57	58	59	60	61	62	63	64	65	66	67	68	69	70	71	72	73	74	75	76	77	78	79	80	81	82	83	84	85	86	87	88	89	90
#nfsh
1
#names_fsh
FLEET1												
#catch												
161.411104071839	459.266082862692	740.81609631312	953.64694494966	737.941705684329	1276.6524750488	1235.74233376122	2441.60124777682	1331.70270796867	1574.36510536137	1677.73289772889	1743.58166437563	1248.04229241827	1784.40982782243	1860.7629782705	1635.20766631614	2990.32351472992	2133.97146709863	1806.03985463444	1569.42301912901	1879.66286876799	1246.17372263231	1832.95907155706	1280.11249918769	1135.71372753183	989.923295143986	1040.64843536963	1471.98937297386	1081.72515310857	1484.63456461209
#catch_cv											
0.01	0.01	0.01	0.01	0.01	0.01	0.01	0.01	0.01	0.01	0.01	0.01	0.01	0.01	0.01	0.01	0.01	0.01	0.01	0.01	0.01	0.01	0.01	0.01	0.01	0.01	0.01	0.01	0.01	0.01
#n_ages_fsh								
30		
#n_lengths_fsh								
0															
#yrs_ages_fsh								
1	2	3	4	5	6	7	8	9	10	11	12	13	14	15	16	17	18	19	20	21	22	23	24	25	26	27	28	29	30	
#sample_ages_fsh							
200	200	200	200	200	200	200	200	200	200	200	200	200	200	200	200	200	200	200	200	200	200	200	200	200	200	200	200	200	200
#page_fsh	2	3	4	5	6	7	8	9	10	11						
0.065	0.095	0.145	0.14	0.085	0.055	0.11	0.06	0.07	0.02	0.055	0.1
0.06	0.095	0.14	0.1	0.13	0.085	0.07	0.065	0.06	0.025	0.06	0.11
0.07	0.1	0.145	0.145	0.075	0.07	0.08	0.08	0.025	0.05	0.03	0.13
0.095	0.095	0.105	0.135	0.075	0.105	0.115	0.06	0.055	0.04	0.03	0.09
0.095	0.08	0.13	0.1	0.125	0.1	0.085	0.07	0.04	0.025	0.03	0.12
0.095	0.15	0.105	0.13	0.085	0.065	0.1	0.06	0.045	0.035	0.04	0.09
0.075	0.17	0.155	0.095	0.13	0.065	0.065	0.045	0.035	0.04	0.04	0.085
0.08	0.11	0.145	0.19	0.095	0.105	0.055	0.02	0.04	0.03	0.015	0.115
0.065	0.155	0.12	0.16	0.17	0.05	0.045	0.015	0.035	0.035	0.04	0.11
0.2	0.075	0.14	0.095	0.11	0.09	0.065	0.04	0.04	0.035	0.03	0.08
0.055	0.27	0.095	0.115	0.085	0.125	0.08	0.025	0.035	0.025	0.015	0.075
0.15	0.135	0.22	0.075	0.115	0.065	0.05	0.065	0.03	0.035	0.01	0.05
0.05	0.26	0.09	0.23	0.035	0.08	0.07	0.035	0.045	0.015	0.005	0.085
0.1	0.14	0.285	0.09	0.135	0.065	0.045	0.03	0.035	0.015	0.01	0.05
0.165	0.175	0.065	0.185	0.085	0.115	0.02	0.055	0.03	0.02	0.035	0.05
0.085	0.27	0.205	0.075	0.11	0.025	0.1	0.04	0.02	0.03	0.005	0.035
0.05	0.095	0.26	0.17	0.08	0.14	0.05	0.055	0.02	0.025	0.02	0.035
0.095	0.105	0.16	0.23	0.125	0.04	0.09	0.035	0.05	0.02	0.01	0.04
0.075	0.09	0.145	0.18	0.27	0.035	0.035	0.07	0.015	0.04	0	0.045
0.22	0.07	0.145	0.125	0.09	0.12	0.085	0.025	0.04	0.01	0.025	0.045
0.105	0.295	0.095	0.09	0.085	0.075	0.085	0.06	0.03	0.025	0	0.055
0.145	0.185	0.26	0.085	0.07	0.055	0.045	0.05	0.06	0.01	0.015	0.02
0.045	0.255	0.135	0.255	0.065	0.045	0.05	0.05	0.035	0.035	0.005	0.025
0.09	0.06	0.215	0.22	0.19	0.045	0.06	0.03	0.035	0.01	0.015	0.03
0.305	0.185	0.07	0.205	0.075	0.1	0.01	0.005	0.015	0.005	0.005	0.02
0.155	0.335	0.135	0.075	0.105	0.055	0.08	0.01	0.015	0.005	0.01	0.02
0.235	0.165	0.33	0.08	0.02	0.075	0.03	0.03	0.01	0.015	0	0.01
0.005	0.34	0.15	0.25	0.075	0.04	0.08	0.005	0.03	0.01	0	0.015
0.195	0.03	0.35	0.13	0.19	0.035	0.01	0.02	0.005	0.02	0.01	0.005
0.09	0.255	0.015	0.335	0.095	0.16	0.005	0.005	0.015	0	0.01	0.015
#wt_age_fsh	1 2	3	4	5	6	7	8	9	10	11						
0.000530656	0.001196328	0.002058265	0.003034987	0.004055212	0.005064698	0.006026226	0.006916921	0.007724891	0.008446113	0.009081853	0.009636695
0.000530656	0.001196328	0.002058265	0.003034987	0.004055212	0.005064698	0.006026226	0.006916921	0.007724891	0.008446113	0.009081853	0.009636695
0.000530656	0.001196328	0.002058265	0.003034987	0.004055212	0.005064698	0.006026226	0.006916921	0.007724891	0.008446113	0.009081853	0.009636695
0.000530656	0.001196328	0.002058265	0.003034987	0.004055212	0.005064698	0.006026226	0.006916921	0.007724891	0.008446113	0.009081853	0.009636695
0.000530656	0.001196328	0.002058265	0.003034987	0.004055212	0.005064698	0.006026226	0.006916921	0.007724891	0.008446113	0.009081853	0.009636695
0.000530656	0.001196328	0.002058265	0.003034987	0.004055212	0.005064698	0.006026226	0.006916921	0.007724891	0.008446113	0.009081853	0.009636695
0.000530656	0.001196328	0.002058265	0.003034987	0.004055212	0.005064698	0.006026226	0.006916921	0.007724891	0.008446113	0.009081853	0.009636695
0.000530656	0.001196328	0.002058265	0.003034987	0.004055212	0.005064698	0.006026226	0.006916921	0.007724891	0.008446113	0.009081853	0.009636695
0.000530656	0.001196328	0.002058265	0.003034987	0.004055212	0.005064698	0.006026226	0.006916921	0.007724891	0.008446113	0.009081853	0.009636695
0.000530656	0.001196328	0.002058265	0.003034987	0.004055212	0.005064698	0.006026226	0.006916921	0.007724891	0.008446113	0.009081853	0.009636695
0.000530656	0.001196328	0.002058265	0.003034987	0.004055212	0.005064698	0.006026226	0.006916921	0.007724891	0.008446113	0.009081853	0.009636695
0.000530656	0.001196328	0.002058265	0.003034987	0.004055212	0.005064698	0.006026226	0.006916921	0.007724891	0.008446113	0.009081853	0.009636695
0.000530656	0.001196328	0.002058265	0.003034987	0.004055212	0.005064698	0.006026226	0.006916921	0.007724891	0.008446113	0.009081853	0.009636695
0.000530656	0.001196328	0.002058265	0.003034987	0.004055212	0.005064698	0.006026226	0.006916921	0.007724891	0.008446113	0.009081853	0.009636695
0.000530656	0.001196328	0.002058265	0.003034987	0.004055212	0.005064698	0.006026226	0.006916921	0.007724891	0.008446113	0.009081853	0.009636695
0.000530656	0.001196328	0.002058265	0.003034987	0.004055212	0.005064698	0.006026226	0.006916921	0.007724891	0.008446113	0.009081853	0.009636695
0.000530656	0.001196328	0.002058265	0.003034987	0.004055212	0.005064698	0.006026226	0.006916921	0.007724891	0.008446113	0.009081853	0.009636695
0.000530656	0.001196328	0.002058265	0.003034987	0.004055212	0.005064698	0.006026226	0.006916921	0.007724891	0.008446113	0.009081853	0.009636695
0.000530656	0.001196328	0.002058265	0.003034987	0.004055212	0.005064698	0.006026226	0.006916921	0.007724891	0.008446113	0.009081853	0.009636695
0.000530656	0.001196328	0.002058265	0.003034987	0.004055212	0.005064698	0.006026226	0.006916921	0.007724891	0.008446113	0.009081853	0.009636695
0.000530656	0.001196328	0.002058265	0.003034987	0.004055212	0.005064698	0.006026226	0.006916921	0.007724891	0.008446113	0.009081853	0.009636695
0.000530656	0.001196328	0.002058265	0.003034987	0.004055212	0.005064698	0.006026226	0.006916921	0.007724891	0.008446113	0.009081853	0.009636695
0.000530656	0.001196328	0.002058265	0.003034987	0.004055212	0.005064698	0.006026226	0.006916921	0.007724891	0.008446113	0.009081853	0.009636695
0.000530656	0.001196328	0.002058265	0.003034987	0.004055212	0.005064698	0.006026226	0.006916921	0.007724891	0.008446113	0.009081853	0.009636695
0.000530656	0.001196328	0.002058265	0.003034987	0.004055212	0.005064698	0.006026226	0.006916921	0.007724891	0.008446113	0.009081853	0.009636695
0.000530656	0.001196328	0.002058265	0.003034987	0.004055212	0.005064698	0.006026226	0.006916921	0.007724891	0.008446113	0.009081853	0.009636695
0.000530656	0.001196328	0.002058265	0.003034987	0.004055212	0.005064698	0.006026226	0.006916921	0.007724891	0.008446113	0.009081853	0.009636695
0.000530656	0.001196328	0.002058265	0.003034987	0.004055212	0.005064698	0.006026226	0.006916921	0.007724891	0.008446113	0.009081853	0.009636695
0.000530656	0.001196328	0.002058265	0.003034987	0.004055212	0.005064698	0.006026226	0.006916921	0.007724891	0.008446113	0.009081853	0.009636695
0.000530656	0.001196328	0.002058265	0.003034987	0.004055212	0.005064698	0.006026226	0.006916921	0.007724891	0.008446113	0.009081853	0.009636695
#nind
1
#ind_names									
SURVEY1									
#nobs_ind
30
#yrs_ind											
1	2	3	4	5	6	7	8	9	10	11	12	13	14	15	16	17	18	19	20	21	22	23	24	25	26	27	28	29	30	
#month_ind										
1															
#biom_ind											
1.39115858336014	1.14146678416085	1.41056807832539	1.29404768689521	1.0587488570912	1.28400527583947	1.69243082226981	1.2588340000369	1.03725871378848	1.26138866275392	1.17671725358568	1.29355750818058	1.20513394622291	1.29577411693837	1.14933343388397	1.29017919686871	1.1608653217826	0.712987095582079	0.946794334724528	0.834971456874853	0.679671763286965	0.775529353295722	0.650720304304407	0.441237049389013	0.505830077782036	0.597457749199963	0.647693733192128	0.692959115253374	0.539859912349784	0.492697234731292
#biom_cv																
0.278231716672029	0.228293356832169	0.282113615665078	0.258809537379042	0.211749771418241	0.256801055167893	0.338486164453963	0.251766800007379	0.207451742757696	0.252277732550784	0.235343450717135	0.258711501636116	0.241026789244581	0.259154823387675	0.229866686776794	0.258035839373742	0.23217306435652	0.142597419116416	0.189358866944906	0.166994291374971	0.135934352657393	0.155105870659144	0.130144060860881	0.0882474098778026	0.101166015556407	0.119491549839993	0.129538746638426	0.138591823050675	0.107971982469957	0.0985394469462584
#n_ages_ind															
30			
#n_lengths_ind															
0															
#yrs_ages_ind															
1	2	3	4	5	6	7	8	9	10	11	12	13	14	15	16	17	18	19	20	21	22	23	24	25	26	27	28	29	30	
#sample_ages_ind					
200	200	200	200	200	200	200	200	200	200	200	200	200	200	200	200	200	200	200	200	200	200	200	200	200	200	200	200	200	200
#page_ind						
0.04	0.16	0.145	0.105	0.125	0.05	0.045	0.065	0.05	0.04	0.055	0.12
0.045	0.165	0.17	0.09	0.08	0.07	0.09	0.065	0.04	0.04	0.04	0.105
0.095	0.14	0.165	0.095	0.085	0.095	0.065	0.06	0.035	0.025	0.025	0.115
0.045	0.185	0.155	0.12	0.055	0.12	0.075	0.06	0.035	0.035	0.04	0.075
0.11	0.08	0.12	0.105	0.09	0.075	0.095	0.08	0.07	0.05	0.01	0.115
0.085	0.18	0.085	0.14	0.1	0.095	0.06	0.015	0.055	0.045	0.025	0.115
0.04	0.245	0.25	0.055	0.11	0.045	0.03	0.035	0.065	0.025	0.015	0.085
0.12	0.135	0.185	0.18	0.045	0.04	0.03	0.04	0.085	0.025	0.02	0.095
0.095	0.175	0.115	0.175	0.145	0.055	0.045	0.025	0.05	0.02	0.03	0.07
0.1	0.125	0.235	0.09	0.115	0.11	0.035	0.045	0.03	0.035	0.025	0.055
0.045	0.28	0.13	0.16	0.095	0.105	0.05	0.03	0.025	0.02	0.005	0.055
0.14	0.12	0.34	0.08	0.12	0.04	0.04	0.05	0.015	0	0.015	0.04
0.045	0.23	0.115	0.225	0.06	0.08	0.07	0.05	0.03	0.02	0.005	0.07
0.13	0.085	0.33	0.065	0.2	0.05	0.045	0.01	0.015	0.015	0.02	0.035
0.075	0.215	0.06	0.26	0.065	0.125	0.05	0.05	0.015	0.03	0.025	0.03
0.05	0.27	0.19	0.085	0.165	0.035	0.075	0.03	0.045	0	0.015	0.04
0.05	0.13	0.295	0.18	0.065	0.1	0.015	0.06	0.02	0.025	0	0.06
0.06	0.12	0.205	0.26	0.13	0.035	0.065	0.035	0.02	0.015	0.02	0.035
0.07	0.16	0.17	0.13	0.18	0.11	0.025	0.075	0.01	0.03	0.005	0.035
0.16	0.18	0.165	0.065	0.065	0.14	0.08	0.02	0.035	0.025	0.015	0.05
0.105	0.35	0.105	0.075	0.1	0.055	0.105	0.035	0.02	0.03	0.005	0.015
0.13	0.185	0.315	0.105	0.04	0.07	0.045	0.03	0.025	0.01	0.015	0.03
0.025	0.33	0.195	0.22	0.06	0.025	0.02	0.02	0.06	0.025	0	0.02
0.07	0.085	0.29	0.17	0.185	0.025	0.05	0.03	0.02	0.025	0.025	0.025
0.215	0.13	0.14	0.21	0.105	0.1	0.035	0	0.01	0.01	0.015	0.03
0.1	0.47	0.09	0.055	0.115	0.045	0.085	0.01	0	0.005	0.005	0.02
0.195	0.215	0.34	0.095	0.04	0.045	0.035	0.015	0.005	0	0	0.015
0.005	0.385	0.24	0.235	0.045	0.02	0.025	0.01	0.025	0	0.005	0.005
0.155	0.03	0.425	0.135	0.15	0.01	0.02	0.01	0.015	0.04	0	0.01
0.085	0.365	0.035	0.28	0.095	0.095	0.01	0.01	0	0.01	0.01	0.005
#wt_age_ind						
1 1 1 1 1 1 1 1 1 1 1 1 
1 1 1 1 1 1 1 1 1 1 1 1 
1 1 1 1 1 1 1 1 1 1 1 1 
1 1 1 1 1 1 1 1 1 1 1 1 
1 1 1 1 1 1 1 1 1 1 1 1 
1 1 1 1 1 1 1 1 1 1 1 1 
1 1 1 1 1 1 1 1 1 1 1 1 
1 1 1 1 1 1 1 1 1 1 1 1 
1 1 1 1 1 1 1 1 1 1 1 1 
1 1 1 1 1 1 1 1 1 1 1 1 
1 1 1 1 1 1 1 1 1 1 1 1 
1 1 1 1 1 1 1 1 1 1 1 1 
1 1 1 1 1 1 1 1 1 1 1 1 
1 1 1 1 1 1 1 1 1 1 1 1 
1 1 1 1 1 1 1 1 1 1 1 1 
1 1 1 1 1 1 1 1 1 1 1 1 
1 1 1 1 1 1 1 1 1 1 1 1 
1 1 1 1 1 1 1 1 1 1 1 1 
1 1 1 1 1 1 1 1 1 1 1 1 
1 1 1 1 1 1 1 1 1 1 1 1 
1 1 1 1 1 1 1 1 1 1 1 1 
1 1 1 1 1 1 1 1 1 1 1 1 
1 1 1 1 1 1 1 1 1 1 1 1 
1 1 1 1 1 1 1 1 1 1 1 1 
1 1 1 1 1 1 1 1 1 1 1 1 
1 1 1 1 1 1 1 1 1 1 1 1 
1 1 1 1 1 1 1 1 1 1 1 1 
1 1 1 1 1 1 1 1 1 1 1 1 
1 1 1 1 1 1 1 1 1 1 1 1 
1 1 1 1 1 1 1 1 1 1 1 1 
# wt_pop
0.000530656	0.001196328	0.002058265	0.003034987	0.004055212	0.005064698	0.006026226	0.006916921	0.007724891	0.008446113	0.009081853	0.009636695
#maturity
0.02297737 0.32082130 0.90465054 0.99477987 0.99973881 0.99998699 0.99999935 0.99999997 1 1 1 1
#spmonth						
1		
#age_err						
1	0	0	0	0	0	0	0	0	0	0	0
0	1	0	0	0	0	0	0	0	0	0	0
0	0	1	0	0	0	0	0	0	0	0	0
0	0	0	1	0	0	0	0	0	0	0	0
0	0	0	0	1	0	0	0	0	0	0	0
0	0	0	0	0	1	0	0	0	0	0	0
0	0	0	0	0	0	1	0	0	0	0	0
0	0	0	0	0	0	0	1	0	0	0	0
0	0	0	0	0	0	0	0	1	0	0	0
0	0	0	0	0	0	0	0	0	1	0	0
0	0	0	0	0	0	0	0	0	0	1	0
0	0	0	0	0	0	0	0	0	0	0	1																														
