#######GENERAL HEADER INPUT#######
1
30
1
30
1
30
30
12
1	2	3	4	5	6	7	8	9	10	11	12
12
1	2	3	4	5	6	7	8	9	10	11	12
1
1001
1
1
#######SURVEY DATA#######
30
1	2	3	4	5	6	7	8	9	10	11	12	13	14	15	16	17	18	19	20	21	22	23	24	25	26	27	28	29	30
1.39115858336014	1.14146678416085	1.41056807832539	1.29404768689521	1.0587488570912	1.28400527583947	1.69243082226981	1.2588340000369	1.03725871378848	1.26138866275392	1.17671725358568	1.29355750818058	1.20513394622291	1.29577411693837	1.14933343388397	1.29017919686871	1.1608653217826	0.712987095582079	0.946794334724528	0.834971456874853	0.679671763286965	0.775529353295722	0.650720304304407	0.441237049389013	0.505830077782036	0.597457749199963	0.647693733192128	0.692959115253374	0.539859912349784	0.492697234731292
0.2	0.2	0.2	0.2	0.2	0.2	0.2	0.2	0.2	0.2	0.2	0.2	0.2	0.2	0.2	0.2	0.2	0.2	0.2	0.2	0.2	0.2	0.2	0.2	0.2	0.2	0.2	0.2	0.2	0.2
30
1	2	3	4	5	6	7	8	9	10	11	12	13	14	15	16	17	18	19	20	21	22	23	24	25	26	27	28	29	30
200	200	200	200	200	200	200	200	200	200	200	200	200	200	200	200	200	200	200	200	200	200	200	200	200	200	200	200	200	200
200	200	200	200	200	200	200	200	200	200	200	200	200	200	200	200	200	200	200	200	200	200	200	200	200	200	200	200	200	200
0.04	0.16	0.145	0.105	0.125	0.05	0.045	0.065	0.05	0.04	0.055	0.12
0.045	0.165	0.17	0.09	0.08	0.07	0.09	0.065	0.04	0.04	0.04	0.105
0.095	0.14	0.165	0.095	0.085	0.095	0.065	0.06	0.035	0.025	0.025	0.115
0.045	0.185	0.155	0.12	0.055	0.12	0.075	0.06	0.035	0.035	0.04	0.075
0.11	0.08	0.12	0.105	0.09	0.075	0.095	0.08	0.07	0.05	0.01	0.115
0.085	0.18	0.085	0.14	0.1	0.095	0.06	0.015	0.055	0.045	0.025	0.115
0.04	0.245	0.25	0.055	0.11	0.045	0.03	0.035	0.065	0.025	0.015	0.085
0.12	0.135	0.185	0.18	0.045	0.04	0.03	0.04	0.085	0.025	0.02	0.095
0.095	0.175	0.115	0.175	0.145	0.055	0.045	0.025	0.05	0.02	0.03	0.07
0.1	0.125	0.235	0.09	0.115	0.11	0.035	0.045	0.03	0.035	0.025	0.055
0.045	0.28	0.13	0.16	0.095	0.105	0.05	0.03	0.025	0.02	0.005	0.055
0.14	0.12	0.34	0.08	0.12	0.04	0.04	0.05	0.015	0	0.015	0.04
0.045	0.23	0.115	0.225	0.06	0.08	0.07	0.05	0.03	0.02	0.005	0.07
0.13	0.085	0.33	0.065	0.2	0.05	0.045	0.01	0.015	0.015	0.02	0.035
0.075	0.215	0.06	0.26	0.065	0.125	0.05	0.05	0.015	0.03	0.025	0.03
0.05	0.27	0.19	0.085	0.165	0.035	0.075	0.03	0.045	0	0.015	0.04
0.05	0.13	0.295	0.18	0.065	0.1	0.015	0.06	0.02	0.025	0	0.06
0.06	0.12	0.205	0.26	0.13	0.035	0.065	0.035	0.02	0.015	0.02	0.035
0.07	0.16	0.17	0.13	0.18	0.11	0.025	0.075	0.01	0.03	0.005	0.035
0.16	0.18	0.165	0.065	0.065	0.14	0.08	0.02	0.035	0.025	0.015	0.05
0.105	0.35	0.105	0.075	0.1	0.055	0.105	0.035	0.02	0.03	0.005	0.015
0.13	0.185	0.315	0.105	0.04	0.07	0.045	0.03	0.025	0.01	0.015	0.03
0.025	0.33	0.195	0.22	0.06	0.025	0.02	0.02	0.06	0.025	0	0.02
0.07	0.085	0.29	0.17	0.185	0.025	0.05	0.03	0.02	0.025	0.025	0.025
0.215	0.13	0.14	0.21	0.105	0.1	0.035	0	0.01	0.01	0.015	0.03
0.1	0.47	0.09	0.055	0.115	0.045	0.085	0.01	0	0.005	0.005	0.02
0.195	0.215	0.34	0.095	0.04	0.045	0.035	0.015	0.005	0	0	0.015
0.005	0.385	0.24	0.235	0.045	0.02	0.025	0.01	0.025	0	0.005	0.005
0.155	0.03	0.425	0.135	0.15	0.01	0.02	0.01	0.015	0.04	0	0.01
0.085	0.365	0.035	0.28	0.095	0.095	0.01	0.01	0	0.01	0.01	0.005
#######LANDINGS DATA#######
1
30
161.411104071839	459.266082862692	740.81609631312	953.64694494966	737.941705684329	1276.6524750488	1235.74233376122	2441.60124777682	1331.70270796867	1574.36510536137	1677.73289772889	1743.58166437563	1248.04229241827	1784.40982782243	1860.7629782705	1635.20766631614	2990.32351472992	2133.97146709863	1806.03985463444	1569.42301912901	1879.66286876799	1246.17372263231	1832.95907155706	1280.11249918769	1135.71372753183	989.923295143986	1040.64843536963	1471.98937297386	1081.72515310857	1484.63456461209
0.01	0.01	0.01	0.01	0.01	0.01	0.01	0.01	0.01	0.01	0.01	0.01	0.01	0.01	0.01	0.01	0.01	0.01	0.01	0.01	0.01	0.01	0.01	0.01	0.01	0.01	0.01	0.01	0.01	0.01
30
1	2	3	4	5	6	7	8	9	10	11	12	13	14	15	16	17	18	19	20	21	22	23	24	25	26	27	28	29	30
200	200	200	200	200	200	200	200	200	200	200	200	200	200	200	200	200	200	200	200	200	200	200	200	200	200	200	200	200	200
200	200	200	200	200	200	200	200	200	200	200	200	200	200	200	200	200	200	200	200	200	200	200	200	200	200	200	200	200	200
0.065	0.095	0.145	0.14	0.085	0.055	0.11	0.06	0.07	0.02	0.055	0.1
0.06	0.095	0.14	0.1	0.13	0.085	0.07	0.065	0.06	0.025	0.06	0.11
0.07	0.1	0.145	0.145	0.075	0.07	0.08	0.08	0.025	0.05	0.03	0.13
0.095	0.095	0.105	0.135	0.075	0.105	0.115	0.06	0.055	0.04	0.03	0.09
0.095	0.08	0.13	0.1	0.125	0.1	0.085	0.07	0.04	0.025	0.03	0.12
0.095	0.15	0.105	0.13	0.085	0.065	0.1	0.06	0.045	0.035	0.04	0.09
0.075	0.17	0.155	0.095	0.13	0.065	0.065	0.045	0.035	0.04	0.04	0.085
0.08	0.11	0.145	0.19	0.095	0.105	0.055	0.02	0.04	0.03	0.015	0.115
0.065	0.155	0.12	0.16	0.17	0.05	0.045	0.015	0.035	0.035	0.04	0.11
0.2	0.075	0.14	0.095	0.11	0.09	0.065	0.04	0.04	0.035	0.03	0.08
0.055	0.27	0.095	0.115	0.085	0.125	0.08	0.025	0.035	0.025	0.015	0.075
0.15	0.135	0.22	0.075	0.115	0.065	0.05	0.065	0.03	0.035	0.01	0.05
0.05	0.26	0.09	0.23	0.035	0.08	0.07	0.035	0.045	0.015	0.005	0.085
0.1	0.14	0.285	0.09	0.135	0.065	0.045	0.03	0.035	0.015	0.01	0.05
0.165	0.175	0.065	0.185	0.085	0.115	0.02	0.055	0.03	0.02	0.035	0.05
0.085	0.27	0.205	0.075	0.11	0.025	0.1	0.04	0.02	0.03	0.005	0.035
0.05	0.095	0.26	0.17	0.08	0.14	0.05	0.055	0.02	0.025	0.02	0.035
0.095	0.105	0.16	0.23	0.125	0.04	0.09	0.035	0.05	0.02	0.01	0.04
0.075	0.09	0.145	0.18	0.27	0.035	0.035	0.07	0.015	0.04	0	0.045
0.22	0.07	0.145	0.125	0.09	0.12	0.085	0.025	0.04	0.01	0.025	0.045
0.105	0.295	0.095	0.09	0.085	0.075	0.085	0.06	0.03	0.025	0	0.055
0.145	0.185	0.26	0.085	0.07	0.055	0.045	0.05	0.06	0.01	0.015	0.02
0.045	0.255	0.135	0.255	0.065	0.045	0.05	0.05	0.035	0.035	0.005	0.025
0.09	0.06	0.215	0.22	0.19	0.045	0.06	0.03	0.035	0.01	0.015	0.03
0.305	0.185	0.07	0.205	0.075	0.1	0.01	0.005	0.015	0.005	0.005	0.02
0.155	0.335	0.135	0.075	0.105	0.055	0.08	0.01	0.015	0.005	0.01	0.02
0.235	0.165	0.33	0.08	0.02	0.075	0.03	0.03	0.01	0.015	0	0.01
0.005	0.34	0.15	0.25	0.075	0.04	0.08	0.005	0.03	0.01	0	0.015
0.195	0.03	0.35	0.13	0.19	0.035	0.01	0.02	0.005	0.02	0.01	0.005
0.09	0.255	0.015	0.335	0.095	0.16	0.005	0.005	0.015	0	0.01	0.015
#######PARAMETER SECTION#######
800	400	1200	-4	800	-0.25	1
0.18	0.01	1	-4	0.18	-0.25	1
-1.36	-5	-0.001	-4	-1.36	-0.25	1
0.1	0.05	0.3	-4	0.1	-0.25	1
0.2	0.01	0.5	-4	0.2	-0.25	1
0.75	0.20001	1	-3	0.75	-0.25	1
13.815511	-1	200	1	13.815511	-0.25	1
0	-1	1	-4	0	-0.25	1
0.6	1e-04	1.2	-3	0.6	-0.25	1
0	-10	10	-6	0	-1	1
0	-10	10	-6	0	-1	1
2	0	12	2	2	-0.5	1
1	0	12	2	1	-0.5	1
2	0	12	-2	2	-0.5	1
1	0	12	-2	1	-0.5	1
1.5	0	12	2	1.5	-0.5	1
2	0	12	2	2	-0.5	1
-14.9744099368589	-30	5	1	-14.9744099368589	-1	1
1	0.1	2	-1	1	-1	1
-1.54399197800355	-10	1.39	1	-1.54399197800355	-1	1
#######DEV CONSTRAINTS and DEVS#######
-15	15	2
-15	15	2
-15	15	2
0	0	0	0	0	0	0	0	0	0	0	0	0	0	0	0	0	0	0	0	0	0	0	0	0	0	0	0	0	0
0	0	0	0	0	0	0	0	0	0	0	0	0	0	0	0	0	0	0	0	0	0	0	0	0	0	0	0	0	0
0	0	0	0	0	0	0	0	0	0	0
#######LIKELIHOOD WEIGHTS#######
1
1
1
1
0
1
0
0
0
#######MISCELLANEOUS STUFF SECTION#######
2.5e-08
3
0.5	0.5	0.5	0.5	0.5	0.5	0.5	0.5	0.5	0.5	0.5	0.5
0.0229773699100256	0.320821300824607	0.904650535100891	0.994779874306442	0.999738809680904	0.999986992871533	0.999999352405202	0.999999967758134	0.999999998394772	0.99999999992008	0.999999999996021	0.999999999999802
0.2	0.2	0.2	0.2	0.2	0.2	0.2	0.2	0.2	0.2	0.2	0.2
0
1
10
0.2
1
1	0	0	0	0	0	0	0	0	0	0	0
0	1	0	0	0	0	0	0	0	0	0	0
0	0	1	0	0	0	0	0	0	0	0	0
0	0	0	1	0	0	0	0	0	0	0	0
0	0	0	0	1	0	0	0	0	0	0	0
0	0	0	0	0	1	0	0	0	0	0	0
0	0	0	0	0	0	1	0	0	0	0	0
0	0	0	0	0	0	0	1	0	0	0	0
0	0	0	0	0	0	0	0	1	0	0	0
0	0	0	0	0	0	0	0	0	1	0	0
0	0	0	0	0	0	0	0	0	0	1	0
0	0	0	0	0	0	0	0	0	0	0	1
40
31
2
1
#######END OF DATA FILE#######
999
