# Number of parameters = 73  Objective function value = 26328.9  Maximum gradient component = 0.00336424
# sel_params[1]:
2.00000000000
# sel_params[2]:
1.00000000000
# log_Fmult_year1:
 -4.63395339251
# log_Fmult_devs:
 1.06347752439 0.508124813659 0.294954484093 -0.229575669644 0.597982528771 0.00511428241565 0.749306381661 -0.527534626975 0.184896981822 0.117636145585 0.0724911916283 -0.322479915905 0.365847149046 0.0775929859716 -0.119583653538 0.686688250366 -0.205780130547 -0.0101624444570 -0.0156558642756 0.332909852867 -0.339871197481 0.499404512231 -0.200424957339 -0.0238239751053 -0.108638116234 -0.0429122777343 0.321669231649 -0.275812310862 0.399778199038
# log_recruit_devs:
 0.0116073220808 0.190460620384 -0.0956330940373 -0.367465679195 0.247870595173 0.302834177743 -0.0365955796873 0.199742507357 -0.0941612834666 0.150617098016 0.0293531041446 -0.0788090277528 -0.135069342866 0.0470420971124 -0.113611012398 0.123272196776 0.124799204627 -0.367644415475 -0.0120694490147 -0.232616641811 0.113545051346 0.133296255083 -0.0327522501980 -0.210518731531 0.116152519891 -0.216253741973 -0.176138507591 0.0833671531714 0.178973782936 0.116405071154
# log_N_year1_devs:
 0.0950896435629 -0.0471163077348 -0.0299318352174 -0.0658135883419 0.0934005472332 0.00911180168157 -0.366851900699 0.0145222617979 -0.265521795095 0.0798369853450 -0.238258471127
# log_q_year1:
 -7.96149937665
# log_q_devs:
 0.00000000000 0.00000000000 0.00000000000 0.00000000000 0.00000000000 0.00000000000 0.00000000000 0.00000000000 0.00000000000 0.00000000000 0.00000000000 0.00000000000 0.00000000000 0.00000000000 0.00000000000 0.00000000000 0.00000000000 0.00000000000 0.00000000000 0.00000000000 0.00000000000 0.00000000000 0.00000000000 0.00000000000 0.00000000000 0.00000000000 0.00000000000 0.00000000000 0.00000000000
# index_sel_params[1]:
1.50000000000
# index_sel_params[2]:
0.500000000000
# log_SR_scaler:
6.92176228973
# SR_steepness:
0.750000000000
