# Number of parameters = 73  Objective function value = 26330.1  Maximum gradient component = 0.00161914
# sel_params[1]:
2.00000000000
# sel_params[2]:
1.00000000000
# log_Fmult_year1:
 -4.62264902202
# log_Fmult_devs:
 1.07444349034 0.507166339145 0.304259802503 -0.235438775062 0.575016986354 0.0105535228449 0.744622106484 -0.532305052963 0.194194548327 0.125809289483 0.0615348873941 -0.310723637841 0.373124828865 0.0706122371745 -0.101525820745 0.657296577481 -0.196446740812 -0.0200384257154 -0.0487500681856 0.317241938386 -0.327296634496 0.477464041023 -0.206504480427 -0.00763029041735 -0.109555117493 -0.0276508449787 0.329847376626 -0.281363704985 0.391731520655
# log_recruit_devs:
 -0.0308572688762 0.200462717724 -0.0439906509610 -0.123927931972 0.354357513941 0.174476493382 -0.0272477690911 0.191635566554 -0.120905257202 0.0304423487022 0.0554227083449 -0.151683720739 -0.125487060835 0.0411537411220 -0.148793742577 0.213072008682 0.184248167064 -0.116306485235 -0.0797927413968 -0.329018696526 0.134576047132 0.156207091327 -0.175725802464 -0.220909543830 0.0649172218653 -0.295235155601 -0.138084659148 0.132833874928 0.206061996157 -0.0119010104715
# log_N_year1_devs:
 -0.00839002306718 -0.185526996113 -0.0778823114453 -0.0812689417095 0.112359563339 -0.162827377539 -0.0383990177696 -0.101151241526 0.104822806070 -0.491916310789 -0.187234599174
# log_q_year1:
 -7.95235689826
# log_q_devs:
 0.00000000000 0.00000000000 0.00000000000 0.00000000000 0.00000000000 0.00000000000 0.00000000000 0.00000000000 0.00000000000 0.00000000000 0.00000000000 0.00000000000 0.00000000000 0.00000000000 0.00000000000 0.00000000000 0.00000000000 0.00000000000 0.00000000000 0.00000000000 0.00000000000 0.00000000000 0.00000000000 0.00000000000 0.00000000000 0.00000000000 0.00000000000 0.00000000000 0.00000000000
# index_sel_params[1]:
1.50000000000
# index_sel_params[2]:
0.500000000000
# log_SR_scaler:
6.92774946262
# SR_steepness:
0.750000000000
