#######GENERAL HEADER INPUT#######
1
30
1
30
1
30
30
12
1	2	3	4	5	6	7	8	9	10	11	12
12
1	2	3	4	5	6	7	8	9	10	11	12
1
101
1
1
#######SURVEY DATA#######
30
1	2	3	4	5	6	7	8	9	10	11	12	13	14	15	16	17	18	19	20	21	22	23	24	25	26	27	28	29	30
1.47905112667785	1.50319476672716	1.47165825163943	1.8258841397531	1.34535333113257	1.53777870057606	1.48275048986172	1.67348902099708	1.28424880723709	1.0511072045832	1.23859368809925	1.13405608960934	1.2072859551373	0.923580646397326	0.904029063585591	0.910884327565244	0.98807528465678	0.829853872273966	0.744120309975035	0.891720087354755	0.666710216768237	0.661235421010295	0.746819774036497	0.594679471048006	0.467880888918868	0.49527755444492	0.561520673963356	0.476033655667765	0.551240539777681	0.527032566530142
0.2	0.2	0.2	0.2	0.2	0.2	0.2	0.2	0.2	0.2	0.2	0.2	0.2	0.2	0.2	0.2	0.2	0.2	0.2	0.2	0.2	0.2	0.2	0.2	0.2	0.2	0.2	0.2	0.2	0.2
30
1	2	3	4	5	6	7	8	9	10	11	12	13	14	15	16	17	18	19	20	21	22	23	24	25	26	27	28	29	30
200	200	200	200	200	200	200	200	200	200	200	200	200	200	200	200	200	200	200	200	200	200	200	200	200	200	200	200	200	200
200	200	200	200	200	200	200	200	200	200	200	200	200	200	200	200	200	200	200	200	200	200	200	200	200	200	200	200	200	200
0.085	0.125	0.135	0.12	0.08	0.105	0.065	0.05	0.025	0.04	0.035	0.135
0.1	0.155	0.12	0.115	0.115	0.095	0.06	0.04	0.035	0.035	0.02	0.11
0.055	0.21	0.16	0.12	0.095	0.06	0.04	0.045	0.045	0.045	0.015	0.11
0.055	0.145	0.175	0.15	0.06	0.07	0.03	0.065	0.01	0.045	0.04	0.155
0.07	0.14	0.13	0.145	0.1	0.075	0.07	0.085	0.035	0.01	0.03	0.11
0.08	0.22	0.08	0.095	0.125	0.11	0.075	0.065	0.03	0.035	0.01	0.075
0.035	0.155	0.235	0.08	0.08	0.08	0.085	0.055	0.03	0.035	0.005	0.125
0.085	0.165	0.125	0.155	0.085	0.085	0.06	0.045	0.045	0.025	0.03	0.095
0.065	0.19	0.14	0.15	0.13	0.03	0.065	0.045	0.03	0.015	0.02	0.12
0.06	0.185	0.23	0.12	0.115	0.11	0.04	0.015	0.025	0.02	0.04	0.04
0.075	0.2	0.135	0.19	0.115	0.08	0.05	0.02	0.02	0.04	0.025	0.05
0.09	0.18	0.15	0.09	0.145	0.045	0.085	0.05	0.03	0.015	0.045	0.075
0.075	0.155	0.225	0.15	0.095	0.04	0.06	0.05	0.035	0.025	0.015	0.075
0.07	0.19	0.135	0.15	0.135	0.095	0.04	0.04	0.035	0.025	0.01	0.075
0.075	0.235	0.155	0.15	0.105	0.07	0.05	0.03	0.025	0.03	0.02	0.055
0.105	0.225	0.165	0.145	0.085	0.06	0.055	0.055	0.015	0.02	0.015	0.055
0.12	0.195	0.195	0.135	0.11	0.045	0.04	0.06	0.025	0.025	0.015	0.035
0.045	0.305	0.215	0.135	0.1	0.045	0.035	0.035	0.01	0.01	0.03	0.035
0.095	0.195	0.19	0.2	0.095	0.07	0.065	0.045	0.015	0.005	0.005	0.02
0.1	0.19	0.16	0.185	0.095	0.085	0.07	0.02	0.02	0.01	0.025	0.04
0.16	0.18	0.175	0.18	0.105	0.06	0.035	0.035	0.015	0.01	0.02	0.025
0.13	0.34	0.12	0.11	0.055	0.095	0.04	0.02	0.04	0.01	0.015	0.025
0.09	0.21	0.21	0.115	0.1	0.06	0.08	0.055	0.035	0.02	0.01	0.015
0.105	0.255	0.225	0.2	0.065	0.05	0.02	0.05	0.015	0.005	0.005	0.005
0.085	0.23	0.235	0.175	0.11	0.04	0.04	0.035	0.01	0.01	0.01	0.02
0.075	0.325	0.13	0.12	0.17	0.07	0.025	0.03	0.005	0.02	0.005	0.025
0.125	0.21	0.28	0.135	0.12	0.06	0.02	0.01	0.015	0	0.015	0.01
0.185	0.255	0.225	0.12	0.065	0.03	0.035	0.035	0.035	0	0.005	0.01
0.2	0.28	0.16	0.125	0.11	0.035	0.02	0.025	0.02	0.005	0.02	0
0.11	0.345	0.27	0.11	0.05	0.075	0.015	0.005	0	0.005	0.01	0.005
#######LANDINGS DATA#######
1
30
161.047609564353	466.669147622592	758.454033772797	989.937794716518	758.770629844778	1331.80914286776	1291.92605558999	2491.17713956634	1333.72635126283	1528.30590764749	1621.84435531651	1608.41984896271	1102.52818963497	1536.93037364834	1511.73986564794	1271.08182563092	2238.14445119118	1612.55635827131	1456.83040405338	1307.0083583087	1635.87104714463	1088.12441950021	1627.05962685572	1210.16544704482	1119.14693635257	977.682589072433	930.784192125816	1208.74750716874	868.400599388257	1268.04594622338
0.01	0.01	0.01	0.01	0.01	0.01	0.01	0.01	0.01	0.01	0.01	0.01	0.01	0.01	0.01	0.01	0.01	0.01	0.01	0.01	0.01	0.01	0.01	0.01	0.01	0.01	0.01	0.01	0.01	0.01
30
1	2	3	4	5	6	7	8	9	10	11	12	13	14	15	16	17	18	19	20	21	22	23	24	25	26	27	28	29	30
200	200	200	200	200	200	200	200	200	200	200	200	200	200	200	200	200	200	200	200	200	200	200	200	200	200	200	200	200	200
200	200	200	200	200	200	200	200	200	200	200	200	200	200	200	200	200	200	200	200	200	200	200	200	200	200	200	200	200	200
0.035	0.14	0.11	0.065	0.075	0.125	0.045	0.095	0.08	0.05	0.01	0.17
0.06	0.105	0.085	0.13	0.11	0.11	0.085	0.065	0.035	0.04	0.03	0.145
0.065	0.145	0.13	0.125	0.105	0.075	0.06	0.035	0.045	0.085	0.015	0.115
0.05	0.085	0.125	0.115	0.08	0.1	0.11	0.09	0.045	0.04	0.045	0.115
0.1	0.08	0.125	0.175	0.08	0.085	0.065	0.05	0.045	0.06	0.025	0.11
0.09	0.165	0.095	0.14	0.12	0.035	0.105	0.045	0.025	0.035	0.035	0.11
0.075	0.17	0.18	0.095	0.095	0.095	0.065	0.05	0.035	0.03	0.02	0.09
0.105	0.09	0.13	0.17	0.075	0.075	0.095	0.035	0.035	0.025	0.025	0.14
0.075	0.155	0.13	0.115	0.155	0.05	0.05	0.065	0.03	0.02	0.03	0.125
0.09	0.115	0.19	0.15	0.11	0.1	0.035	0.03	0.04	0.035	0.02	0.085
0.08	0.13	0.11	0.165	0.085	0.08	0.095	0.04	0.015	0.055	0.03	0.115
0.055	0.155	0.18	0.125	0.14	0.06	0.06	0.06	0.025	0.03	0.03	0.08
0.09	0.115	0.14	0.205	0.09	0.105	0.06	0.075	0.035	0.01	0.025	0.05
0.075	0.115	0.205	0.19	0.135	0.07	0.045	0.04	0.04	0.02	0	0.065
0.09	0.205	0.175	0.115	0.1	0.095	0.055	0.055	0.035	0.01	0.025	0.04
0.125	0.165	0.165	0.125	0.085	0.12	0.045	0.035	0.035	0.025	0.025	0.05
0.1	0.16	0.18	0.155	0.13	0.06	0.045	0.05	0.03	0.02	0.005	0.065
0.08	0.135	0.245	0.14	0.125	0.035	0.055	0.065	0.035	0.035	0	0.05
0.095	0.12	0.24	0.175	0.125	0.085	0.015	0.03	0.035	0.035	0.015	0.03
0.1	0.14	0.21	0.13	0.155	0.07	0.06	0.055	0.015	0.015	0.02	0.03
0.12	0.245	0.195	0.095	0.165	0.07	0.02	0.035	0.01	0.005	0.02	0.02
0.165	0.195	0.16	0.17	0.09	0.05	0.04	0.04	0.055	0.005	0.02	0.01
0.13	0.21	0.245	0.125	0.105	0.08	0.03	0.045	0.005	0.005	0	0.02
0.06	0.235	0.23	0.18	0.065	0.07	0.035	0.045	0.04	0.015	0.015	0.01
0.19	0.235	0.16	0.16	0.11	0.025	0.03	0.015	0.02	0.015	0.005	0.035
0.095	0.205	0.19	0.17	0.13	0.09	0.03	0.045	0.03	0.005	0.005	0.005
0.185	0.2	0.235	0.15	0.065	0.06	0.025	0.04	0.015	0	0.005	0.02
0.15	0.19	0.195	0.19	0.12	0.045	0.045	0.02	0.01	0.01	0.005	0.02
0.19	0.26	0.175	0.105	0.12	0.065	0.01	0.02	0.02	0.01	0.01	0.015
0.18	0.25	0.21	0.11	0.045	0.095	0.045	0.03	0.025	0	0	0.01
#######PARAMETER SECTION#######
800	400	1200	-4	800	-0.25	1
0.18	0.01	1	-4	0.18	-0.25	1
-1.36	-5	-0.001	-4	-1.36	-0.25	1
0.1	0.05	0.3	-4	0.1	-0.25	1
0.2	0.01	0.5	-4	0.2	-0.25	1
0.75	0.20001	1	-3	0.75	-0.25	1
13.815511	-1	200	1	13.815511	-0.25	1
0	-1	1	-4	0	-0.25	1
0.2	1e-04	1.2	-3	0.2	-0.25	1
0	-10	10	-6	0	-1	1
0	-10	10	-6	0	-1	1
2	0	12	-2	2	-0.5	1
1	0	12	-2	1	-0.5	1
2	0	12	-2	2	-0.5	1
1	0	12	-2	1	-0.5	1
1.5	0	12	-2	1.5	-0.5	1
2	0	12	-2	2	-0.5	1
-14.8682006803499	-30	5	1	-14.8682006803499	-1	1
1	0.1	2	-1	1	-1	1
-1.51930887058023	-10	1.39	1	-1.51930887058023	-1	1
#######DEV CONSTRAINTS and DEVS#######
-15	15	2
-15	15	2
-15	15	2
0	0	0	0	0	0	0	0	0	0	0	0	0	0	0	0	0	0	0	0	0	0	0	0	0	0	0	0	0	0
0	0	0	0	0	0	0	0	0	0	0	0	0	0	0	0	0	0	0	0	0	0	0	0	0	0	0	0	0	0
0	0	0	0	0	0	0	0	0	0	0
#######LIKELIHOOD WEIGHTS#######
1
1
1
1
0
1
0
0
0
#######MISCELLANEOUS STUFF SECTION#######
2.5e-08
3
0.5	0.5	0.5	0.5	0.5	0.5	0.5	0.5	0.5	0.5	0.5	0.5
0.0229773699100256	0.320821300824607	0.904650535100891	0.994779874306442	0.999738809680904	0.999986992871533	0.999999352405202	0.999999967758134	0.999999998394772	0.99999999992008	0.999999999996021	0.999999999999802
0.2	0.2	0.2	0.2	0.2	0.2	0.2	0.2	0.2	0.2	0.2	0.2
0
1
10
0.2
1
1	0	0	0	0	0	0	0	0	0	0	0
0	1	0	0	0	0	0	0	0	0	0	0
0	0	1	0	0	0	0	0	0	0	0	0
0	0	0	1	0	0	0	0	0	0	0	0
0	0	0	0	1	0	0	0	0	0	0	0
0	0	0	0	0	1	0	0	0	0	0	0
0	0	0	0	0	0	1	0	0	0	0	0
0	0	0	0	0	0	0	1	0	0	0	0
0	0	0	0	0	0	0	0	1	0	0	0
0	0	0	0	0	0	0	0	0	1	0	0
0	0	0	0	0	0	0	0	0	0	1	0
0	0	0	0	0	0	0	0	0	0	0	1
40
31
2
1
#######END OF DATA FILE#######
999
