# Number of parameters = 73  Objective function value = 26364.6  Maximum gradient component = 0.00193438
# sel_params[1]:
2.00000000000
# sel_params[2]:
1.00000000000
# log_Fmult_year1:
 -4.66063059539
# log_Fmult_devs:
 1.06050188213 0.510534067586 0.287477275830 -0.218536724619 0.574947181078 0.0144754149615 0.747662172985 -0.523877280295 0.199122972579 0.130060185917 0.0827119430359 -0.323340655438 0.371783472338 0.0744083546814 -0.105677594909 0.668041020855 -0.206623008178 -0.0196234286552 -0.00475620493535 0.315853701952 -0.311233785606 0.516144951147 -0.201292783962 -0.00853656379125 -0.0996578661843 -0.0362387784315 0.310699242613 -0.275580132540 0.420826927069
# log_recruit_devs:
 0.0808378337364 0.275543341574 -0.0415122573494 -0.150438323043 0.321762934081 0.195414592064 -0.106926105303 0.0427747933299 -0.0360931401731 0.0184848606880 0.100193078450 -0.122763158403 -0.0573588104040 0.00644113885645 -0.0392557967772 0.194351691354 0.00535628904550 -0.195620914761 -0.0455311317922 -0.280226406049 0.0643086532795 0.0800516657978 -0.0842674477964 -0.173309033778 0.116874302092 -0.209481936057 -0.00423459898636 0.111335142060 0.0692102341321 -0.135921489869
# log_N_year1_devs:
 -0.0300593539035 0.0592083595209 -0.0123299446664 -0.124990749079 -0.0340727607061 0.0311507352537 0.119088435976 -0.326692628901 0.0170279207720 -0.207088765236 -0.105197709522
# log_q_year1:
 -7.99388428148
# log_q_devs:
 0.00000000000 0.00000000000 0.00000000000 0.00000000000 0.00000000000 0.00000000000 0.00000000000 0.00000000000 0.00000000000 0.00000000000 0.00000000000 0.00000000000 0.00000000000 0.00000000000 0.00000000000 0.00000000000 0.00000000000 0.00000000000 0.00000000000 0.00000000000 0.00000000000 0.00000000000 0.00000000000 0.00000000000 0.00000000000 0.00000000000 0.00000000000 0.00000000000 0.00000000000
# index_sel_params[1]:
1.50000000000
# index_sel_params[2]:
0.500000000000
# log_SR_scaler:
6.91445413239
# SR_steepness:
0.750000000000
