# Number of parameters = 73  Objective function value = 26416.0  Maximum gradient component = 0.00480442
# sel_params[1]:
2.00000000000
# sel_params[2]:
1.00000000000
# log_Fmult_year1:
 -4.63668425518
# log_Fmult_devs:
 1.06361949950 0.500259794971 0.309093321794 -0.237364412556 0.589293473274 0.0318651425678 0.744011234729 -0.535220786827 0.218256688311 0.123135922402 0.0652779858673 -0.320484871721 0.358174801800 0.0580632706402 -0.110545195807 0.671149023161 -0.208954600055 -0.0250732884866 -0.0233932183883 0.313073950767 -0.333668719306 0.488307631059 -0.207434470781 -0.00556208986004 -0.107061384786 -0.0277552513007 0.327607221840 -0.297718316004 0.399311124848
# log_recruit_devs:
 -0.00159606245928 0.215601169813 -0.0343968793857 -0.286297301481 0.267089292297 0.198157071862 -0.0626023508750 0.0580932557876 -0.0323363373188 0.0831123625396 0.0686344320356 -0.0427412001570 0.00890880015337 0.0182288367397 -0.124726058349 0.168902048307 0.168517562024 -0.136957152188 -0.190842112680 -0.198292151408 0.186895233941 0.136089787035 -0.170954660316 -0.246204442342 0.0835014078191 -0.328188713646 -0.107005256168 0.193705878147 0.219994663516 -0.112291123241
# log_N_year1_devs:
 -0.0433648873016 -0.0231212048116 -0.0434045075959 0.158335977156 0.00896463285283 -0.115736936015 -0.165736278504 -0.184600575180 -0.345039578160 -0.145089913513 -0.112341045043
# log_q_year1:
 -7.97621424414
# log_q_devs:
 0.00000000000 0.00000000000 0.00000000000 0.00000000000 0.00000000000 0.00000000000 0.00000000000 0.00000000000 0.00000000000 0.00000000000 0.00000000000 0.00000000000 0.00000000000 0.00000000000 0.00000000000 0.00000000000 0.00000000000 0.00000000000 0.00000000000 0.00000000000 0.00000000000 0.00000000000 0.00000000000 0.00000000000 0.00000000000 0.00000000000 0.00000000000 0.00000000000 0.00000000000
# index_sel_params[1]:
1.50000000000
# index_sel_params[2]:
0.500000000000
# log_SR_scaler:
6.91893364522
# SR_steepness:
0.750000000000
