#######GENERAL HEADER INPUT#######
1
30
1
30
1
30
30
12
1	2	3	4	5	6	7	8	9	10	11	12
12
1	2	3	4	5	6	7	8	9	10	11	12
1
101
1
1
#######SURVEY DATA#######
30
1	2	3	4	5	6	7	8	9	10	11	12	13	14	15	16	17	18	19	20	21	22	23	24	25	26	27	28	29	30
1.53127212626302	1.49322408198471	1.5673061075758	1.42218427516434	1.35668839004264	1.53505260823731	1.33190561430565	1.33097956730697	1.30620095023482	1.05534187232482	1.12352052670702	1.09931073299584	1.05831732350502	1.15419748059671	1.08512528798309	0.92363032360123	0.966591598467168	0.806484217915063	0.869225770445508	0.613371897886409	0.655537962442745	0.717554372937037	0.715605236411302	0.662881821694462	0.567478936829484	0.535577050031293	0.550659700927419	0.515915501620147	0.579843806218961	0.4918322300857
0.2	0.2	0.2	0.2	0.2	0.2	0.2	0.2	0.2	0.2	0.2	0.2	0.2	0.2	0.2	0.2	0.2	0.2	0.2	0.2	0.2	0.2	0.2	0.2	0.2	0.2	0.2	0.2	0.2	0.2
30
1	2	3	4	5	6	7	8	9	10	11	12	13	14	15	16	17	18	19	20	21	22	23	24	25	26	27	28	29	30
200	200	200	200	200	200	200	200	200	200	200	200	200	200	200	200	200	200	200	200	200	200	200	200	200	200	200	200	200	200
200	200	200	200	200	200	200	200	200	200	200	200	200	200	200	200	200	200	200	200	200	200	200	200	200	200	200	200	200	200
0.06	0.155	0.13	0.135	0.085	0.075	0.085	0.035	0.05	0.04	0.02	0.13
0.04	0.11	0.19	0.145	0.125	0.05	0.065	0.04	0.015	0.03	0.025	0.165
0.045	0.155	0.125	0.125	0.15	0.09	0.05	0.055	0.03	0.02	0.035	0.12
0.03	0.11	0.225	0.14	0.09	0.07	0.055	0.05	0.055	0.03	0.03	0.115
0.08	0.095	0.14	0.14	0.11	0.095	0.04	0.05	0.055	0.03	0.025	0.14
0.055	0.16	0.135	0.1	0.105	0.1	0.055	0.07	0.04	0.02	0.025	0.135
0.04	0.165	0.21	0.08	0.115	0.12	0.055	0.04	0.035	0.025	0.02	0.095
0.07	0.11	0.22	0.235	0.065	0.04	0.055	0.015	0.045	0.055	0.01	0.08
0.065	0.205	0.175	0.14	0.09	0.07	0.06	0.045	0.035	0.02	0.005	0.09
0.065	0.165	0.165	0.13	0.105	0.065	0.07	0.035	0.05	0.02	0.015	0.115
0.08	0.145	0.115	0.14	0.12	0.08	0.105	0.03	0.025	0.04	0.015	0.105
0.07	0.15	0.165	0.15	0.115	0.12	0.065	0.035	0.03	0.025	0.015	0.06
0.045	0.165	0.255	0.14	0.105	0.06	0.035	0.055	0.055	0.025	0.005	0.055
0.09	0.18	0.15	0.145	0.145	0.085	0.04	0.02	0.025	0.035	0.01	0.075
0.08	0.255	0.245	0.07	0.09	0.055	0.03	0.055	0.035	0	0.04	0.045
0.115	0.21	0.14	0.135	0.105	0.125	0.04	0.02	0.035	0.025	0.015	0.035
0.11	0.21	0.165	0.14	0.135	0.075	0.03	0.015	0.035	0.03	0.01	0.045
0.055	0.215	0.195	0.15	0.12	0.075	0.05	0.035	0.045	0.015	0.01	0.035
0.1	0.185	0.2	0.135	0.06	0.09	0.07	0.065	0.005	0.035	0.005	0.05
0.1	0.25	0.16	0.13	0.11	0.055	0.045	0.055	0.03	0.025	0.01	0.03
0.16	0.175	0.215	0.085	0.12	0.075	0.045	0.05	0.025	0.005	0.015	0.03
0.11	0.26	0.165	0.135	0.085	0.1	0.065	0.025	0.005	0.015	0	0.035
0.1	0.245	0.265	0.095	0.11	0.065	0.035	0.025	0.015	0.025	0.005	0.015
0.1	0.26	0.235	0.2	0.065	0.065	0.02	0.025	0.005	0	0	0.025
0.17	0.185	0.195	0.13	0.165	0.075	0.02	0.03	0.02	0	0	0.01
0.105	0.27	0.22	0.13	0.1	0.075	0.03	0.035	0.015	0.01	0	0.01
0.15	0.195	0.25	0.09	0.105	0.085	0.055	0.01	0.005	0.01	0.005	0.04
0.15	0.235	0.165	0.19	0.055	0.07	0.06	0.035	0.01	0.015	0.01	0.005
0.165	0.27	0.245	0.105	0.11	0.03	0.02	0.02	0.015	0.015	0	0.005
0.125	0.325	0.26	0.1	0.06	0.07	0.025	0	0.01	0.01	0	0.015
#######LANDINGS DATA#######
1
30
161.789601312228	467.754761929755	762.292150067531	1004.64487941455	773.227463612331	1323.13136121925	1275.57004876268	2502.52297901533	1319.22576025556	1524.99224412789	1624.43927473495	1608.88704210251	1103.64977037491	1531.5180058559	1490.88702183007	1272.65132089236	2254.64660104979	1609.63115088534	1462.55545577984	1309.94439527418	1632.79614082178	1077.63822703867	1641.22268355218	1189.74168378463	1108.89747024274	971.20859823874	928.61388716381	1208.66277643603	874.096615024248	1285.24192123042
0.01	0.01	0.01	0.01	0.01	0.01	0.01	0.01	0.01	0.01	0.01	0.01	0.01	0.01	0.01	0.01	0.01	0.01	0.01	0.01	0.01	0.01	0.01	0.01	0.01	0.01	0.01	0.01	0.01	0.01
30
1	2	3	4	5	6	7	8	9	10	11	12	13	14	15	16	17	18	19	20	21	22	23	24	25	26	27	28	29	30
200	200	200	200	200	200	200	200	200	200	200	200	200	200	200	200	200	200	200	200	200	200	200	200	200	200	200	200	200	200
200	200	200	200	200	200	200	200	200	200	200	200	200	200	200	200	200	200	200	200	200	200	200	200	200	200	200	200	200	200
0.1	0.125	0.11	0.12	0.11	0.075	0.065	0.05	0.065	0.05	0.015	0.115
0.07	0.095	0.15	0.105	0.13	0.085	0.06	0.035	0.05	0.035	0.03	0.155
0.035	0.16	0.11	0.175	0.09	0.08	0.1	0.055	0.025	0.02	0.04	0.11
0.06	0.08	0.18	0.155	0.1	0.095	0.07	0.065	0.05	0.035	0.03	0.08
0.11	0.08	0.115	0.16	0.08	0.1	0.055	0.06	0.05	0.055	0.03	0.105
0.11	0.13	0.095	0.115	0.13	0.085	0.04	0.06	0.05	0.03	0.015	0.14
0.065	0.145	0.19	0.155	0.1	0.095	0.065	0.035	0.02	0.015	0.015	0.1
0.085	0.095	0.185	0.205	0.065	0.065	0.05	0.04	0.04	0.02	0.05	0.1
0.09	0.185	0.09	0.12	0.13	0.085	0.05	0.06	0.04	0.03	0.055	0.065
0.105	0.095	0.175	0.14	0.13	0.085	0.045	0.04	0.045	0.02	0.02	0.1
0.08	0.14	0.13	0.15	0.145	0.095	0.095	0.03	0.015	0.015	0.025	0.08
0.085	0.1	0.14	0.175	0.125	0.1	0.06	0.07	0.02	0.03	0.03	0.065
0.05	0.125	0.165	0.155	0.14	0.08	0.065	0.055	0.035	0.02	0.02	0.09
0.1	0.165	0.12	0.155	0.09	0.08	0.085	0.05	0.05	0.025	0.015	0.065
0.075	0.17	0.18	0.12	0.11	0.14	0.07	0.04	0.01	0.045	0.005	0.035
0.1	0.21	0.135	0.15	0.08	0.07	0.075	0.06	0.04	0.01	0.03	0.04
0.115	0.145	0.185	0.185	0.095	0.075	0.045	0.04	0.045	0.02	0	0.05
0.085	0.19	0.225	0.11	0.155	0.05	0.03	0.02	0.05	0.03	0.015	0.04
0.125	0.11	0.21	0.2	0.105	0.055	0.035	0.07	0.03	0.005	0.015	0.04
0.07	0.17	0.16	0.175	0.135	0.08	0.105	0.01	0.04	0.015	0.01	0.03
0.155	0.17	0.2	0.095	0.14	0.09	0.04	0.025	0.005	0.025	0.02	0.035
0.16	0.27	0.16	0.16	0.06	0.075	0.02	0.03	0.015	0.02	0.005	0.025
0.115	0.285	0.24	0.105	0.075	0.05	0.055	0.025	0.02	0.01	0	0.02
0.11	0.21	0.205	0.19	0.1	0.045	0.065	0.025	0.025	0	0.01	0.015
0.12	0.18	0.195	0.17	0.15	0.075	0.025	0.03	0.03	0	0.01	0.015
0.155	0.27	0.155	0.14	0.085	0.065	0.045	0.055	0.015	0.01	0	0.005
0.14	0.125	0.275	0.19	0.1	0.055	0.055	0.025	0.015	0.005	0.005	0.01
0.215	0.19	0.16	0.175	0.075	0.07	0.03	0.065	0	0	0	0.02
0.2	0.22	0.155	0.15	0.105	0.05	0.06	0.005	0.03	0.015	0.005	0.005
0.175	0.205	0.265	0.15	0.05	0.085	0.025	0.015	0.015	0.015	0	0
#######PARAMETER SECTION#######
800	400	1200	-4	800	-0.25	1
0.18	0.01	1	-4	0.18	-0.25	1
-1.36	-5	-0.001	-4	-1.36	-0.25	1
0.1	0.05	0.3	-4	0.1	-0.25	1
0.2	0.01	0.5	-4	0.2	-0.25	1
0.75	0.20001	1	-3	0.75	-0.25	1
13.815511	-1	200	1	13.815511	-0.25	1
0	-1	1	-4	0	-0.25	1
0.2	1e-04	1.2	-3	0.2	-0.25	1
0	-10	10	-6	0	-1	1
0	-10	10	-6	0	-1	1
2	0	12	-2	2	-0.5	1
1	0	12	-2	1	-0.5	1
2	0	12	-2	2	-0.5	1
1	0	12	-2	1	-0.5	1
1.5	0	12	-2	1.5	-0.5	1
2	0	12	-2	2	-0.5	1
-14.8682006803499	-30	5	1	-14.8682006803499	-1	1
1	0.1	2	-1	1	-1	1
-1.51930887058023	-10	1.39	1	-1.51930887058023	-1	1
#######DEV CONSTRAINTS and DEVS#######
-15	15	2
-15	15	2
-15	15	2
0	0	0	0	0	0	0	0	0	0	0	0	0	0	0	0	0	0	0	0	0	0	0	0	0	0	0	0	0	0
0	0	0	0	0	0	0	0	0	0	0	0	0	0	0	0	0	0	0	0	0	0	0	0	0	0	0	0	0	0
0	0	0	0	0	0	0	0	0	0	0
#######LIKELIHOOD WEIGHTS#######
1
1
1
1
0
1
0
0
0
#######MISCELLANEOUS STUFF SECTION#######
2.5e-08
3
0.5	0.5	0.5	0.5	0.5	0.5	0.5	0.5	0.5	0.5	0.5	0.5
0.0229773699100256	0.320821300824607	0.904650535100891	0.994779874306442	0.999738809680904	0.999986992871533	0.999999352405202	0.999999967758134	0.999999998394772	0.99999999992008	0.999999999996021	0.999999999999802
0.2	0.2	0.2	0.2	0.2	0.2	0.2	0.2	0.2	0.2	0.2	0.2
0
1
10
0.2
1
1	0	0	0	0	0	0	0	0	0	0	0
0	1	0	0	0	0	0	0	0	0	0	0
0	0	1	0	0	0	0	0	0	0	0	0
0	0	0	1	0	0	0	0	0	0	0	0
0	0	0	0	1	0	0	0	0	0	0	0
0	0	0	0	0	1	0	0	0	0	0	0
0	0	0	0	0	0	1	0	0	0	0	0
0	0	0	0	0	0	0	1	0	0	0	0
0	0	0	0	0	0	0	0	1	0	0	0
0	0	0	0	0	0	0	0	0	1	0	0
0	0	0	0	0	0	0	0	0	0	1	0
0	0	0	0	0	0	0	0	0	0	0	1
40
31
2
1
#######END OF DATA FILE#######
999
