#######GENERAL HEADER INPUT#######
1
30
1
30
1
30
30
12
1	2	3	4	5	6	7	8	9	10	11	12
12
1	2	3	4	5	6	7	8	9	10	11	12
1
101
1
1
#######SURVEY DATA#######
30
1	2	3	4	5	6	7	8	9	10	11	12	13	14	15	16	17	18	19	20	21	22	23	24	25	26	27	28	29	30
1.28801912818999	1.90844301649109	1.5577174240246	1.43787454398512	1.14329319794221	1.47916491639771	1.23137206975895	1.38060902113156	1.21438208588128	1.2856319154775	1.13347247688149	1.00746366864855	0.943823787335046	1.06393909367968	1.10076008120154	0.916516914625295	0.877827433985131	0.805876208497237	0.733080990471611	0.781219922926768	0.74754337004258	0.632643819541839	0.714235232654747	0.603137831601424	0.592135775530948	0.530227751509796	0.544907679787539	0.488706458399675	0.530597894476051	0.575653556222262
0.2	0.2	0.2	0.2	0.2	0.2	0.2	0.2	0.2	0.2	0.2	0.2	0.2	0.2	0.2	0.2	0.2	0.2	0.2	0.2	0.2	0.2	0.2	0.2	0.2	0.2	0.2	0.2	0.2	0.2
30
1	2	3	4	5	6	7	8	9	10	11	12	13	14	15	16	17	18	19	20	21	22	23	24	25	26	27	28	29	30
200	200	200	200	200	200	200	200	200	200	200	200	200	200	200	200	200	200	200	200	200	200	200	200	200	200	200	200	200	200
200	200	200	200	200	200	200	200	200	200	200	200	200	200	200	200	200	200	200	200	200	200	200	200	200	200	200	200	200	200
0.045	0.17	0.125	0.09	0.145	0.115	0.04	0.04	0.035	0.025	0.045	0.125
0.1	0.15	0.135	0.11	0.15	0.07	0.045	0.035	0.035	0.045	0.02	0.105
0.055	0.16	0.135	0.12	0.12	0.06	0.035	0.04	0.05	0.035	0.045	0.145
0.055	0.125	0.145	0.12	0.125	0.07	0.075	0.085	0.055	0.02	0.05	0.075
0.11	0.145	0.145	0.12	0.11	0.075	0.025	0.035	0.06	0.025	0.025	0.125
0.07	0.195	0.11	0.06	0.13	0.1	0.045	0.075	0.035	0.025	0.03	0.125
0.075	0.15	0.195	0.085	0.085	0.105	0.05	0.05	0.045	0.03	0.025	0.105
0.055	0.13	0.215	0.195	0.06	0.055	0.06	0.065	0.02	0.035	0.015	0.095
0.08	0.195	0.135	0.105	0.185	0.04	0.03	0.03	0.055	0.03	0.035	0.08
0.085	0.185	0.18	0.095	0.145	0.05	0.01	0.04	0.025	0.015	0.02	0.15
0.065	0.195	0.18	0.185	0.07	0.11	0.07	0.02	0.01	0.02	0.005	0.07
0.045	0.21	0.175	0.12	0.125	0.105	0.06	0.06	0.005	0.01	0.02	0.065
0.065	0.155	0.2	0.185	0.125	0.04	0.045	0.045	0.03	0.015	0.02	0.075
0.08	0.215	0.135	0.15	0.105	0.05	0.07	0.03	0.045	0.055	0.015	0.05
0.095	0.21	0.175	0.095	0.11	0.1	0.045	0.075	0.02	0.015	0.01	0.05
0.1	0.17	0.185	0.135	0.1	0.065	0.075	0.06	0.035	0.02	0.025	0.03
0.13	0.25	0.165	0.14	0.105	0.045	0.045	0.02	0.02	0.03	0.005	0.045
0.045	0.23	0.235	0.105	0.105	0.095	0.055	0.035	0.025	0.005	0.02	0.045
0.13	0.17	0.165	0.17	0.14	0.075	0.03	0.025	0.015	0.015	0.01	0.055
0.1	0.215	0.13	0.215	0.135	0.06	0.03	0.04	0.015	0	0.015	0.045
0.17	0.13	0.225	0.12	0.12	0.08	0.03	0.035	0.025	0.01	0.02	0.035
0.12	0.34	0.19	0.125	0.07	0.055	0.03	0.02	0.02	0	0.01	0.02
0.12	0.245	0.315	0.09	0.085	0.035	0.025	0.04	0.015	0.005	0.005	0.02
0.125	0.225	0.235	0.175	0.08	0.07	0.035	0.025	0.01	0.01	0.005	0.005
0.085	0.205	0.195	0.18	0.14	0.075	0.05	0.01	0.02	0.02	0.015	0.005
0.105	0.32	0.185	0.15	0.09	0.075	0.025	0.02	0.015	0.005	0	0.01
0.11	0.18	0.33	0.13	0.07	0.09	0.05	0.01	0.005	0.005	0.005	0.015
0.105	0.25	0.175	0.22	0.095	0.06	0.015	0.025	0.005	0.025	0.01	0.015
0.155	0.28	0.16	0.13	0.12	0.04	0.075	0.015	0.02	0	0	0.005
0.07	0.325	0.22	0.18	0.065	0.065	0.04	0.025	0.005	0	0.005	0
#######LANDINGS DATA#######
1
30
160.756882416117	467.432329972266	765.660943155116	991.938756041808	766.607588810923	1332.97194089971	1290.87813770015	2485.69777772241	1327.3556712346	1529.72076346297	1614.20571253258	1601.41693526651	1104.56716787623	1532.09181433352	1502.44893076207	1272.42394544345	2262.7514646126	1605.08096860297	1450.17889328257	1309.41082620282	1612.79791836696	1081.47988126616	1642.08255921047	1198.14175206771	1114.12321215531	961.733069959422	920.795521762837	1202.66934611738	875.125838499216	1269.41070750601
0.01	0.01	0.01	0.01	0.01	0.01	0.01	0.01	0.01	0.01	0.01	0.01	0.01	0.01	0.01	0.01	0.01	0.01	0.01	0.01	0.01	0.01	0.01	0.01	0.01	0.01	0.01	0.01	0.01	0.01
30
1	2	3	4	5	6	7	8	9	10	11	12	13	14	15	16	17	18	19	20	21	22	23	24	25	26	27	28	29	30
200	200	200	200	200	200	200	200	200	200	200	200	200	200	200	200	200	200	200	200	200	200	200	200	200	200	200	200	200	200
200	200	200	200	200	200	200	200	200	200	200	200	200	200	200	200	200	200	200	200	200	200	200	200	200	200	200	200	200	200
0.07	0.095	0.09	0.12	0.105	0.09	0.085	0.06	0.055	0.03	0.025	0.175
0.075	0.09	0.125	0.125	0.135	0.07	0.105	0.045	0.04	0.03	0.02	0.14
0.055	0.08	0.16	0.135	0.11	0.065	0.065	0.055	0.06	0.02	0.025	0.17
0.055	0.08	0.175	0.105	0.095	0.105	0.05	0.075	0.075	0.04	0.015	0.13
0.105	0.085	0.125	0.145	0.135	0.05	0.07	0.085	0.04	0.035	0.02	0.105
0.065	0.135	0.11	0.09	0.17	0.08	0.07	0.045	0.03	0.055	0.025	0.125
0.085	0.145	0.195	0.135	0.085	0.035	0.075	0.05	0.025	0.03	0.005	0.135
0.07	0.125	0.205	0.135	0.115	0.055	0.08	0.05	0.025	0.01	0.04	0.09
0.1	0.115	0.1	0.175	0.125	0.08	0.05	0.085	0.05	0.025	0.01	0.085
0.065	0.145	0.16	0.15	0.13	0.115	0.025	0.04	0.045	0.02	0.01	0.095
0.09	0.14	0.105	0.135	0.09	0.115	0.11	0.035	0.04	0.035	0.015	0.09
0.07	0.14	0.21	0.105	0.095	0.065	0.075	0.035	0.005	0.03	0.05	0.12
0.09	0.125	0.205	0.18	0.075	0.08	0.075	0.045	0.03	0.01	0.015	0.07
0.12	0.13	0.09	0.15	0.145	0.075	0.08	0.035	0.04	0.045	0.01	0.08
0.09	0.145	0.16	0.17	0.185	0.075	0.035	0.02	0.035	0.01	0.035	0.04
0.09	0.175	0.19	0.135	0.095	0.09	0.05	0.045	0.03	0.015	0.025	0.06
0.165	0.155	0.095	0.19	0.125	0.065	0.05	0.045	0.025	0.025	0.015	0.045
0.085	0.205	0.18	0.165	0.08	0.085	0.07	0.055	0.02	0.02	0.005	0.03
0.135	0.135	0.19	0.185	0.105	0.075	0.045	0.03	0.045	0.015	0.01	0.03
0.085	0.18	0.17	0.21	0.115	0.065	0.03	0.045	0.025	0.035	0.01	0.03
0.12	0.145	0.235	0.13	0.145	0.075	0.045	0.05	0.02	0.01	0.01	0.015
0.165	0.23	0.14	0.165	0.095	0.095	0.055	0.025	0.005	0.005	0.005	0.015
0.18	0.235	0.215	0.09	0.08	0.025	0.065	0.035	0.01	0.02	0.015	0.03
0.145	0.2	0.22	0.185	0.095	0.08	0.005	0.03	0.015	0	0.01	0.015
0.155	0.21	0.18	0.1	0.155	0.055	0.03	0.04	0.03	0.015	0.005	0.025
0.14	0.255	0.215	0.13	0.085	0.085	0.02	0.025	0.01	0.01	0.01	0.015
0.165	0.1	0.255	0.155	0.11	0.09	0.07	0.015	0.01	0.01	0.01	0.01
0.2	0.21	0.17	0.17	0.08	0.08	0.04	0.03	0.01	0.005	0	0.005
0.205	0.19	0.225	0.12	0.13	0.035	0.03	0.035	0.015	0	0.005	0.01
0.17	0.255	0.23	0.1	0.085	0.065	0.045	0.02	0.01	0.015	0.005	0
#######PARAMETER SECTION#######
800	400	1200	-4	800	-0.25	1
0.18	0.01	1	-4	0.18	-0.25	1
-1.36	-5	-0.001	-4	-1.36	-0.25	1
0.1	0.05	0.3	-4	0.1	-0.25	1
0.2	0.01	0.5	-4	0.2	-0.25	1
0.75	0.20001	1	-3	0.75	-0.25	1
13.815511	-1	200	1	13.815511	-0.25	1
0	-1	1	-4	0	-0.25	1
0.2	1e-04	1.2	-3	0.2	-0.25	1
0	-10	10	-6	0	-1	1
0	-10	10	-6	0	-1	1
2	0	12	-2	2	-0.5	1
1	0	12	-2	1	-0.5	1
2	0	12	-2	2	-0.5	1
1	0	12	-2	1	-0.5	1
1.5	0	12	-2	1.5	-0.5	1
2	0	12	-2	2	-0.5	1
-14.8682006803499	-30	5	1	-14.8682006803499	-1	1
1	0.1	2	-1	1	-1	1
-1.51930887058023	-10	1.39	1	-1.51930887058023	-1	1
#######DEV CONSTRAINTS and DEVS#######
-15	15	2
-15	15	2
-15	15	2
0	0	0	0	0	0	0	0	0	0	0	0	0	0	0	0	0	0	0	0	0	0	0	0	0	0	0	0	0	0
0	0	0	0	0	0	0	0	0	0	0	0	0	0	0	0	0	0	0	0	0	0	0	0	0	0	0	0	0	0
0	0	0	0	0	0	0	0	0	0	0
#######LIKELIHOOD WEIGHTS#######
1
1
1
1
0
1
0
0
0
#######MISCELLANEOUS STUFF SECTION#######
2.5e-08
3
0.5	0.5	0.5	0.5	0.5	0.5	0.5	0.5	0.5	0.5	0.5	0.5
0.0229773699100256	0.320821300824607	0.904650535100891	0.994779874306442	0.999738809680904	0.999986992871533	0.999999352405202	0.999999967758134	0.999999998394772	0.99999999992008	0.999999999996021	0.999999999999802
0.2	0.2	0.2	0.2	0.2	0.2	0.2	0.2	0.2	0.2	0.2	0.2
0
1
10
0.2
1
1	0	0	0	0	0	0	0	0	0	0	0
0	1	0	0	0	0	0	0	0	0	0	0
0	0	1	0	0	0	0	0	0	0	0	0
0	0	0	1	0	0	0	0	0	0	0	0
0	0	0	0	1	0	0	0	0	0	0	0
0	0	0	0	0	1	0	0	0	0	0	0
0	0	0	0	0	0	1	0	0	0	0	0
0	0	0	0	0	0	0	1	0	0	0	0
0	0	0	0	0	0	0	0	1	0	0	0
0	0	0	0	0	0	0	0	0	1	0	0
0	0	0	0	0	0	0	0	0	0	1	0
0	0	0	0	0	0	0	0	0	0	0	1
40
31
2
1
#######END OF DATA FILE#######
999
