#######GENERAL HEADER INPUT#######
1
30
1
30
1
30
30
12
1	2	3	4	5	6	7	8	9	10	11	12
12
1	2	3	4	5	6	7	8	9	10	11	12
1
101
1
1
#######SURVEY DATA#######
30
1	2	3	4	5	6	7	8	9	10	11	12	13	14	15	16	17	18	19	20	21	22	23	24	25	26	27	28	29	30
1.60883490940928	1.46146623786257	1.53340342119807	1.55961838246114	1.2935004943114	1.60136655330264	1.46186344343917	1.47132634619066	1.24312757259515	1.35196652092642	1.30687770902003	1.25601666761372	0.977598808243457	1.01789261850151	1.01254514724361	0.852963986864374	0.946444717856348	0.943144828853817	0.749857596502366	0.732885367954405	0.684813271685036	0.62637746261723	0.660375192869031	0.662507127338469	0.717024407032987	0.580476329580739	0.533616506182098	0.432025220664933	0.470128492181466	0.579019020898817
0.2	0.2	0.2	0.2	0.2	0.2	0.2	0.2	0.2	0.2	0.2	0.2	0.2	0.2	0.2	0.2	0.2	0.2	0.2	0.2	0.2	0.2	0.2	0.2	0.2	0.2	0.2	0.2	0.2	0.2
30
1	2	3	4	5	6	7	8	9	10	11	12	13	14	15	16	17	18	19	20	21	22	23	24	25	26	27	28	29	30
200	200	200	200	200	200	200	200	200	200	200	200	200	200	200	200	200	200	200	200	200	200	200	200	200	200	200	200	200	200
200	200	200	200	200	200	200	200	200	200	200	200	200	200	200	200	200	200	200	200	200	200	200	200	200	200	200	200	200	200
0.065	0.12	0.115	0.15	0.045	0.115	0.075	0.06	0.045	0.03	0.025	0.155
0.12	0.11	0.14	0.12	0.135	0.065	0.055	0.04	0.05	0.025	0.03	0.11
0.08	0.185	0.165	0.115	0.085	0.055	0.03	0.07	0.04	0.04	0.035	0.1
0.055	0.12	0.13	0.105	0.11	0.105	0.085	0.06	0.03	0.04	0.03	0.13
0.085	0.11	0.16	0.19	0.085	0.055	0.045	0.05	0.055	0.045	0.035	0.085
0.075	0.195	0.125	0.11	0.105	0.055	0.09	0.06	0.035	0.035	0.005	0.11
0.015	0.16	0.22	0.12	0.07	0.105	0.08	0.045	0.04	0.025	0.01	0.11
0.07	0.155	0.24	0.185	0.065	0.075	0.04	0.035	0.045	0.015	0.015	0.06
0.07	0.205	0.13	0.16	0.11	0.08	0.03	0.04	0.03	0.02	0.02	0.105
0.1	0.16	0.145	0.135	0.18	0.06	0.02	0.015	0.045	0.025	0.02	0.095
0.075	0.21	0.195	0.15	0.085	0.085	0.055	0.015	0.05	0.015	0.015	0.05
0.085	0.195	0.15	0.14	0.105	0.075	0.065	0.05	0.035	0.01	0.02	0.07
0.06	0.115	0.245	0.15	0.07	0.1	0.055	0.05	0.04	0.03	0.025	0.06
0.065	0.19	0.165	0.16	0.1	0.08	0.05	0.04	0.025	0.06	0.01	0.055
0.08	0.215	0.2	0.135	0.12	0.095	0.025	0.04	0.02	0.03	0.01	0.03
0.11	0.16	0.18	0.125	0.1	0.095	0.08	0.045	0.025	0.01	0.02	0.05
0.075	0.215	0.165	0.13	0.11	0.05	0.08	0.07	0.03	0.03	0.015	0.03
0.1	0.225	0.235	0.135	0.085	0.04	0.015	0.055	0.015	0.015	0.01	0.07
0.08	0.15	0.22	0.22	0.105	0.045	0.04	0.03	0.04	0.045	0	0.025
0.105	0.21	0.16	0.215	0.13	0.06	0.05	0.015	0.015	0.015	0.01	0.015
0.14	0.205	0.225	0.11	0.11	0.07	0.02	0.025	0.02	0.03	0.005	0.04
0.16	0.255	0.145	0.135	0.05	0.08	0.065	0.03	0.035	0.01	0.02	0.015
0.065	0.255	0.32	0.09	0.075	0.075	0.035	0.03	0.03	0.005	0.005	0.015
0.085	0.17	0.295	0.185	0.1	0.045	0.02	0.04	0.02	0.02	0.015	0.005
0.15	0.155	0.265	0.21	0.115	0.035	0.03	0.01	0.005	0.01	0	0.015
0.115	0.295	0.125	0.19	0.085	0.09	0.025	0.035	0.01	0.01	0.005	0.015
0.135	0.27	0.24	0.105	0.105	0.08	0.025	0.01	0.01	0	0.005	0.015
0.14	0.25	0.185	0.215	0.065	0.055	0.035	0.03	0.005	0.005	0	0.015
0.165	0.32	0.165	0.155	0.105	0.05	0.03	0.01	0	0	0	0
0.12	0.245	0.275	0.145	0.065	0.075	0.02	0.02	0.02	0.005	0.005	0.005
#######LANDINGS DATA#######
1
30
160.940451763012	468.086108100698	763.381024357559	990.848255455553	764.135661938182	1324.68255644793	1277.74073751024	2503.50811823785	1320.62082141487	1525.17108092941	1608.92902311165	1612.93383259671	1105.44733080086	1532.67828465145	1507.4701284612	1278.63738393656	2248.26295049691	1616.79616148644	1453.73653279618	1314.7384087554	1610.93922969467	1087.5876098482	1635.81474390914	1206.80096149028	1109.08546309077	972.025515831179	916.178610069009	1209.15101005095	869.554313669527	1271.29341268024
0.01	0.01	0.01	0.01	0.01	0.01	0.01	0.01	0.01	0.01	0.01	0.01	0.01	0.01	0.01	0.01	0.01	0.01	0.01	0.01	0.01	0.01	0.01	0.01	0.01	0.01	0.01	0.01	0.01	0.01
30
1	2	3	4	5	6	7	8	9	10	11	12	13	14	15	16	17	18	19	20	21	22	23	24	25	26	27	28	29	30
200	200	200	200	200	200	200	200	200	200	200	200	200	200	200	200	200	200	200	200	200	200	200	200	200	200	200	200	200	200
200	200	200	200	200	200	200	200	200	200	200	200	200	200	200	200	200	200	200	200	200	200	200	200	200	200	200	200	200	200
0.07	0.065	0.09	0.115	0.11	0.075	0.085	0.09	0.065	0.04	0.03	0.165
0.105	0.135	0.105	0.13	0.12	0.06	0.06	0.06	0.045	0.025	0.04	0.115
0.04	0.15	0.11	0.09	0.095	0.09	0.08	0.065	0.04	0.025	0.035	0.18
0.075	0.115	0.13	0.14	0.12	0.08	0.07	0.03	0.06	0.02	0.015	0.145
0.065	0.09	0.125	0.16	0.09	0.08	0.055	0.065	0.035	0.055	0.02	0.16
0.08	0.155	0.135	0.11	0.1	0.06	0.055	0.05	0.055	0.025	0.015	0.16
0.11	0.125	0.15	0.065	0.105	0.1	0.115	0.045	0.05	0.045	0.015	0.075
0.09	0.115	0.17	0.17	0.08	0.085	0.095	0.045	0.025	0.02	0.03	0.075
0.095	0.135	0.11	0.185	0.1	0.08	0.08	0.055	0.035	0.03	0.025	0.07
0.1	0.145	0.105	0.115	0.16	0.09	0.06	0.03	0.05	0.04	0.015	0.09
0.115	0.145	0.145	0.125	0.08	0.105	0.095	0.045	0.03	0.025	0.005	0.085
0.08	0.145	0.145	0.115	0.15	0.1	0.08	0.05	0.04	0.005	0.025	0.065
0.095	0.135	0.15	0.185	0.11	0.08	0.045	0.05	0.03	0.025	0.025	0.07
0.085	0.16	0.14	0.125	0.11	0.065	0.13	0.06	0.01	0.03	0.03	0.055
0.095	0.16	0.19	0.145	0.08	0.095	0.04	0.05	0.02	0.025	0.02	0.08
0.115	0.185	0.21	0.09	0.13	0.055	0.055	0.04	0.025	0.015	0.04	0.04
0.09	0.205	0.19	0.165	0.065	0.1	0.03	0.03	0.015	0.015	0	0.095
0.13	0.175	0.17	0.11	0.125	0.075	0.045	0.03	0.045	0.03	0.005	0.06
0.095	0.14	0.155	0.21	0.105	0.095	0.05	0.07	0.02	0.005	0.02	0.035
0.1	0.185	0.13	0.2	0.11	0.11	0.055	0.03	0.04	0	0.015	0.025
0.17	0.145	0.165	0.105	0.155	0.07	0.045	0.06	0.03	0.01	0.015	0.03
0.17	0.185	0.135	0.15	0.055	0.105	0.085	0.015	0.02	0.02	0.005	0.055
0.085	0.25	0.235	0.1	0.09	0.055	0.07	0.03	0.03	0.015	0.02	0.02
0.125	0.175	0.23	0.21	0.09	0.035	0.04	0.03	0.025	0.025	0	0.015
0.2	0.175	0.155	0.18	0.105	0.065	0.015	0.025	0.03	0.015	0.02	0.015
0.17	0.23	0.185	0.135	0.125	0.06	0.035	0.015	0	0.01	0.02	0.015
0.16	0.23	0.255	0.11	0.055	0.09	0.05	0.02	0.01	0.01	0.005	0.005
0.185	0.17	0.19	0.18	0.075	0.05	0.065	0.055	0.01	0.01	0	0.01
0.215	0.23	0.19	0.14	0.09	0.045	0.04	0.025	0.01	0.01	0.005	0
0.155	0.24	0.22	0.175	0.065	0.065	0.025	0.025	0.015	0.01	0	0.005
#######PARAMETER SECTION#######
800	400	1200	-4	800	-0.25	1
0.18	0.01	1	-4	0.18	-0.25	1
-1.36	-5	-0.001	-4	-1.36	-0.25	1
0.1	0.05	0.3	-4	0.1	-0.25	1
0.2	0.01	0.5	-4	0.2	-0.25	1
0.75	0.20001	1	-3	0.75	-0.25	1
13.815511	-1	200	1	13.815511	-0.25	1
0	-1	1	-4	0	-0.25	1
0.2	1e-04	1.2	-3	0.2	-0.25	1
0	-10	10	-6	0	-1	1
0	-10	10	-6	0	-1	1
2	0	12	-2	2	-0.5	1
1	0	12	-2	1	-0.5	1
2	0	12	-2	2	-0.5	1
1	0	12	-2	1	-0.5	1
1.5	0	12	-2	1.5	-0.5	1
2	0	12	-2	2	-0.5	1
-14.8682006803499	-30	5	1	-14.8682006803499	-1	1
1	0.1	2	-1	1	-1	1
-1.51930887058023	-10	1.39	1	-1.51930887058023	-1	1
#######DEV CONSTRAINTS and DEVS#######
-15	15	2
-15	15	2
-15	15	2
0	0	0	0	0	0	0	0	0	0	0	0	0	0	0	0	0	0	0	0	0	0	0	0	0	0	0	0	0	0
0	0	0	0	0	0	0	0	0	0	0	0	0	0	0	0	0	0	0	0	0	0	0	0	0	0	0	0	0	0
0	0	0	0	0	0	0	0	0	0	0
#######LIKELIHOOD WEIGHTS#######
1
1
1
1
0
1
0
0
0
#######MISCELLANEOUS STUFF SECTION#######
2.5e-08
3
0.5	0.5	0.5	0.5	0.5	0.5	0.5	0.5	0.5	0.5	0.5	0.5
0.0229773699100256	0.320821300824607	0.904650535100891	0.994779874306442	0.999738809680904	0.999986992871533	0.999999352405202	0.999999967758134	0.999999998394772	0.99999999992008	0.999999999996021	0.999999999999802
0.2	0.2	0.2	0.2	0.2	0.2	0.2	0.2	0.2	0.2	0.2	0.2
0
1
10
0.2
1
1	0	0	0	0	0	0	0	0	0	0	0
0	1	0	0	0	0	0	0	0	0	0	0
0	0	1	0	0	0	0	0	0	0	0	0
0	0	0	1	0	0	0	0	0	0	0	0
0	0	0	0	1	0	0	0	0	0	0	0
0	0	0	0	0	1	0	0	0	0	0	0
0	0	0	0	0	0	1	0	0	0	0	0
0	0	0	0	0	0	0	1	0	0	0	0
0	0	0	0	0	0	0	0	1	0	0	0
0	0	0	0	0	0	0	0	0	1	0	0
0	0	0	0	0	0	0	0	0	0	1	0
0	0	0	0	0	0	0	0	0	0	0	1
40
31
2
1
#######END OF DATA FILE#######
999
