#######GENERAL HEADER INPUT#######
1
30
1
30
1
30
30
12
1	2	3	4	5	6	7	8	9	10	11	12
12
1	2	3	4	5	6	7	8	9	10	11	12
1
101
1
1
#######SURVEY DATA#######
30
1	2	3	4	5	6	7	8	9	10	11	12	13	14	15	16	17	18	19	20	21	22	23	24	25	26	27	28	29	30
1.51740563811405	1.3920659622683	1.57400966850543	1.6238624778702	1.32899854235721	1.45750956158784	1.42605125825369	1.59018383528092	1.0731211853893	1.13209736338746	1.31899835456766	1.07447191276576	0.986165964369902	1.1057606199298	0.956564639376802	0.926711734268937	1.09148273350308	0.96197479184645	0.754961276778744	0.695732801923655	0.660811383771015	0.614393167998581	0.748089952233884	0.638829895026536	0.542446170364928	0.565930102342082	0.608197330492512	0.538028305716988	0.485646760092736	0.548992832219739
0.2	0.2	0.2	0.2	0.2	0.2	0.2	0.2	0.2	0.2	0.2	0.2	0.2	0.2	0.2	0.2	0.2	0.2	0.2	0.2	0.2	0.2	0.2	0.2	0.2	0.2	0.2	0.2	0.2	0.2
30
1	2	3	4	5	6	7	8	9	10	11	12	13	14	15	16	17	18	19	20	21	22	23	24	25	26	27	28	29	30
200	200	200	200	200	200	200	200	200	200	200	200	200	200	200	200	200	200	200	200	200	200	200	200	200	200	200	200	200	200
200	200	200	200	200	200	200	200	200	200	200	200	200	200	200	200	200	200	200	200	200	200	200	200	200	200	200	200	200	200
0.075	0.13	0.2	0.115	0.07	0.08	0.055	0.045	0.055	0.04	0.015	0.12
0.115	0.15	0.16	0.095	0.08	0.095	0.06	0.035	0.03	0.05	0.03	0.1
0.055	0.155	0.11	0.125	0.105	0.065	0.05	0.08	0.045	0.02	0.065	0.125
0.055	0.1	0.265	0.11	0.105	0.08	0.04	0.05	0.055	0.03	0.01	0.1
0.095	0.15	0.135	0.07	0.095	0.11	0.085	0.07	0.035	0.045	0.025	0.085
0.07	0.18	0.115	0.08	0.125	0.09	0.07	0.05	0.025	0.035	0.035	0.125
0.095	0.205	0.145	0.05	0.08	0.1	0.05	0.05	0.05	0.03	0	0.145
0.065	0.135	0.195	0.125	0.08	0.08	0.065	0.07	0.07	0.015	0.02	0.08
0.06	0.18	0.185	0.18	0.105	0.04	0.03	0.045	0.025	0.045	0.03	0.075
0.09	0.13	0.16	0.13	0.125	0.12	0.08	0.03	0.025	0.03	0.015	0.065
0.105	0.165	0.175	0.11	0.09	0.11	0.06	0.04	0.015	0.035	0.005	0.09
0.06	0.23	0.16	0.145	0.11	0.065	0.09	0.045	0.015	0.005	0.03	0.045
0.07	0.135	0.21	0.17	0.065	0.07	0.05	0.065	0.02	0.025	0.015	0.105
0.085	0.225	0.135	0.165	0.11	0.055	0.06	0.04	0.01	0.03	0.02	0.065
0.09	0.22	0.155	0.125	0.12	0.075	0.035	0.065	0.005	0.03	0.035	0.045
0.13	0.15	0.195	0.15	0.055	0.05	0.045	0.05	0.045	0.035	0.025	0.07
0.11	0.215	0.14	0.165	0.08	0.05	0.045	0.04	0.03	0.035	0.005	0.085
0.065	0.25	0.18	0.14	0.08	0.045	0.05	0.02	0.06	0.045	0.01	0.055
0.09	0.155	0.235	0.165	0.105	0.05	0.035	0.05	0.045	0.025	0	0.045
0.065	0.27	0.14	0.175	0.105	0.085	0.035	0.04	0.025	0.015	0.01	0.035
0.115	0.15	0.24	0.16	0.11	0.09	0.035	0.025	0.025	0	0.005	0.045
0.125	0.27	0.135	0.125	0.115	0.075	0.065	0.015	0.02	0.005	0.005	0.045
0.095	0.25	0.275	0.11	0.13	0.025	0.055	0.025	0.015	0	0	0.02
0.095	0.27	0.21	0.205	0.065	0.035	0.035	0.03	0.01	0.015	0.005	0.025
0.14	0.175	0.19	0.21	0.135	0.05	0.055	0.01	0.01	0.015	0	0.01
0.08	0.315	0.16	0.16	0.135	0.07	0.025	0.015	0.01	0.01	0	0.02
0.14	0.25	0.26	0.12	0.07	0.06	0.045	0.015	0.02	0.005	0	0.015
0.145	0.18	0.235	0.215	0.08	0.065	0.03	0.03	0	0.01	0	0.01
0.145	0.335	0.19	0.1	0.115	0.03	0.02	0.045	0.01	0.005	0	0.005
0.09	0.285	0.27	0.16	0.065	0.06	0.005	0.02	0.02	0.015	0	0.01
#######LANDINGS DATA#######
1
30
161.043316562911	467.93795451327	765.633228565032	1003.21702352312	765.307497344436	1320.55606519575	1283.58262411167	2472.06845447857	1318.28612598418	1528.76731892464	1619.31086100061	1596.00866161942	1106.36510903925	1544.79426645953	1515.89141108176	1272.09094247995	2248.3261113238	1617.31812916508	1453.11920340693	1319.99383326469	1618.69224755121	1076.23351921725	1616.81457589732	1208.08288477322	1119.77022449466	968.894501228505	933.866824516114	1202.60378706057	872.821575220502	1274.01193208219
0.01	0.01	0.01	0.01	0.01	0.01	0.01	0.01	0.01	0.01	0.01	0.01	0.01	0.01	0.01	0.01	0.01	0.01	0.01	0.01	0.01	0.01	0.01	0.01	0.01	0.01	0.01	0.01	0.01	0.01
30
1	2	3	4	5	6	7	8	9	10	11	12	13	14	15	16	17	18	19	20	21	22	23	24	25	26	27	28	29	30
200	200	200	200	200	200	200	200	200	200	200	200	200	200	200	200	200	200	200	200	200	200	200	200	200	200	200	200	200	200
200	200	200	200	200	200	200	200	200	200	200	200	200	200	200	200	200	200	200	200	200	200	200	200	200	200	200	200	200	200
0.03	0.115	0.14	0.065	0.125	0.08	0.07	0.075	0.07	0.055	0.04	0.135
0.105	0.095	0.13	0.125	0.095	0.085	0.085	0.055	0.035	0.03	0.045	0.115
0.035	0.16	0.105	0.09	0.095	0.085	0.09	0.075	0.065	0.035	0.025	0.14
0.055	0.12	0.19	0.12	0.065	0.115	0.095	0.05	0.025	0.02	0.015	0.13
0.095	0.09	0.12	0.125	0.125	0.095	0.05	0.095	0.035	0.05	0.03	0.09
0.085	0.115	0.08	0.11	0.13	0.12	0.085	0.055	0.03	0.02	0.025	0.145
0.05	0.11	0.19	0.075	0.135	0.11	0.075	0.025	0.05	0.05	0.005	0.125
0.095	0.085	0.15	0.21	0.085	0.055	0.08	0.045	0.02	0.035	0.025	0.115
0.085	0.12	0.115	0.18	0.135	0.05	0.07	0.03	0.04	0.045	0.03	0.1
0.12	0.095	0.15	0.16	0.1	0.1	0.045	0.04	0.065	0.025	0.01	0.09
0.115	0.16	0.125	0.105	0.105	0.09	0.125	0.025	0.035	0.015	0.015	0.085
0.075	0.17	0.15	0.15	0.11	0.09	0.1	0.04	0.025	0.02	0.01	0.06
0.1	0.155	0.18	0.15	0.09	0.105	0.06	0.05	0.025	0	0.015	0.07
0.08	0.14	0.155	0.135	0.135	0.085	0.07	0.055	0.045	0.03	0.01	0.06
0.09	0.175	0.15	0.135	0.145	0.11	0.04	0.04	0.02	0.04	0.01	0.045
0.085	0.145	0.2	0.12	0.12	0.07	0.095	0.025	0.045	0.02	0.02	0.055
0.145	0.19	0.135	0.135	0.12	0.065	0.065	0.035	0.035	0.025	0.015	0.035
0.11	0.155	0.13	0.125	0.13	0.11	0.06	0.08	0.035	0.025	0.01	0.03
0.105	0.18	0.22	0.15	0.11	0.09	0.06	0.005	0.01	0.01	0.01	0.05
0.08	0.185	0.195	0.19	0.11	0.065	0.06	0.02	0.005	0.025	0.015	0.05
0.16	0.185	0.18	0.11	0.125	0.06	0.075	0.035	0.015	0.035	0.005	0.015
0.195	0.205	0.155	0.17	0.09	0.075	0.03	0.025	0.005	0.015	0.005	0.03
0.13	0.245	0.27	0.085	0.09	0.05	0.04	0.03	0.015	0.02	0	0.025
0.125	0.21	0.185	0.205	0.065	0.07	0.055	0.04	0.025	0.01	0.005	0.005
0.17	0.17	0.25	0.15	0.115	0.035	0.04	0.015	0.015	0.02	0.005	0.015
0.13	0.21	0.17	0.225	0.115	0.035	0.045	0.015	0.005	0.025	0.01	0.015
0.14	0.22	0.215	0.115	0.11	0.085	0.05	0.02	0.025	0	0.005	0.015
0.16	0.22	0.115	0.235	0.08	0.075	0.045	0.035	0.005	0.015	0	0.015
0.235	0.175	0.185	0.165	0.095	0.045	0.025	0.035	0.02	0	0.01	0.01
0.18	0.26	0.235	0.135	0.07	0.055	0.015	0.035	0.005	0.005	0	0.005
#######PARAMETER SECTION#######
800	400	1200	-4	800	-0.25	1
0.18	0.01	1	-4	0.18	-0.25	1
-1.36	-5	-0.001	-4	-1.36	-0.25	1
0.1	0.05	0.3	-4	0.1	-0.25	1
0.2	0.01	0.5	-4	0.2	-0.25	1
0.75	0.20001	1	-3	0.75	-0.25	1
13.815511	-1	200	1	13.815511	-0.25	1
0	-1	1	-4	0	-0.25	1
0.2	1e-04	1.2	-3	0.2	-0.25	1
0	-10	10	-6	0	-1	1
0	-10	10	-6	0	-1	1
2	0	12	-2	2	-0.5	1
1	0	12	-2	1	-0.5	1
2	0	12	-2	2	-0.5	1
1	0	12	-2	1	-0.5	1
1.5	0	12	-2	1.5	-0.5	1
2	0	12	-2	2	-0.5	1
-14.8682006803499	-30	5	1	-14.8682006803499	-1	1
1	0.1	2	-1	1	-1	1
-1.51930887058023	-10	1.39	1	-1.51930887058023	-1	1
#######DEV CONSTRAINTS and DEVS#######
-15	15	2
-15	15	2
-15	15	2
0	0	0	0	0	0	0	0	0	0	0	0	0	0	0	0	0	0	0	0	0	0	0	0	0	0	0	0	0	0
0	0	0	0	0	0	0	0	0	0	0	0	0	0	0	0	0	0	0	0	0	0	0	0	0	0	0	0	0	0
0	0	0	0	0	0	0	0	0	0	0
#######LIKELIHOOD WEIGHTS#######
1
1
1
1
0
1
0
0
0
#######MISCELLANEOUS STUFF SECTION#######
2.5e-08
3
0.5	0.5	0.5	0.5	0.5	0.5	0.5	0.5	0.5	0.5	0.5	0.5
0.0229773699100256	0.320821300824607	0.904650535100891	0.994779874306442	0.999738809680904	0.999986992871533	0.999999352405202	0.999999967758134	0.999999998394772	0.99999999992008	0.999999999996021	0.999999999999802
0.2	0.2	0.2	0.2	0.2	0.2	0.2	0.2	0.2	0.2	0.2	0.2
0
1
10
0.2
1
1	0	0	0	0	0	0	0	0	0	0	0
0	1	0	0	0	0	0	0	0	0	0	0
0	0	1	0	0	0	0	0	0	0	0	0
0	0	0	1	0	0	0	0	0	0	0	0
0	0	0	0	1	0	0	0	0	0	0	0
0	0	0	0	0	1	0	0	0	0	0	0
0	0	0	0	0	0	1	0	0	0	0	0
0	0	0	0	0	0	0	1	0	0	0	0
0	0	0	0	0	0	0	0	1	0	0	0
0	0	0	0	0	0	0	0	0	1	0	0
0	0	0	0	0	0	0	0	0	0	1	0
0	0	0	0	0	0	0	0	0	0	0	1
40
31
2
1
#######END OF DATA FILE#######
999
