# Number of parameters = 73  Objective function value = 26367.8  Maximum gradient component = 0.00136796
# sel_params[1]:
2.00000000000
# sel_params[2]:
1.00000000000
# log_Fmult_year1:
 -4.68461011186
# log_Fmult_devs:
 1.06826673371 0.517744406304 0.294966265547 -0.225217761872 0.592648995415 0.00882670139510 0.743572452380 -0.523879855431 0.204614377202 0.131059412313 0.0834891626189 -0.325972672442 0.377470813289 0.0630708068050 -0.111908737385 0.673883807293 -0.199908875883 -0.0179895515760 -0.0136505937508 0.327921119055 -0.328472389412 0.502954485105 -0.199210242534 -0.00692189356213 -0.0958332895381 -0.0150359622122 0.344193447167 -0.260342613353 0.422694763887
# log_recruit_devs:
 -0.00672666406000 0.202214997117 -0.0379355809396 -0.179029316850 0.379590740455 0.286355136355 -0.0898603295234 -0.0277413383399 -0.0795669480827 0.104605237139 0.0329159594735 -0.0467011550487 -0.0724315137118 0.0735816046660 -0.0446493137486 0.100451976312 0.0971104957277 -0.134673353918 -0.0527614589014 -0.318345057391 0.137286284889 0.105516561723 -0.0295551392290 -0.239346001496 0.00453477361968 -0.247246942706 -0.0590640171186 0.0399564212341 0.118509172086 -0.0169952297355
# log_N_year1_devs:
 -0.0138190152511 0.0578456370033 0.0206207266415 -0.158396933888 0.0229609041932 0.0261247038387 0.103343406462 -0.220910444346 -0.314296984643 0.157342194715 -0.0976029743562
# log_q_year1:
 -7.94905880303
# log_q_devs:
 0.00000000000 0.00000000000 0.00000000000 0.00000000000 0.00000000000 0.00000000000 0.00000000000 0.00000000000 0.00000000000 0.00000000000 0.00000000000 0.00000000000 0.00000000000 0.00000000000 0.00000000000 0.00000000000 0.00000000000 0.00000000000 0.00000000000 0.00000000000 0.00000000000 0.00000000000 0.00000000000 0.00000000000 0.00000000000 0.00000000000 0.00000000000 0.00000000000 0.00000000000
# index_sel_params[1]:
1.50000000000
# index_sel_params[2]:
0.500000000000
# log_SR_scaler:
6.90305563371
# SR_steepness:
0.750000000000
