# Number of parameters = 73  Objective function value = 26375.9  Maximum gradient component = 0.00163133
# sel_params[1]:
2.00000000000
# sel_params[2]:
1.00000000000
# log_Fmult_year1:
 -4.73381677644
# log_Fmult_devs:
 1.08151676816 0.534220047530 0.312635263170 -0.222109554784 0.589609608707 0.0382743874229 0.743624459436 -0.529202504837 0.199339879098 0.137107509691 0.0802881879369 -0.326726122318 0.378419613935 0.0663685637955 -0.109925803120 0.674699920515 -0.227774555952 -0.00697633451373 -0.0304180130259 0.353078534686 -0.334672920388 0.489655207256 -0.184940272590 -0.0114774754218 -0.0978516987997 -0.0224864704285 0.337611203198 -0.279888948663 0.424783117761
# log_recruit_devs:
 -0.0434396135330 0.218516538863 -0.103453111658 -0.206565815022 0.267851714596 0.276024740420 -0.101259457484 0.0728178935109 -0.0479628996986 0.0780959877843 0.0858500693666 -0.0832705018689 -0.181231450372 0.0841909102194 -0.0147993108353 0.230542204722 0.183719651674 -0.237495672481 -0.206162857413 -0.242452650540 0.199213645724 0.115814009013 -0.180649134271 -0.143716713224 0.0671109339897 -0.242834670418 -0.0887623134147 0.0961925517770 0.126540744897 0.0215745756758
# log_N_year1_devs:
 -0.0251597502049 -0.105432304758 -0.0367400946248 0.0626975071111 0.0603257095930 -0.113232719284 -0.0160881765280 -0.0703615073550 -0.0209473056773 0.0495514151362 0.0199539112353
# log_q_year1:
 -7.96033307803
# log_q_devs:
 0.00000000000 0.00000000000 0.00000000000 0.00000000000 0.00000000000 0.00000000000 0.00000000000 0.00000000000 0.00000000000 0.00000000000 0.00000000000 0.00000000000 0.00000000000 0.00000000000 0.00000000000 0.00000000000 0.00000000000 0.00000000000 0.00000000000 0.00000000000 0.00000000000 0.00000000000 0.00000000000 0.00000000000 0.00000000000 0.00000000000 0.00000000000 0.00000000000 0.00000000000
# index_sel_params[1]:
1.50000000000
# index_sel_params[2]:
0.500000000000
# log_SR_scaler:
6.90263946782
# SR_steepness:
0.750000000000
