#######GENERAL HEADER INPUT#######
1
30
1
30
1
30
30
12
1	2	3	4	5	6	7	8	9	10	11	12
12
1	2	3	4	5	6	7	8	9	10	11	12
1
101
1
1
#######SURVEY DATA#######
30
1	2	3	4	5	6	7	8	9	10	11	12	13	14	15	16	17	18	19	20	21	22	23	24	25	26	27	28	29	30
1.31922346180365	1.48799192512652	1.51547955407082	1.68458290167992	1.52452686760378	1.33983465164743	1.73999782756389	1.37910640492245	1.07818253725384	1.12379557230862	1.0689216092212	1.11274645216507	1.08441331501216	0.948309901390965	0.971931142955465	0.985617165334879	0.973205398720679	0.89448564154006	0.730047642541484	0.725275503821307	0.622311543017972	0.653734924415058	0.675097093296862	0.547202820160488	0.630902584629959	0.568547293838882	0.523948103554677	0.503673043408497	0.48693173538363	0.55328609741738
0.2	0.2	0.2	0.2	0.2	0.2	0.2	0.2	0.2	0.2	0.2	0.2	0.2	0.2	0.2	0.2	0.2	0.2	0.2	0.2	0.2	0.2	0.2	0.2	0.2	0.2	0.2	0.2	0.2	0.2
30
1	2	3	4	5	6	7	8	9	10	11	12	13	14	15	16	17	18	19	20	21	22	23	24	25	26	27	28	29	30
200	200	200	200	200	200	200	200	200	200	200	200	200	200	200	200	200	200	200	200	200	200	200	200	200	200	200	200	200	200
200	200	200	200	200	200	200	200	200	200	200	200	200	200	200	200	200	200	200	200	200	200	200	200	200	200	200	200	200	200
0.075	0.09	0.12	0.1	0.09	0.075	0.1	0.06	0.065	0.04	0.02	0.165
0.09	0.14	0.13	0.115	0.08	0.09	0.1	0.05	0.025	0.03	0.055	0.095
0.065	0.195	0.15	0.09	0.115	0.085	0.055	0.045	0.025	0.035	0.03	0.11
0.05	0.16	0.21	0.12	0.08	0.09	0.065	0.03	0.035	0.02	0.01	0.13
0.105	0.085	0.05	0.17	0.075	0.095	0.075	0.085	0.07	0.015	0.035	0.14
0.125	0.18	0.06	0.115	0.145	0.075	0.05	0.05	0.055	0.015	0.035	0.095
0.085	0.19	0.205	0.085	0.07	0.1	0.065	0.05	0.005	0.025	0.01	0.11
0.055	0.125	0.205	0.17	0.1	0.04	0.08	0.025	0.045	0.035	0.01	0.11
0.06	0.175	0.185	0.165	0.13	0.045	0.05	0.055	0.02	0.035	0.02	0.06
0.095	0.15	0.17	0.135	0.12	0.115	0.045	0.05	0.01	0.025	0.01	0.075
0.05	0.21	0.185	0.185	0.045	0.075	0.08	0.02	0.02	0.015	0.015	0.1
0.08	0.215	0.22	0.105	0.12	0.065	0.055	0.045	0.01	0.015	0.015	0.055
0.08	0.15	0.225	0.115	0.11	0.07	0.065	0.035	0.045	0.015	0.01	0.08
0.09	0.15	0.185	0.17	0.145	0.03	0.05	0.065	0.035	0.015	0.025	0.04
0.055	0.205	0.215	0.115	0.1	0.085	0.055	0.06	0.015	0.035	0.01	0.05
0.12	0.165	0.225	0.105	0.095	0.09	0.06	0.025	0.02	0.025	0.01	0.06
0.125	0.155	0.195	0.15	0.095	0.085	0.065	0.03	0.035	0.015	0.005	0.045
0.07	0.22	0.21	0.135	0.085	0.065	0.06	0.06	0.015	0.035	0	0.045
0.045	0.245	0.19	0.165	0.125	0.085	0.035	0.01	0.035	0.015	0.01	0.04
0.08	0.19	0.14	0.18	0.11	0.065	0.08	0.05	0.015	0.025	0.02	0.045
0.135	0.14	0.25	0.145	0.13	0.085	0.02	0.025	0.01	0.01	0	0.05
0.13	0.245	0.175	0.125	0.045	0.08	0.085	0.035	0.02	0.015	0.01	0.035
0.12	0.275	0.2	0.085	0.12	0.045	0.035	0.04	0.03	0.015	0.005	0.03
0.095	0.22	0.265	0.17	0.07	0.075	0.04	0.025	0.005	0.015	0	0.02
0.175	0.19	0.21	0.165	0.12	0.04	0.03	0.015	0.03	0.005	0.005	0.015
0.095	0.305	0.205	0.125	0.085	0.08	0.04	0.02	0.02	0.005	0.005	0.015
0.105	0.255	0.215	0.155	0.125	0.065	0.055	0.005	0.005	0.005	0.005	0.005
0.12	0.27	0.195	0.155	0.115	0.04	0.055	0.015	0.02	0.01	0.005	0
0.175	0.27	0.21	0.085	0.145	0.035	0.04	0.005	0.01	0	0	0.025
0.095	0.325	0.26	0.15	0.06	0.065	0.01	0.015	0.005	0.01	0.005	0
#######LANDINGS DATA#######
1
30
159.843857446115	465.705186044884	763.669642626459	1004.74225156725	765.069188340069	1317.56297355585	1280.73554741784	2477.93576960395	1328.81195187415	1530.519244886	1627.28994497135	1623.49675043667	1106.74068098812	1528.63968761336	1511.91017333652	1285.94602322766	2261.34809502158	1610.56303969106	1451.54211517065	1322.52795265474	1639.99526292099	1077.34484223113	1633.27188356552	1199.45564068584	1125.09815432031	976.725074170761	928.090586343442	1205.07702397491	881.611648696262	1267.89240826092
0.01	0.01	0.01	0.01	0.01	0.01	0.01	0.01	0.01	0.01	0.01	0.01	0.01	0.01	0.01	0.01	0.01	0.01	0.01	0.01	0.01	0.01	0.01	0.01	0.01	0.01	0.01	0.01	0.01	0.01
30
1	2	3	4	5	6	7	8	9	10	11	12	13	14	15	16	17	18	19	20	21	22	23	24	25	26	27	28	29	30
200	200	200	200	200	200	200	200	200	200	200	200	200	200	200	200	200	200	200	200	200	200	200	200	200	200	200	200	200	200
200	200	200	200	200	200	200	200	200	200	200	200	200	200	200	200	200	200	200	200	200	200	200	200	200	200	200	200	200	200
0.045	0.135	0.1	0.1	0.11	0.075	0.075	0.075	0.035	0.04	0.035	0.175
0.075	0.09	0.17	0.11	0.095	0.07	0.055	0.09	0.03	0.04	0.015	0.16
0.065	0.12	0.185	0.11	0.08	0.085	0.11	0.055	0.03	0.03	0.035	0.095
0.06	0.085	0.125	0.145	0.06	0.085	0.105	0.06	0.06	0.04	0.045	0.13
0.125	0.07	0.11	0.145	0.1	0.08	0.045	0.075	0.07	0.06	0.02	0.1
0.105	0.115	0.095	0.075	0.135	0.07	0.085	0.06	0.055	0.025	0.04	0.14
0.095	0.15	0.15	0.135	0.075	0.065	0.075	0.04	0.05	0.025	0.035	0.105
0.08	0.115	0.115	0.125	0.1	0.07	0.09	0.085	0.055	0.035	0.015	0.115
0.08	0.14	0.13	0.1	0.125	0.075	0.04	0.075	0.06	0.04	0.03	0.105
0.08	0.105	0.17	0.115	0.12	0.09	0.06	0.05	0.06	0.03	0.025	0.095
0.08	0.155	0.155	0.155	0.105	0.075	0.06	0.045	0.045	0.06	0.01	0.055
0.085	0.145	0.16	0.12	0.135	0.09	0.085	0.065	0.015	0.02	0.005	0.075
0.105	0.165	0.16	0.13	0.085	0.095	0.05	0.05	0.025	0.025	0.02	0.09
0.12	0.165	0.13	0.185	0.105	0.05	0.06	0.035	0.025	0.045	0.015	0.065
0.085	0.17	0.14	0.135	0.13	0.11	0.07	0.035	0.03	0.02	0.025	0.05
0.105	0.15	0.14	0.115	0.105	0.13	0.075	0.03	0.035	0.025	0.025	0.065
0.11	0.22	0.185	0.105	0.085	0.065	0.06	0.035	0.025	0.015	0.025	0.07
0.08	0.155	0.225	0.16	0.13	0.075	0.045	0.04	0.025	0.005	0.03	0.03
0.115	0.13	0.21	0.18	0.06	0.095	0.08	0.03	0.045	0.02	0.02	0.015
0.075	0.195	0.155	0.205	0.13	0.09	0.035	0.025	0.035	0.025	0.01	0.02
0.19	0.095	0.195	0.125	0.14	0.1	0.025	0.05	0.02	0.025	0.015	0.02
0.195	0.23	0.135	0.175	0.08	0.075	0.035	0.02	0.02	0.01	0.01	0.015
0.135	0.2	0.24	0.105	0.095	0.055	0.075	0.02	0.015	0.01	0.015	0.035
0.1	0.195	0.275	0.165	0.06	0.045	0.065	0.015	0.02	0.025	0	0.035
0.175	0.15	0.195	0.2	0.115	0.06	0.015	0.03	0.025	0.015	0.005	0.015
0.125	0.24	0.195	0.095	0.135	0.11	0.03	0.04	0.015	0.005	0.005	0.005
0.18	0.14	0.225	0.155	0.1	0.08	0.06	0.03	0.01	0.005	0.01	0.005
0.18	0.235	0.165	0.2	0.07	0.08	0.03	0.005	0.015	0.01	0	0.01
0.17	0.255	0.175	0.085	0.15	0.045	0.04	0.02	0.03	0.015	0.01	0.005
0.15	0.26	0.22	0.145	0.075	0.075	0.01	0.03	0.015	0.005	0	0.015
#######PARAMETER SECTION#######
800	400	1200	-4	800	-0.25	1
0.18	0.01	1	-4	0.18	-0.25	1
-1.36	-5	-0.001	-4	-1.36	-0.25	1
0.1	0.05	0.3	-4	0.1	-0.25	1
0.2	0.01	0.5	-4	0.2	-0.25	1
0.75	0.20001	1	-3	0.75	-0.25	1
13.815511	-1	200	1	13.815511	-0.25	1
0	-1	1	-4	0	-0.25	1
0.2	1e-04	1.2	-3	0.2	-0.25	1
0	-10	10	-6	0	-1	1
0	-10	10	-6	0	-1	1
2	0	12	-2	2	-0.5	1
1	0	12	-2	1	-0.5	1
2	0	12	-2	2	-0.5	1
1	0	12	-2	1	-0.5	1
1.5	0	12	-2	1.5	-0.5	1
2	0	12	-2	2	-0.5	1
-14.8682006803499	-30	5	1	-14.8682006803499	-1	1
1	0.1	2	-1	1	-1	1
-1.51930887058023	-10	1.39	1	-1.51930887058023	-1	1
#######DEV CONSTRAINTS and DEVS#######
-15	15	2
-15	15	2
-15	15	2
0	0	0	0	0	0	0	0	0	0	0	0	0	0	0	0	0	0	0	0	0	0	0	0	0	0	0	0	0	0
0	0	0	0	0	0	0	0	0	0	0	0	0	0	0	0	0	0	0	0	0	0	0	0	0	0	0	0	0	0
0	0	0	0	0	0	0	0	0	0	0
#######LIKELIHOOD WEIGHTS#######
1
1
1
1
0
1
0
0
0
#######MISCELLANEOUS STUFF SECTION#######
2.5e-08
3
0.5	0.5	0.5	0.5	0.5	0.5	0.5	0.5	0.5	0.5	0.5	0.5
0.0229773699100256	0.320821300824607	0.904650535100891	0.994779874306442	0.999738809680904	0.999986992871533	0.999999352405202	0.999999967758134	0.999999998394772	0.99999999992008	0.999999999996021	0.999999999999802
0.2	0.2	0.2	0.2	0.2	0.2	0.2	0.2	0.2	0.2	0.2	0.2
0
1
10
0.2
1
1	0	0	0	0	0	0	0	0	0	0	0
0	1	0	0	0	0	0	0	0	0	0	0
0	0	1	0	0	0	0	0	0	0	0	0
0	0	0	1	0	0	0	0	0	0	0	0
0	0	0	0	1	0	0	0	0	0	0	0
0	0	0	0	0	1	0	0	0	0	0	0
0	0	0	0	0	0	1	0	0	0	0	0
0	0	0	0	0	0	0	1	0	0	0	0
0	0	0	0	0	0	0	0	1	0	0	0
0	0	0	0	0	0	0	0	0	1	0	0
0	0	0	0	0	0	0	0	0	0	1	0
0	0	0	0	0	0	0	0	0	0	0	1
40
31
2
1
#######END OF DATA FILE#######
999
