#######GENERAL HEADER INPUT#######
1
30
1
30
1
30
30
12
1	2	3	4	5	6	7	8	9	10	11	12
12
1	2	3	4	5	6	7	8	9	10	11	12
1
101
1
1
#######SURVEY DATA#######
30
1	2	3	4	5	6	7	8	9	10	11	12	13	14	15	16	17	18	19	20	21	22	23	24	25	26	27	28	29	30
1.44274268290045	1.39748406055469	1.57140750892529	1.63642924542643	1.4821823730088	1.44754119086572	1.39217816229317	1.55635893112633	1.53840047291278	1.36050590228992	1.07820890525223	1.05844741105156	0.955637341259879	1.01919953886963	0.852627957719815	0.873535125239229	0.938239756433455	0.912215228959855	0.83491740981745	0.844751257503073	0.752916274341368	0.66039162174555	0.706515261050958	0.727297679540816	0.594917307580734	0.526242430317535	0.526875583261898	0.514459883751464	0.467176068677521	0.654984747393136
0.2	0.2	0.2	0.2	0.2	0.2	0.2	0.2	0.2	0.2	0.2	0.2	0.2	0.2	0.2	0.2	0.2	0.2	0.2	0.2	0.2	0.2	0.2	0.2	0.2	0.2	0.2	0.2	0.2	0.2
30
1	2	3	4	5	6	7	8	9	10	11	12	13	14	15	16	17	18	19	20	21	22	23	24	25	26	27	28	29	30
200	200	200	200	200	200	200	200	200	200	200	200	200	200	200	200	200	200	200	200	200	200	200	200	200	200	200	200	200	200
200	200	200	200	200	200	200	200	200	200	200	200	200	200	200	200	200	200	200	200	200	200	200	200	200	200	200	200	200	200
0.05	0.09	0.135	0.15	0.08	0.075	0.05	0.07	0.09	0.035	0.03	0.145
0.09	0.195	0.095	0.135	0.09	0.065	0.035	0.04	0.03	0.035	0.05	0.14
0.065	0.13	0.14	0.12	0.095	0.095	0.085	0.07	0.025	0.03	0.04	0.105
0.055	0.145	0.155	0.12	0.12	0.06	0.06	0.025	0.025	0.025	0.055	0.155
0.065	0.13	0.11	0.16	0.125	0.09	0.08	0.03	0.02	0.03	0.03	0.13
0.085	0.135	0.115	0.13	0.12	0.11	0.06	0.06	0.05	0.03	0.015	0.09
0.06	0.21	0.25	0.09	0.065	0.085	0.045	0.02	0.035	0.02	0.025	0.095
0.07	0.135	0.165	0.095	0.09	0.1	0.095	0.05	0.04	0.03	0.015	0.115
0.085	0.145	0.15	0.145	0.15	0.055	0.04	0.05	0.05	0.03	0.015	0.085
0.07	0.125	0.21	0.13	0.165	0.095	0.04	0.03	0.045	0.01	0.02	0.06
0.05	0.18	0.155	0.135	0.08	0.11	0.07	0.045	0.06	0.02	0.015	0.08
0.05	0.205	0.23	0.13	0.085	0.04	0.045	0.06	0.03	0.01	0.04	0.075
0.085	0.125	0.225	0.15	0.115	0.095	0.075	0.03	0.025	0.01	0.01	0.055
0.085	0.18	0.175	0.165	0.11	0.07	0.09	0.02	0.03	0.02	0.005	0.05
0.05	0.18	0.16	0.145	0.125	0.12	0.065	0.03	0.04	0.02	0.015	0.05
0.115	0.155	0.25	0.12	0.07	0.055	0.03	0.06	0.04	0.025	0.015	0.065
0.09	0.175	0.185	0.17	0.11	0.065	0.06	0.065	0.015	0.01	0.04	0.015
0.075	0.2	0.225	0.1	0.14	0.07	0.05	0.03	0.035	0.01	0.03	0.035
0.07	0.16	0.19	0.15	0.115	0.105	0.02	0.045	0.03	0.03	0.03	0.055
0.035	0.245	0.11	0.205	0.13	0.065	0.085	0.04	0.02	0.02	0.015	0.03
0.105	0.165	0.22	0.11	0.185	0.065	0.04	0.03	0.02	0.025	0.01	0.025
0.17	0.3	0.16	0.095	0.07	0.085	0.06	0.03	0.005	0.005	0	0.02
0.105	0.28	0.275	0.095	0.095	0.03	0.04	0.04	0	0.03	0	0.01
0.05	0.22	0.225	0.235	0.105	0.05	0.035	0.01	0.015	0.015	0.005	0.035
0.175	0.195	0.195	0.195	0.08	0.06	0.035	0.03	0.025	0.005	0	0.005
0.13	0.305	0.15	0.1	0.125	0.105	0.01	0.04	0.01	0.015	0.005	0.005
0.115	0.215	0.285	0.16	0.105	0.035	0.04	0.01	0.01	0.01	0.015	0
0.08	0.25	0.2	0.2	0.09	0.09	0.03	0.03	0.01	0.015	0	0.005
0.175	0.255	0.225	0.1	0.11	0.045	0.02	0.035	0.02	0.005	0	0.01
0.08	0.3	0.27	0.12	0.075	0.095	0.025	0.005	0.005	0.005	0	0.02
#######LANDINGS DATA#######
1
30
159.494453274297	470.352584307351	759.233832320485	989.978640797354	763.886024074308	1320.23262235173	1273.86660806478	2485.39401611276	1315.33339345021	1514.03419753362	1619.28914653435	1621.28588295962	1102.82902142105	1521.70996608043	1507.47148708765	1270.90482127649	2254.86448355088	1611.28984585155	1447.84186112463	1311.65529497712	1610.82706896046	1070.33505989894	1631.67794294867	1194.90938265224	1116.27782069909	963.672758406412	922.814947277942	1197.76530166405	871.968095586785	1278.01582656202
0.01	0.01	0.01	0.01	0.01	0.01	0.01	0.01	0.01	0.01	0.01	0.01	0.01	0.01	0.01	0.01	0.01	0.01	0.01	0.01	0.01	0.01	0.01	0.01	0.01	0.01	0.01	0.01	0.01	0.01
30
1	2	3	4	5	6	7	8	9	10	11	12	13	14	15	16	17	18	19	20	21	22	23	24	25	26	27	28	29	30
200	200	200	200	200	200	200	200	200	200	200	200	200	200	200	200	200	200	200	200	200	200	200	200	200	200	200	200	200	200
200	200	200	200	200	200	200	200	200	200	200	200	200	200	200	200	200	200	200	200	200	200	200	200	200	200	200	200	200	200
0.085	0.1	0.115	0.15	0.1	0.09	0.08	0.04	0.055	0.015	0.05	0.12
0.135	0.085	0.09	0.135	0.13	0.095	0.055	0.04	0.045	0.04	0.03	0.12
0.06	0.125	0.17	0.105	0.115	0.1	0.055	0.05	0.035	0.055	0.03	0.1
0.065	0.09	0.16	0.125	0.105	0.095	0.075	0.045	0.04	0.045	0.02	0.135
0.08	0.08	0.115	0.145	0.09	0.065	0.07	0.105	0.04	0.035	0.03	0.145
0.055	0.165	0.09	0.12	0.16	0.075	0.035	0.055	0.035	0.025	0.04	0.145
0.08	0.145	0.16	0.11	0.09	0.095	0.065	0.055	0.035	0.04	0.025	0.1
0.075	0.14	0.165	0.145	0.045	0.11	0.065	0.07	0.055	0.02	0.025	0.085
0.055	0.115	0.175	0.175	0.105	0.045	0.07	0.06	0.035	0.03	0.01	0.125
0.145	0.105	0.155	0.1	0.12	0.145	0.035	0.045	0.03	0.03	0.015	0.075
0.085	0.14	0.135	0.165	0.08	0.095	0.08	0.035	0.03	0.02	0.04	0.095
0.065	0.16	0.145	0.1	0.11	0.085	0.085	0.04	0.05	0.015	0.035	0.11
0.1	0.125	0.13	0.21	0.12	0.1	0.02	0.04	0.055	0.025	0.01	0.065
0.13	0.145	0.155	0.135	0.13	0.065	0.065	0.04	0.045	0.02	0.015	0.055
0.1	0.16	0.155	0.09	0.135	0.125	0.06	0.035	0.015	0.04	0.03	0.055
0.135	0.16	0.145	0.085	0.115	0.095	0.05	0.075	0.04	0.035	0.015	0.05
0.16	0.125	0.225	0.145	0.105	0.07	0.055	0.015	0.025	0.02	0.005	0.05
0.095	0.19	0.195	0.165	0.1	0.08	0.03	0.03	0.045	0.02	0.01	0.04
0.085	0.15	0.15	0.2	0.145	0.09	0.035	0.045	0.025	0.025	0.005	0.045
0.115	0.165	0.185	0.14	0.13	0.075	0.04	0.04	0.02	0.005	0.005	0.08
0.18	0.125	0.2	0.105	0.12	0.105	0.055	0.015	0.045	0.005	0.015	0.03
0.115	0.22	0.15	0.135	0.11	0.095	0.065	0.045	0.025	0.015	0	0.025
0.11	0.21	0.265	0.125	0.1	0.045	0.05	0.035	0.005	0.015	0.01	0.03
0.105	0.235	0.265	0.155	0.055	0.08	0.035	0.035	0.015	0.01	0	0.01
0.23	0.155	0.125	0.17	0.15	0.07	0.04	0.01	0.015	0.025	0	0.01
0.12	0.22	0.23	0.14	0.11	0.075	0.035	0.025	0.01	0.01	0.005	0.02
0.17	0.14	0.225	0.15	0.115	0.07	0.04	0.035	0.025	0.01	0.015	0.005
0.205	0.15	0.13	0.275	0.065	0.05	0.06	0.015	0.01	0.015	0.01	0.015
0.185	0.275	0.205	0.115	0.075	0.09	0.02	0.01	0.02	0	0.005	0
0.14	0.285	0.23	0.12	0.095	0.055	0.04	0.025	0.005	0.005	0	0
#######PARAMETER SECTION#######
800	400	1200	-4	800	-0.25	1
0.18	0.01	1	-4	0.18	-0.25	1
-1.36	-5	-0.001	-4	-1.36	-0.25	1
0.1	0.05	0.3	-4	0.1	-0.25	1
0.2	0.01	0.5	-4	0.2	-0.25	1
0.75	0.20001	1	-3	0.75	-0.25	1
13.815511	-1	200	1	13.815511	-0.25	1
0	-1	1	-4	0	-0.25	1
0.2	1e-04	1.2	-3	0.2	-0.25	1
0	-10	10	-6	0	-1	1
0	-10	10	-6	0	-1	1
2	0	12	-2	2	-0.5	1
1	0	12	-2	1	-0.5	1
2	0	12	-2	2	-0.5	1
1	0	12	-2	1	-0.5	1
1.5	0	12	-2	1.5	-0.5	1
2	0	12	-2	2	-0.5	1
-14.8682006803499	-30	5	1	-14.8682006803499	-1	1
1	0.1	2	-1	1	-1	1
-1.51930887058023	-10	1.39	1	-1.51930887058023	-1	1
#######DEV CONSTRAINTS and DEVS#######
-15	15	2
-15	15	2
-15	15	2
0	0	0	0	0	0	0	0	0	0	0	0	0	0	0	0	0	0	0	0	0	0	0	0	0	0	0	0	0	0
0	0	0	0	0	0	0	0	0	0	0	0	0	0	0	0	0	0	0	0	0	0	0	0	0	0	0	0	0	0
0	0	0	0	0	0	0	0	0	0	0
#######LIKELIHOOD WEIGHTS#######
1
1
1
1
0
1
0
0
0
#######MISCELLANEOUS STUFF SECTION#######
2.5e-08
3
0.5	0.5	0.5	0.5	0.5	0.5	0.5	0.5	0.5	0.5	0.5	0.5
0.0229773699100256	0.320821300824607	0.904650535100891	0.994779874306442	0.999738809680904	0.999986992871533	0.999999352405202	0.999999967758134	0.999999998394772	0.99999999992008	0.999999999996021	0.999999999999802
0.2	0.2	0.2	0.2	0.2	0.2	0.2	0.2	0.2	0.2	0.2	0.2
0
1
10
0.2
1
1	0	0	0	0	0	0	0	0	0	0	0
0	1	0	0	0	0	0	0	0	0	0	0
0	0	1	0	0	0	0	0	0	0	0	0
0	0	0	1	0	0	0	0	0	0	0	0
0	0	0	0	1	0	0	0	0	0	0	0
0	0	0	0	0	1	0	0	0	0	0	0
0	0	0	0	0	0	1	0	0	0	0	0
0	0	0	0	0	0	0	1	0	0	0	0
0	0	0	0	0	0	0	0	1	0	0	0
0	0	0	0	0	0	0	0	0	1	0	0
0	0	0	0	0	0	0	0	0	0	1	0
0	0	0	0	0	0	0	0	0	0	0	1
40
31
2
1
#######END OF DATA FILE#######
999
