#######GENERAL HEADER INPUT#######
1
30
1
30
1
30
30
12
1	2	3	4	5	6	7	8	9	10	11	12
12
1	2	3	4	5	6	7	8	9	10	11	12
1
101
1
1
#######SURVEY DATA#######
30
1	2	3	4	5	6	7	8	9	10	11	12	13	14	15	16	17	18	19	20	21	22	23	24	25	26	27	28	29	30
1.37904043044644	1.74808574767345	1.83012346370764	1.34742469990416	1.59373675572447	1.61995690266301	1.29929782455061	1.20894236311757	1.12774817136943	1.43736290269638	1.2070449752708	1.01757666523715	1.14589630687383	0.945533396122578	0.998751859889461	1.13380860363343	1.02599447637869	0.854396092642476	0.854465346591168	0.725673621718564	0.660185570430347	0.664598719227358	0.887058041359191	0.627670432666055	0.661147485523505	0.582033438827684	0.516935610521863	0.531675353834616	0.542167689976996	0.594333962909954
0.2	0.2	0.2	0.2	0.2	0.2	0.2	0.2	0.2	0.2	0.2	0.2	0.2	0.2	0.2	0.2	0.2	0.2	0.2	0.2	0.2	0.2	0.2	0.2	0.2	0.2	0.2	0.2	0.2	0.2
30
1	2	3	4	5	6	7	8	9	10	11	12	13	14	15	16	17	18	19	20	21	22	23	24	25	26	27	28	29	30
200	200	200	200	200	200	200	200	200	200	200	200	200	200	200	200	200	200	200	200	200	200	200	200	200	200	200	200	200	200
200	200	200	200	200	200	200	200	200	200	200	200	200	200	200	200	200	200	200	200	200	200	200	200	200	200	200	200	200	200
0.03	0.12	0.115	0.165	0.12	0.085	0.075	0.065	0.05	0.04	0.025	0.11
0.095	0.115	0.13	0.125	0.1	0.065	0.085	0.04	0.065	0.04	0.03	0.11
0.065	0.17	0.115	0.11	0.09	0.04	0.075	0.045	0.045	0.05	0.035	0.16
0.04	0.11	0.155	0.155	0.095	0.095	0.06	0.075	0.035	0.035	0.02	0.125
0.065	0.13	0.115	0.17	0.115	0.085	0.085	0.025	0.05	0.03	0.025	0.105
0.085	0.175	0.095	0.125	0.145	0.07	0.06	0.04	0.025	0.035	0.045	0.1
0.08	0.175	0.215	0.085	0.07	0.08	0.055	0.05	0.04	0.01	0.01	0.13
0.05	0.155	0.225	0.165	0.065	0.065	0.07	0.05	0.04	0.025	0.015	0.075
0.075	0.2	0.145	0.14	0.13	0.07	0.03	0.03	0.03	0.015	0.04	0.095
0.075	0.18	0.145	0.115	0.1	0.12	0.06	0.065	0.04	0.02	0.01	0.07
0.08	0.13	0.14	0.145	0.115	0.115	0.055	0.055	0.025	0.05	0.015	0.075
0.065	0.125	0.21	0.085	0.13	0.07	0.06	0.085	0.035	0.03	0.025	0.08
0.075	0.155	0.145	0.175	0.11	0.09	0.05	0.06	0.04	0.01	0.015	0.075
0.11	0.15	0.15	0.155	0.135	0.075	0.085	0.035	0.025	0.025	0.005	0.05
0.12	0.165	0.125	0.115	0.145	0.05	0.035	0.05	0.055	0.03	0.04	0.07
0.11	0.17	0.155	0.115	0.105	0.09	0.02	0.065	0.03	0.045	0.025	0.07
0.095	0.21	0.175	0.16	0.1	0.05	0.04	0.055	0.045	0.015	0	0.055
0.06	0.215	0.225	0.155	0.085	0.065	0.025	0.04	0.045	0.015	0.025	0.045
0.09	0.125	0.245	0.2	0.09	0.09	0.04	0.02	0.03	0.01	0.025	0.035
0.09	0.16	0.175	0.205	0.11	0.08	0.05	0.035	0.01	0.03	0.01	0.045
0.14	0.205	0.215	0.15	0.09	0.05	0.055	0.035	0.005	0.01	0.005	0.04
0.16	0.275	0.165	0.105	0.07	0.06	0.055	0.05	0.02	0.01	0.01	0.02
0.11	0.29	0.27	0.075	0.07	0.045	0.05	0.025	0.015	0.015	0.015	0.02
0.085	0.24	0.21	0.16	0.095	0.07	0.02	0.035	0.02	0.03	0.01	0.025
0.22	0.205	0.18	0.18	0.085	0.055	0.02	0.01	0.015	0.015	0.005	0.01
0.125	0.29	0.2	0.16	0.11	0.045	0.015	0.015	0.01	0.01	0.005	0.015
0.12	0.19	0.235	0.145	0.12	0.075	0.055	0.015	0.015	0.015	0.005	0.01
0.13	0.18	0.225	0.18	0.1	0.05	0.05	0.045	0.005	0	0.01	0.025
0.145	0.365	0.18	0.115	0.085	0.03	0.045	0.01	0.005	0	0	0.02
0.085	0.325	0.225	0.17	0.09	0.045	0.03	0.01	0.005	0.015	0	0
#######LANDINGS DATA#######
1
30
161.154494815063	472.357366568213	756.813580074812	999.989767778532	765.571674454111	1320.48003908323	1268.68767394806	2467.31517682944	1335.42750930484	1525.61658710888	1612.83534819361	1611.33011837596	1103.64818247055	1521.22092573351	1505.89818666679	1277.34313437367	2264.65729248597	1602.54717520103	1460.94755796773	1321.22148129581	1622.95454753864	1075.74162822613	1615.06860800224	1206.48381404329	1117.72233332585	967.954766907727	923.716657423397	1211.18357024924	871.439181947322	1274.44034909522
0.01	0.01	0.01	0.01	0.01	0.01	0.01	0.01	0.01	0.01	0.01	0.01	0.01	0.01	0.01	0.01	0.01	0.01	0.01	0.01	0.01	0.01	0.01	0.01	0.01	0.01	0.01	0.01	0.01	0.01
30
1	2	3	4	5	6	7	8	9	10	11	12	13	14	15	16	17	18	19	20	21	22	23	24	25	26	27	28	29	30
200	200	200	200	200	200	200	200	200	200	200	200	200	200	200	200	200	200	200	200	200	200	200	200	200	200	200	200	200	200
200	200	200	200	200	200	200	200	200	200	200	200	200	200	200	200	200	200	200	200	200	200	200	200	200	200	200	200	200	200
0.075	0.1	0.115	0.125	0.105	0.09	0.1	0.04	0.065	0.045	0.045	0.095
0.07	0.07	0.16	0.16	0.115	0.055	0.06	0.08	0.045	0.04	0.025	0.12
0.09	0.095	0.15	0.15	0.135	0.05	0.05	0.035	0.04	0.02	0.025	0.16
0.04	0.09	0.175	0.13	0.08	0.055	0.12	0.05	0.06	0.045	0.035	0.12
0.09	0.11	0.165	0.12	0.08	0.07	0.07	0.065	0.04	0.03	0.02	0.14
0.1	0.1	0.115	0.115	0.12	0.11	0.05	0.055	0.05	0.03	0.035	0.12
0.085	0.125	0.185	0.08	0.09	0.07	0.06	0.085	0.055	0.02	0.035	0.11
0.065	0.115	0.18	0.135	0.085	0.09	0.07	0.035	0.03	0.01	0.04	0.145
0.075	0.115	0.135	0.175	0.17	0.07	0.04	0.055	0.04	0.045	0.015	0.065
0.105	0.105	0.195	0.12	0.095	0.125	0.06	0.045	0.03	0.035	0.02	0.065
0.14	0.135	0.14	0.175	0.095	0.05	0.11	0.025	0.045	0.03	0.015	0.04
0.06	0.17	0.135	0.11	0.15	0.07	0.065	0.07	0.03	0.01	0.01	0.12
0.115	0.125	0.17	0.16	0.09	0.06	0.055	0.065	0.045	0.02	0.015	0.08
0.125	0.135	0.165	0.16	0.11	0.04	0.06	0.045	0.045	0.055	0.02	0.04
0.1	0.195	0.16	0.145	0.105	0.085	0.04	0.05	0.025	0.035	0.015	0.045
0.11	0.125	0.195	0.155	0.105	0.08	0.085	0.025	0.03	0.02	0.03	0.04
0.115	0.16	0.195	0.15	0.09	0.1	0.06	0.04	0.015	0.015	0.01	0.05
0.075	0.17	0.21	0.155	0.095	0.075	0.05	0.03	0.01	0.035	0.04	0.055
0.1	0.125	0.235	0.155	0.09	0.09	0.065	0.04	0.015	0.025	0.01	0.05
0.075	0.22	0.17	0.185	0.105	0.04	0.05	0.07	0.04	0.01	0.005	0.03
0.175	0.145	0.195	0.095	0.14	0.07	0.045	0.06	0.01	0.02	0	0.045
0.16	0.255	0.115	0.135	0.085	0.075	0.06	0.04	0.025	0.015	0.005	0.03
0.12	0.195	0.23	0.095	0.155	0.09	0.04	0.005	0.02	0.02	0.015	0.015
0.125	0.17	0.27	0.16	0.095	0.045	0.025	0.055	0.015	0.01	0.01	0.02
0.16	0.2	0.195	0.215	0.095	0.06	0.04	0.01	0.005	0.015	0.005	0
0.16	0.175	0.205	0.14	0.145	0.055	0.045	0.025	0.015	0.005	0	0.03
0.16	0.165	0.24	0.12	0.13	0.075	0.055	0.005	0.02	0	0.01	0.02
0.185	0.245	0.135	0.145	0.12	0.07	0.05	0.025	0.015	0.005	0.005	0
0.185	0.215	0.235	0.105	0.085	0.045	0.045	0.015	0.025	0.03	0.015	0
0.145	0.245	0.24	0.145	0.09	0.06	0.025	0.015	0.015	0.01	0	0.01
#######PARAMETER SECTION#######
800	400	1200	-4	800	-0.25	1
0.18	0.01	1	-4	0.18	-0.25	1
-1.36	-5	-0.001	-4	-1.36	-0.25	1
0.1	0.05	0.3	-4	0.1	-0.25	1
0.2	0.01	0.5	-4	0.2	-0.25	1
0.75	0.20001	1	-3	0.75	-0.25	1
13.815511	-1	200	1	13.815511	-0.25	1
0	-1	1	-4	0	-0.25	1
0.2	1e-04	1.2	-3	0.2	-0.25	1
0	-10	10	-6	0	-1	1
0	-10	10	-6	0	-1	1
2	0	12	-2	2	-0.5	1
1	0	12	-2	1	-0.5	1
2	0	12	-2	2	-0.5	1
1	0	12	-2	1	-0.5	1
1.5	0	12	-2	1.5	-0.5	1
2	0	12	-2	2	-0.5	1
-14.8682006803499	-30	5	1	-14.8682006803499	-1	1
1	0.1	2	-1	1	-1	1
-1.51930887058023	-10	1.39	1	-1.51930887058023	-1	1
#######DEV CONSTRAINTS and DEVS#######
-15	15	2
-15	15	2
-15	15	2
0	0	0	0	0	0	0	0	0	0	0	0	0	0	0	0	0	0	0	0	0	0	0	0	0	0	0	0	0	0
0	0	0	0	0	0	0	0	0	0	0	0	0	0	0	0	0	0	0	0	0	0	0	0	0	0	0	0	0	0
0	0	0	0	0	0	0	0	0	0	0
#######LIKELIHOOD WEIGHTS#######
1
1
1
1
0
1
0
0
0
#######MISCELLANEOUS STUFF SECTION#######
2.5e-08
3
0.5	0.5	0.5	0.5	0.5	0.5	0.5	0.5	0.5	0.5	0.5	0.5
0.0229773699100256	0.320821300824607	0.904650535100891	0.994779874306442	0.999738809680904	0.999986992871533	0.999999352405202	0.999999967758134	0.999999998394772	0.99999999992008	0.999999999996021	0.999999999999802
0.2	0.2	0.2	0.2	0.2	0.2	0.2	0.2	0.2	0.2	0.2	0.2
0
1
10
0.2
1
1	0	0	0	0	0	0	0	0	0	0	0
0	1	0	0	0	0	0	0	0	0	0	0
0	0	1	0	0	0	0	0	0	0	0	0
0	0	0	1	0	0	0	0	0	0	0	0
0	0	0	0	1	0	0	0	0	0	0	0
0	0	0	0	0	1	0	0	0	0	0	0
0	0	0	0	0	0	1	0	0	0	0	0
0	0	0	0	0	0	0	1	0	0	0	0
0	0	0	0	0	0	0	0	1	0	0	0
0	0	0	0	0	0	0	0	0	1	0	0
0	0	0	0	0	0	0	0	0	0	1	0
0	0	0	0	0	0	0	0	0	0	0	1
40
31
2
1
#######END OF DATA FILE#######
999
