#######GENERAL HEADER INPUT#######
1
30
1
30
1
30
30
12
1	2	3	4	5	6	7	8	9	10	11	12
12
1	2	3	4	5	6	7	8	9	10	11	12
1
101
1
1
#######SURVEY DATA#######
30
1	2	3	4	5	6	7	8	9	10	11	12	13	14	15	16	17	18	19	20	21	22	23	24	25	26	27	28	29	30
1.48874758397163	1.48782676009968	1.53184358570892	1.53632096722492	1.66692414393237	1.41841164539363	1.48012577601045	1.14382583621265	1.39019946093808	1.26964148428032	1.29295703742357	1.03273137154921	1.14097124327708	1.06983864525273	0.994815203089814	0.935943617724723	1.1983525049813	0.774189159674448	0.675028223792653	0.852724391211431	0.786031734613207	0.598565058513895	0.638587878781606	0.588235386617772	0.583528982970555	0.539526186726455	0.478640836519172	0.552030938364427	0.614172152990274	0.5134434946823
0.2	0.2	0.2	0.2	0.2	0.2	0.2	0.2	0.2	0.2	0.2	0.2	0.2	0.2	0.2	0.2	0.2	0.2	0.2	0.2	0.2	0.2	0.2	0.2	0.2	0.2	0.2	0.2	0.2	0.2
30
1	2	3	4	5	6	7	8	9	10	11	12	13	14	15	16	17	18	19	20	21	22	23	24	25	26	27	28	29	30
200	200	200	200	200	200	200	200	200	200	200	200	200	200	200	200	200	200	200	200	200	200	200	200	200	200	200	200	200	200
200	200	200	200	200	200	200	200	200	200	200	200	200	200	200	200	200	200	200	200	200	200	200	200	200	200	200	200	200	200
0.085	0.115	0.12	0.1	0.07	0.1	0.07	0.055	0.025	0.04	0.03	0.19
0.1	0.12	0.18	0.085	0.095	0.065	0.08	0.045	0.06	0.035	0.02	0.115
0.07	0.15	0.135	0.14	0.085	0.055	0.075	0.04	0.035	0.045	0.01	0.16
0.025	0.14	0.16	0.155	0.08	0.065	0.095	0.05	0.045	0.03	0.03	0.125
0.12	0.095	0.145	0.17	0.085	0.08	0.055	0.035	0.055	0.025	0.01	0.125
0.07	0.185	0.095	0.12	0.135	0.055	0.08	0.065	0.035	0.045	0.03	0.085
0.075	0.125	0.29	0.06	0.045	0.105	0.045	0.04	0.035	0.03	0.03	0.12
0.05	0.135	0.215	0.185	0.06	0.06	0.075	0.07	0.035	0.01	0.005	0.1
0.08	0.17	0.13	0.105	0.135	0.065	0.055	0.03	0.045	0.05	0.02	0.115
0.085	0.12	0.205	0.16	0.115	0.06	0.035	0.02	0.04	0.02	0.01	0.13
0.11	0.165	0.15	0.125	0.095	0.09	0.095	0.04	0.035	0.015	0.015	0.065
0.05	0.2	0.175	0.105	0.1	0.105	0.06	0.075	0.04	0.01	0.05	0.03
0.065	0.165	0.205	0.21	0.095	0.05	0.04	0.03	0.03	0.005	0.025	0.08
0.085	0.175	0.19	0.16	0.105	0.095	0.055	0.015	0.03	0.025	0.015	0.05
0.095	0.215	0.145	0.13	0.08	0.09	0.06	0.045	0.03	0.015	0.015	0.08
0.09	0.175	0.19	0.13	0.095	0.07	0.08	0.045	0.05	0.01	0.01	0.055
0.12	0.165	0.17	0.125	0.11	0.1	0.065	0.04	0.035	0.025	0.015	0.03
0.06	0.265	0.225	0.095	0.105	0.055	0.025	0.04	0.04	0.035	0.015	0.04
0.105	0.16	0.225	0.185	0.06	0.075	0.06	0.02	0.05	0.02	0.005	0.035
0.09	0.185	0.19	0.205	0.135	0.05	0.045	0.03	0.01	0.005	0.01	0.045
0.135	0.195	0.21	0.145	0.12	0.05	0.04	0.04	0.01	0.01	0.01	0.035
0.13	0.255	0.155	0.13	0.105	0.065	0.05	0.05	0.005	0.015	0.015	0.025
0.105	0.285	0.275	0.095	0.095	0.035	0.04	0.03	0.01	0.01	0.005	0.015
0.13	0.255	0.21	0.17	0.065	0.02	0.06	0.04	0.02	0	0.01	0.02
0.14	0.205	0.285	0.18	0.08	0.035	0.015	0.015	0.02	0.005	0	0.02
0.065	0.32	0.185	0.165	0.065	0.075	0.02	0.055	0.02	0.015	0	0.015
0.11	0.255	0.27	0.16	0.085	0.05	0.035	0.015	0.005	0.005	0.005	0.005
0.11	0.265	0.21	0.21	0.07	0.07	0.02	0.02	0.015	0.005	0	0.005
0.165	0.325	0.22	0.13	0.065	0.02	0.055	0.005	0.01	0	0	0.005
0.125	0.305	0.21	0.135	0.095	0.04	0.03	0.015	0.02	0.005	0.01	0.01
#######LANDINGS DATA#######
1
30
160.880693071043	464.308334924384	765.368360247143	996.495961451776	766.606278845345	1320.36850881207	1273.5209703964	2479.11771130886	1324.51406828572	1525.13539931697	1609.42881517831	1619.92125999904	1110.8185304867	1524.25247537868	1506.22890155381	1272.73359496552	2274.42611662615	1618.1633075154	1459.66637782373	1324.55498813592	1633.93737159285	1082.58672344978	1631.99727197549	1201.34801613504	1120.9117569741	981.377327513955	927.655775053077	1200.8941254958	870.665154798565	1274.01496479611
0.01	0.01	0.01	0.01	0.01	0.01	0.01	0.01	0.01	0.01	0.01	0.01	0.01	0.01	0.01	0.01	0.01	0.01	0.01	0.01	0.01	0.01	0.01	0.01	0.01	0.01	0.01	0.01	0.01	0.01
30
1	2	3	4	5	6	7	8	9	10	11	12	13	14	15	16	17	18	19	20	21	22	23	24	25	26	27	28	29	30
200	200	200	200	200	200	200	200	200	200	200	200	200	200	200	200	200	200	200	200	200	200	200	200	200	200	200	200	200	200
200	200	200	200	200	200	200	200	200	200	200	200	200	200	200	200	200	200	200	200	200	200	200	200	200	200	200	200	200	200
0.08	0.135	0.135	0.125	0.09	0.095	0.05	0.05	0.035	0.04	0.045	0.12
0.095	0.115	0.105	0.155	0.08	0.1	0.1	0.025	0.065	0.045	0.005	0.11
0.085	0.19	0.12	0.12	0.1	0.075	0.05	0.04	0.05	0.01	0.03	0.13
0.09	0.08	0.125	0.13	0.045	0.135	0.065	0.075	0.065	0.025	0.015	0.15
0.12	0.085	0.135	0.11	0.065	0.1	0.05	0.055	0.04	0.055	0.03	0.155
0.075	0.135	0.125	0.105	0.115	0.075	0.07	0.05	0.035	0.045	0.03	0.14
0.07	0.09	0.17	0.115	0.09	0.14	0.065	0.045	0.04	0.04	0.015	0.12
0.105	0.125	0.13	0.17	0.105	0.055	0.085	0.05	0.04	0.03	0.015	0.09
0.08	0.13	0.16	0.175	0.14	0.05	0.035	0.065	0.045	0.01	0.015	0.095
0.065	0.11	0.13	0.115	0.14	0.12	0.06	0.055	0.06	0.035	0.05	0.06
0.09	0.1	0.16	0.12	0.1	0.105	0.065	0.035	0.02	0.06	0.04	0.105
0.075	0.11	0.185	0.115	0.115	0.09	0.09	0.065	0.03	0.025	0.045	0.055
0.09	0.095	0.145	0.14	0.115	0.13	0.045	0.035	0.04	0.02	0.02	0.125
0.105	0.11	0.185	0.135	0.135	0.06	0.075	0.02	0.055	0.02	0.005	0.095
0.095	0.16	0.165	0.13	0.13	0.08	0.05	0.065	0.025	0.025	0.025	0.05
0.145	0.18	0.145	0.135	0.085	0.13	0.08	0.015	0.005	0.005	0.015	0.06
0.16	0.19	0.14	0.115	0.12	0.07	0.06	0.025	0.025	0.02	0.01	0.065
0.12	0.265	0.145	0.105	0.12	0.085	0.045	0.04	0.015	0.005	0.005	0.05
0.15	0.14	0.23	0.16	0.095	0.04	0.045	0.025	0.035	0.025	0.005	0.05
0.07	0.23	0.145	0.21	0.125	0.1	0.055	0	0.03	0.005	0.01	0.02
0.145	0.17	0.17	0.145	0.135	0.085	0.025	0.035	0.03	0	0.02	0.04
0.175	0.215	0.13	0.14	0.07	0.05	0.065	0.03	0.065	0.015	0.015	0.03
0.14	0.29	0.205	0.085	0.1	0.05	0.025	0.02	0.025	0.03	0.015	0.015
0.105	0.22	0.22	0.205	0.065	0.05	0.03	0.025	0.02	0.02	0.005	0.035
0.15	0.18	0.225	0.165	0.13	0.04	0.04	0.035	0.015	0.005	0.005	0.01
0.14	0.25	0.15	0.165	0.12	0.075	0.05	0.015	0.005	0.015	0.005	0.01
0.17	0.18	0.24	0.175	0.11	0.07	0.02	0.01	0.005	0.005	0.01	0.005
0.21	0.25	0.125	0.17	0.09	0.08	0.025	0.01	0.02	0	0.005	0.015
0.215	0.26	0.175	0.125	0.11	0.07	0.01	0.005	0.005	0.015	0.005	0.005
0.15	0.29	0.225	0.12	0.08	0.055	0.04	0.01	0.015	0	0.005	0.01
#######PARAMETER SECTION#######
800	400	1200	-4	800	-0.25	1
0.18	0.01	1	-4	0.18	-0.25	1
-1.36	-5	-0.001	-4	-1.36	-0.25	1
0.1	0.05	0.3	-4	0.1	-0.25	1
0.2	0.01	0.5	-4	0.2	-0.25	1
0.75	0.20001	1	-3	0.75	-0.25	1
13.815511	-1	200	1	13.815511	-0.25	1
0	-1	1	-4	0	-0.25	1
0.2	1e-04	1.2	-3	0.2	-0.25	1
0	-10	10	-6	0	-1	1
0	-10	10	-6	0	-1	1
2	0	12	-2	2	-0.5	1
1	0	12	-2	1	-0.5	1
2	0	12	-2	2	-0.5	1
1	0	12	-2	1	-0.5	1
1.5	0	12	-2	1.5	-0.5	1
2	0	12	-2	2	-0.5	1
-14.8682006803499	-30	5	1	-14.8682006803499	-1	1
1	0.1	2	-1	1	-1	1
-1.51930887058023	-10	1.39	1	-1.51930887058023	-1	1
#######DEV CONSTRAINTS and DEVS#######
-15	15	2
-15	15	2
-15	15	2
0	0	0	0	0	0	0	0	0	0	0	0	0	0	0	0	0	0	0	0	0	0	0	0	0	0	0	0	0	0
0	0	0	0	0	0	0	0	0	0	0	0	0	0	0	0	0	0	0	0	0	0	0	0	0	0	0	0	0	0
0	0	0	0	0	0	0	0	0	0	0
#######LIKELIHOOD WEIGHTS#######
1
1
1
1
0
1
0
0
0
#######MISCELLANEOUS STUFF SECTION#######
2.5e-08
3
0.5	0.5	0.5	0.5	0.5	0.5	0.5	0.5	0.5	0.5	0.5	0.5
0.0229773699100256	0.320821300824607	0.904650535100891	0.994779874306442	0.999738809680904	0.999986992871533	0.999999352405202	0.999999967758134	0.999999998394772	0.99999999992008	0.999999999996021	0.999999999999802
0.2	0.2	0.2	0.2	0.2	0.2	0.2	0.2	0.2	0.2	0.2	0.2
0
1
10
0.2
1
1	0	0	0	0	0	0	0	0	0	0	0
0	1	0	0	0	0	0	0	0	0	0	0
0	0	1	0	0	0	0	0	0	0	0	0
0	0	0	1	0	0	0	0	0	0	0	0
0	0	0	0	1	0	0	0	0	0	0	0
0	0	0	0	0	1	0	0	0	0	0	0
0	0	0	0	0	0	1	0	0	0	0	0
0	0	0	0	0	0	0	1	0	0	0	0
0	0	0	0	0	0	0	0	1	0	0	0
0	0	0	0	0	0	0	0	0	1	0	0
0	0	0	0	0	0	0	0	0	0	1	0
0	0	0	0	0	0	0	0	0	0	0	1
40
31
2
1
#######END OF DATA FILE#######
999
