#######GENERAL HEADER INPUT#######
1
30
1
30
1
30
30
12
1	2	3	4	5	6	7	8	9	10	11	12
12
1	2	3	4	5	6	7	8	9	10	11	12
1
1001
1
1
#######SURVEY DATA#######
30
1	2	3	4	5	6	7	8	9	10	11	12	13	14	15	16	17	18	19	20	21	22	23	24	25	26	27	28	29	30
2.19549606081947	2.1712926798465	2.04320955324473	2.13862335174305	1.84400806061507	2.09201757399827	1.78488946902174	1.28778882063159	0.949938674942658	0.920939976357386	0.911373053338376	0.810508510047635	0.852641090337475	0.859486211694247	0.851826262265973	0.665897396141704	0.920920763217782	0.763834035680111	0.676949066326477	0.679258168454343	0.746490945912837	0.575932191471428	0.624457953745872	0.481157731401373	0.480646834065433	0.644299288977768	0.56665952228938	0.675530333357343	0.540206104923529	0.473540160056808
0.2	0.2	0.2	0.2	0.2	0.2	0.2	0.2	0.2	0.2	0.2	0.2	0.2	0.2	0.2	0.2	0.2	0.2	0.2	0.2	0.2	0.2	0.2	0.2	0.2	0.2	0.2	0.2	0.2	0.2
30
1	2	3	4	5	6	7	8	9	10	11	12	13	14	15	16	17	18	19	20	21	22	23	24	25	26	27	28	29	30
200	200	200	200	200	200	200	200	200	200	200	200	200	200	200	200	200	200	200	200	200	200	200	200	200	200	200	200	200	200
200	200	200	200	200	200	200	200	200	200	200	200	200	200	200	200	200	200	200	200	200	200	200	200	200	200	200	200	200	200
0.08	0.11	0.19	0.145	0.1	0.05	0.065	0.04	0.045	0.04	0.035	0.1
0.07	0.1	0.125	0.12	0.1	0.14	0.045	0.045	0.045	0.03	0.04	0.14
0.06	0.125	0.12	0.185	0.095	0.075	0.055	0.06	0.03	0.015	0.015	0.165
0.055	0.145	0.16	0.135	0.115	0.115	0.06	0.035	0.05	0.035	0.01	0.085
0.055	0.115	0.185	0.115	0.075	0.105	0.065	0.04	0.085	0.03	0.025	0.105
0.085	0.135	0.14	0.145	0.115	0.07	0.06	0.04	0.04	0.04	0.03	0.1
0.1	0.185	0.165	0.095	0.11	0.05	0.08	0.045	0.04	0.03	0	0.1
0.155	0.185	0.225	0.1	0.04	0.07	0.075	0.025	0.02	0.02	0.01	0.075
0.105	0.24	0.245	0.13	0.11	0.025	0.035	0.015	0.005	0.015	0.02	0.055
0.135	0.275	0.205	0.165	0.075	0.06	0.02	0	0.005	0.01	0.005	0.045
0.05	0.3	0.245	0.175	0.085	0.055	0.015	0.015	0.005	0.005	0.01	0.04
0.165	0.215	0.28	0.095	0.1	0.045	0.025	0.03	0	0.025	0.01	0.01
0.09	0.3	0.22	0.2	0.05	0.035	0.05	0.015	0.02	0.005	0.005	0.01
0.13	0.21	0.25	0.15	0.095	0.05	0.07	0	0.02	0.015	0	0.01
0.155	0.265	0.19	0.2	0.075	0.055	0.02	0.02	0.015	0	0.005	0
0.115	0.3	0.25	0.115	0.085	0.06	0.04	0.005	0.025	0	0	0.005
0.11	0.255	0.315	0.16	0.065	0.045	0.015	0.02	0.005	0.005	0	0.005
0.095	0.24	0.2	0.22	0.095	0.035	0.065	0.005	0.025	0.005	0.005	0.01
0.1	0.215	0.29	0.1	0.14	0.055	0.055	0.02	0.01	0.01	0	0.005
0.12	0.24	0.205	0.165	0.095	0.08	0.06	0.01	0	0.005	0.01	0.01
0.13	0.335	0.2	0.13	0.065	0.06	0.025	0.015	0.03	0	0.005	0.005
0.12	0.225	0.335	0.14	0.07	0.045	0.025	0.02	0.005	0.005	0.005	0.005
0.1	0.22	0.26	0.245	0.065	0.065	0.02	0.005	0.02	0	0	0
0.15	0.205	0.24	0.18	0.125	0.05	0.015	0.015	0.015	0	0	0.005
0.15	0.32	0.165	0.165	0.13	0.055	0.015	0	0	0	0	0
0.125	0.295	0.25	0.1	0.085	0.06	0.065	0.005	0	0.01	0.005	0
0.195	0.25	0.265	0.12	0.09	0.04	0.01	0.015	0.005	0	0	0.01
0.09	0.255	0.29	0.2	0.07	0.025	0.02	0.025	0.015	0.005	0	0.005
0.175	0.155	0.32	0.18	0.065	0.04	0.025	0.015	0.005	0.015	0	0.005
0.15	0.245	0.165	0.19	0.12	0.065	0.03	0.015	0.015	0	0.005	0
#######LANDINGS DATA#######
1
30
161.413364845508	200.942590268295	210.854015119999	207.698718744704	129.875947950529	6291.34175310985	3760.82503249761	4507.07249211194	1606.27890598909	1550.74038592698	1410.48154561983	1282.80725841792	848.341978026579	1159.08757322639	1121.30830332792	954.619311308457	1632.06412260205	1099.95190335724	957.646705525048	867.711256570593	1074.68816180218	733.134719853766	1112.14793573538	799.384295552783	737.012454749755	667.571246543601	677.619905257128	934.262240108452	678.607227417478	953.055305993708
0.01	0.01	0.01	0.01	0.01	0.01	0.01	0.01	0.01	0.01	0.01	0.01	0.01	0.01	0.01	0.01	0.01	0.01	0.01	0.01	0.01	0.01	0.01	0.01	0.01	0.01	0.01	0.01	0.01	0.01
30
1	2	3	4	5	6	7	8	9	10	11	12	13	14	15	16	17	18	19	20	21	22	23	24	25	26	27	28	29	30
200	200	200	200	200	200	200	200	200	200	200	200	200	200	200	200	200	200	200	200	200	200	200	200	200	200	200	200	200	200
200	200	200	200	200	200	200	200	200	200	200	200	200	200	200	200	200	200	200	200	200	200	200	200	200	200	200	200	200	200
0.095	0.06	0.095	0.145	0.11	0.115	0.09	0.05	0.05	0.05	0.015	0.125
0.08	0.14	0.13	0.115	0.135	0.075	0.085	0.03	0.04	0.025	0.01	0.135
0.07	0.095	0.155	0.125	0.105	0.08	0.08	0.055	0.04	0.02	0.04	0.135
0.035	0.125	0.065	0.11	0.11	0.125	0.05	0.05	0.065	0.075	0.05	0.14
0.06	0.135	0.125	0.135	0.095	0.065	0.085	0.04	0.05	0.035	0.035	0.14
0.075	0.135	0.105	0.15	0.09	0.095	0.065	0.045	0.055	0.045	0.06	0.08
0.14	0.135	0.11	0.135	0.085	0.075	0.07	0.065	0.045	0.025	0.025	0.09
0.13	0.155	0.175	0.08	0.09	0.11	0.065	0.035	0.015	0.035	0.015	0.095
0.15	0.25	0.13	0.155	0.095	0.035	0.04	0.015	0.02	0.025	0.02	0.065
0.145	0.175	0.26	0.13	0.095	0.055	0.02	0.02	0.02	0.015	0.02	0.045
0.11	0.215	0.235	0.185	0.09	0.05	0.04	0.025	0.01	0.01	0.005	0.025
0.205	0.14	0.255	0.135	0.115	0.065	0.02	0.02	0.005	0.005	0	0.035
0.14	0.26	0.15	0.18	0.1	0.08	0.055	0.01	0.01	0	0	0.015
0.14	0.175	0.275	0.145	0.135	0.025	0.07	0.015	0.005	0	0	0.015
0.14	0.24	0.215	0.17	0.115	0.06	0.015	0.02	0.01	0.005	0.005	0.005
0.195	0.205	0.2	0.155	0.11	0.035	0.065	0.01	0.01	0.015	0	0
0.065	0.235	0.25	0.2	0.075	0.07	0.02	0.045	0.015	0	0.01	0.015
0.145	0.26	0.215	0.18	0.06	0.05	0.03	0.025	0.02	0	0.01	0.005
0.215	0.19	0.165	0.2	0.085	0.07	0.02	0.02	0.005	0.005	0.01	0.015
0.22	0.17	0.215	0.115	0.12	0.09	0.03	0.005	0.025	0	0	0.01
0.19	0.26	0.175	0.13	0.07	0.07	0.045	0.035	0.01	0.005	0	0.01
0.185	0.16	0.235	0.18	0.1	0.07	0.025	0.02	0.02	0	0	0.005
0.165	0.29	0.18	0.205	0.07	0.045	0.015	0	0.02	0	0.01	0
0.18	0.195	0.275	0.165	0.115	0.035	0.025	0.005	0.005	0	0	0
0.17	0.215	0.225	0.185	0.11	0.06	0.015	0.02	0	0	0	0
0.21	0.28	0.175	0.12	0.085	0.035	0.025	0.05	0.005	0.01	0.005	0
0.205	0.22	0.27	0.12	0.045	0.04	0.05	0.03	0.01	0	0	0.01
0.085	0.255	0.25	0.23	0.085	0.045	0.02	0.015	0.01	0.005	0	0
0.205	0.14	0.275	0.16	0.135	0.03	0.03	0	0.01	0.005	0.01	0
0.16	0.31	0.125	0.175	0.115	0.065	0.025	0.015	0.01	0	0	0
#######PARAMETER SECTION#######
800	400	1200	-4	800	-0.25	1
0.18	0.01	1	-4	0.18	-0.25	1
-1.36	-5	-0.001	-4	-1.36	-0.25	1
0.1	0.05	0.3	-4	0.1	-0.25	1
0.2	0.01	0.5	-4	0.2	-0.25	1
0.75	0.20001	1	-3	0.75	-0.25	1
13.815511	-1	200	1	13.815511	-0.25	1
0	-1	1	-4	0	-0.25	1
0.2	1e-04	1.2	-3	0.2	-0.25	1
0	-10	10	-6	0	-1	1
0	-10	10	-6	0	-1	1
2	0	12	2	2	-0.5	1
1	0	12	2	1	-0.5	1
2	0	12	-2	2	-0.5	1
1	0	12	-2	1	-0.5	1
1.5	0	12	2	1.5	-0.5	1
2	0	12	2	2	-0.5	1
-14.5835839026275	-30	5	1	-14.5835839026275	-1	1
1	0.1	2	-1	1	-1	1
-1.04635603558635	-10	1.39	1	-1.04635603558635	-1	1
#######DEV CONSTRAINTS and DEVS#######
-15	15	2
-15	15	2
-15	15	2
0	0	0	0	0	0	0	0	0	0	0	0	0	0	0	0	0	0	0	0	0	0	0	0	0	0	0	0	0	0
0	0	0	0	0	0	0	0	0	0	0	0	0	0	0	0	0	0	0	0	0	0	0	0	0	0	0	0	0	0
0	0	0	0	0	0	0	0	0	0	0
#######LIKELIHOOD WEIGHTS#######
1
1
1
1
0
1
0
0
0
#######MISCELLANEOUS STUFF SECTION#######
2.5e-08
3
0.5	0.5	0.5	0.5	0.5	0.5	0.5	0.5	0.5	0.5	0.5	0.5
0.0229773699100256	0.320821300824607	0.904650535100891	0.994779874306442	0.999738809680904	0.999986992871533	0.999999352405202	0.999999967758134	0.999999998394772	0.99999999992008	0.999999999996021	0.999999999999802
0.2	0.2	0.2	0.2	0.2	0.2	0.2	0.2	0.2	0.2	0.2	0.2
0
1
10
0.2
1
1	0	0	0	0	0	0	0	0	0	0	0
0	1	0	0	0	0	0	0	0	0	0	0
0	0	1	0	0	0	0	0	0	0	0	0
0	0	0	1	0	0	0	0	0	0	0	0
0	0	0	0	1	0	0	0	0	0	0	0
0	0	0	0	0	1	0	0	0	0	0	0
0	0	0	0	0	0	1	0	0	0	0	0
0	0	0	0	0	0	0	1	0	0	0	0
0	0	0	0	0	0	0	0	1	0	0	0
0	0	0	0	0	0	0	0	0	1	0	0
0	0	0	0	0	0	0	0	0	0	1	0
0	0	0	0	0	0	0	0	0	0	0	1
40
31
2
1
#######END OF DATA FILE#######
999
