# Number of parameters = 73  Objective function value = 26360.0  Maximum gradient component = 0.00515577
# sel_params[1]:
2.00000000000
# sel_params[2]:
1.00000000000
# log_Fmult_year1:
 -4.69049519975
# log_Fmult_devs:
 1.08658109866 0.495389014481 0.314273186774 -0.220812526484 0.585787051627 0.0250313926717 0.754977304916 -0.532687384035 0.200809947443 0.128539419661 0.0694476799352 -0.320899674525 0.369835644966 0.0723410549860 -0.123407752632 0.670692974046 -0.206095561660 0.00344117284645 -0.0246823191072 0.319895806382 -0.316439813997 0.495550445767 -0.188995332836 -0.0133663081812 -0.0971501773648 -0.0311353637021 0.318862224935 -0.280473556460 0.408026134030
# log_recruit_devs:
 -0.0150314464864 0.163716765523 -0.0519262325281 -0.217509774566 0.276872426932 0.227228632223 -0.0435887735603 0.125626764984 -0.116056915444 0.0949793624129 0.103842500083 -0.0587808964971 -0.142191155506 0.0596864156796 -0.00429407509883 0.122919168442 0.0778752929398 -0.147625702413 -0.190269932479 -0.230971962858 0.157810512480 0.0874816823519 -0.0955932574819 -0.236525633409 0.0725433756394 -0.154051865023 -0.0921997592527 0.137961173403 0.223604495247 -0.135531185738
# log_N_year1_devs:
 0.0162426623367 0.0210861028860 -0.0159995627841 -0.131472735736 -0.0345699218256 0.0184292685160 -0.0768346978074 -0.170940092812 0.0389569340816 0.201021267980 -0.102725717952
# log_q_year1:
 -7.96461811635
# log_q_devs:
 0.00000000000 0.00000000000 0.00000000000 0.00000000000 0.00000000000 0.00000000000 0.00000000000 0.00000000000 0.00000000000 0.00000000000 0.00000000000 0.00000000000 0.00000000000 0.00000000000 0.00000000000 0.00000000000 0.00000000000 0.00000000000 0.00000000000 0.00000000000 0.00000000000 0.00000000000 0.00000000000 0.00000000000 0.00000000000 0.00000000000 0.00000000000 0.00000000000 0.00000000000
# index_sel_params[1]:
1.50000000000
# index_sel_params[2]:
0.500000000000
# log_SR_scaler:
6.91172704574
# SR_steepness:
0.750000000000
