#######GENERAL HEADER INPUT#######
1
30
1
30
1
30
30
12
1	2	3	4	5	6	7	8	9	10	11	12
12
1	2	3	4	5	6	7	8	9	10	11	12
1
101
1
1
#######SURVEY DATA#######
30
1	2	3	4	5	6	7	8	9	10	11	12	13	14	15	16	17	18	19	20	21	22	23	24	25	26	27	28	29	30
1.48722087715335	1.45908539335801	1.62274706216096	1.41574395845095	1.31427844376533	1.51791338367666	1.55863795412172	1.39865430442679	1.19788098629426	1.23192007679027	1.27106824298476	1.03530270272535	1.11667286861781	0.979898173737871	0.766964224980362	0.992014578996272	0.983960619815129	1.10969083188064	0.966362381802125	0.958668442472565	0.840431969256664	0.689782773061381	0.657516005235661	0.613351337419133	0.543081151606392	0.613139545220216	0.497394220972096	0.577064426139035	0.572380820060806	0.56212161540029
0.2	0.2	0.2	0.2	0.2	0.2	0.2	0.2	0.2	0.2	0.2	0.2	0.2	0.2	0.2	0.2	0.2	0.2	0.2	0.2	0.2	0.2	0.2	0.2	0.2	0.2	0.2	0.2	0.2	0.2
30
1	2	3	4	5	6	7	8	9	10	11	12	13	14	15	16	17	18	19	20	21	22	23	24	25	26	27	28	29	30
200	200	200	200	200	200	200	200	200	200	200	200	200	200	200	200	200	200	200	200	200	200	200	200	200	200	200	200	200	200
200	200	200	200	200	200	200	200	200	200	200	200	200	200	200	200	200	200	200	200	200	200	200	200	200	200	200	200	200	200
0.055	0.155	0.165	0.105	0.095	0.09	0.035	0.08	0.03	0.03	0.03	0.13
0.085	0.13	0.13	0.1	0.11	0.065	0.06	0.07	0.045	0.04	0.045	0.12
0.065	0.205	0.115	0.095	0.075	0.065	0.07	0.035	0.07	0.045	0.045	0.115
0.07	0.14	0.18	0.085	0.07	0.085	0.05	0.055	0.06	0.06	0.02	0.125
0.12	0.12	0.11	0.145	0.09	0.085	0.085	0.03	0.045	0.03	0.035	0.105
0.07	0.255	0.105	0.105	0.1	0.03	0.08	0.045	0.055	0.045	0.035	0.075
0.05	0.19	0.2	0.09	0.11	0.09	0.045	0.03	0.045	0.025	0.035	0.09
0.095	0.15	0.18	0.135	0.075	0.07	0.04	0.035	0.04	0.04	0.035	0.105
0.055	0.155	0.185	0.13	0.15	0.055	0.045	0.06	0.02	0.03	0.03	0.085
0.1	0.16	0.22	0.115	0.115	0.09	0.04	0.02	0.035	0.025	0.015	0.065
0.09	0.22	0.185	0.125	0.09	0.105	0.025	0.03	0.03	0.01	0.015	0.075
0.07	0.16	0.16	0.125	0.115	0.07	0.09	0.05	0.025	0.02	0.025	0.09
0.055	0.15	0.215	0.105	0.11	0.095	0.075	0.055	0.04	0.01	0.005	0.085
0.06	0.215	0.12	0.165	0.105	0.085	0.035	0.065	0.055	0.03	0.005	0.06
0.075	0.18	0.135	0.16	0.11	0.095	0.05	0.075	0.025	0.045	0.015	0.035
0.105	0.2	0.18	0.13	0.06	0.115	0.055	0.055	0.03	0.015	0.005	0.05
0.09	0.235	0.17	0.14	0.12	0.075	0.03	0.045	0.01	0.015	0.02	0.05
0.07	0.205	0.22	0.14	0.135	0.095	0.02	0.045	0.03	0.015	0.015	0.01
0.08	0.18	0.25	0.19	0.08	0.07	0.045	0.05	0.01	0.005	0.005	0.035
0.075	0.215	0.17	0.155	0.155	0.07	0.045	0.035	0.02	0.025	0.015	0.02
0.15	0.175	0.195	0.1	0.115	0.1	0.075	0.03	0.015	0	0.015	0.03
0.14	0.24	0.15	0.18	0.09	0.08	0.045	0.015	0.005	0.02	0.005	0.03
0.07	0.275	0.26	0.13	0.125	0.04	0.035	0.02	0.01	0.01	0.005	0.02
0.07	0.18	0.27	0.15	0.085	0.06	0.045	0.055	0.035	0.015	0.01	0.025
0.14	0.215	0.18	0.19	0.125	0.03	0.04	0.01	0.02	0.015	0.02	0.015
0.065	0.345	0.215	0.075	0.14	0.07	0.035	0.03	0.005	0	0.015	0.005
0.095	0.21	0.3	0.16	0.095	0.035	0.065	0	0.01	0.01	0.005	0.015
0.135	0.22	0.215	0.205	0.115	0.03	0.035	0.025	0.005	0.005	0	0.01
0.155	0.315	0.195	0.09	0.13	0.05	0.015	0.015	0.02	0.005	0.005	0.005
0.115	0.315	0.245	0.16	0.06	0.045	0.015	0.025	0.005	0.005	0.005	0.005
#######LANDINGS DATA#######
1
30
160.945187455418	470.434686143461	762.268417614492	998.88665713242	759.457685626654	1337.56796968904	1291.97034725538	2476.16841654754	1329.43674385378	1513.5841200088	1623.32501546822	1608.97245315161	1104.70055287748	1518.705178677	1520.97354390947	1275.31463300713	2240.67096785192	1624.49435218616	1449.36257288121	1319.54194225431	1618.98222295414	1073.47891493547	1613.02307881404	1195.94136151553	1118.92143066531	969.188164186514	918.393355633848	1203.06793265303	875.121612621166	1278.44610870354
0.01	0.01	0.01	0.01	0.01	0.01	0.01	0.01	0.01	0.01	0.01	0.01	0.01	0.01	0.01	0.01	0.01	0.01	0.01	0.01	0.01	0.01	0.01	0.01	0.01	0.01	0.01	0.01	0.01	0.01
30
1	2	3	4	5	6	7	8	9	10	11	12	13	14	15	16	17	18	19	20	21	22	23	24	25	26	27	28	29	30
200	200	200	200	200	200	200	200	200	200	200	200	200	200	200	200	200	200	200	200	200	200	200	200	200	200	200	200	200	200
200	200	200	200	200	200	200	200	200	200	200	200	200	200	200	200	200	200	200	200	200	200	200	200	200	200	200	200	200	200
0.08	0.125	0.14	0.14	0.12	0.065	0.045	0.06	0.025	0.05	0.03	0.12
0.105	0.085	0.165	0.105	0.095	0.12	0.055	0.035	0.025	0.025	0.06	0.125
0.065	0.12	0.09	0.14	0.115	0.095	0.05	0.065	0.045	0.02	0.065	0.13
0.045	0.13	0.225	0.085	0.13	0.085	0.045	0.04	0.03	0.04	0.02	0.125
0.125	0.05	0.155	0.15	0.1	0.09	0.08	0.035	0.045	0.03	0.04	0.1
0.075	0.11	0.07	0.145	0.14	0.12	0.075	0.035	0.03	0.015	0.03	0.155
0.055	0.14	0.165	0.12	0.1	0.075	0.065	0.055	0.045	0.03	0.03	0.12
0.065	0.125	0.125	0.17	0.08	0.08	0.1	0.05	0.025	0.04	0.02	0.12
0.05	0.09	0.15	0.165	0.155	0.05	0.04	0.075	0.03	0.045	0.035	0.115
0.155	0.11	0.15	0.14	0.115	0.1	0.035	0.04	0.05	0.025	0.015	0.065
0.125	0.13	0.14	0.085	0.15	0.085	0.085	0.035	0.015	0.04	0.025	0.085
0.08	0.145	0.2	0.12	0.13	0.075	0.075	0.035	0.035	0.02	0.03	0.055
0.075	0.145	0.215	0.11	0.09	0.075	0.065	0.05	0.065	0.02	0.03	0.06
0.125	0.12	0.115	0.145	0.135	0.095	0.06	0.075	0.03	0.04	0.015	0.045
0.085	0.19	0.14	0.095	0.165	0.075	0.065	0.035	0.02	0.05	0.015	0.065
0.115	0.11	0.165	0.16	0.115	0.095	0.055	0.06	0.02	0.01	0.03	0.065
0.16	0.18	0.145	0.13	0.08	0.055	0.045	0.045	0.055	0.035	0.005	0.065
0.11	0.18	0.195	0.11	0.105	0.1	0.06	0.03	0.04	0	0.015	0.055
0.1	0.13	0.245	0.175	0.075	0.065	0.065	0.03	0.025	0.025	0.02	0.045
0.075	0.115	0.18	0.195	0.155	0.065	0.075	0.03	0.015	0.035	0.035	0.025
0.14	0.16	0.14	0.14	0.15	0.11	0.055	0.025	0.03	0.015	0.01	0.025
0.175	0.255	0.17	0.12	0.06	0.08	0.035	0.02	0.02	0.025	0.01	0.03
0.125	0.205	0.235	0.12	0.12	0.05	0.045	0.055	0.02	0.005	0	0.02
0.15	0.205	0.225	0.165	0.07	0.055	0.035	0.045	0.025	0.01	0.005	0.01
0.18	0.125	0.15	0.24	0.145	0.055	0.04	0	0.025	0.01	0.005	0.025
0.13	0.26	0.145	0.145	0.125	0.06	0.02	0.045	0.02	0.015	0.005	0.03
0.12	0.2	0.275	0.13	0.08	0.09	0.06	0.01	0.015	0	0.02	0
0.215	0.185	0.165	0.2	0.105	0.045	0.04	0.025	0.01	0.005	0.005	0
0.18	0.295	0.24	0.075	0.095	0.04	0.01	0.02	0.015	0.005	0	0.025
0.135	0.265	0.205	0.135	0.105	0.055	0.03	0.02	0.03	0.005	0.005	0.01
#######PARAMETER SECTION#######
800	400	1200	-4	800	-0.25	1
0.18	0.01	1	-4	0.18	-0.25	1
-1.36	-5	-0.001	-4	-1.36	-0.25	1
0.1	0.05	0.3	-4	0.1	-0.25	1
0.2	0.01	0.5	-4	0.2	-0.25	1
0.75	0.20001	1	-3	0.75	-0.25	1
13.815511	-1	200	1	13.815511	-0.25	1
0	-1	1	-4	0	-0.25	1
0.2	1e-04	1.2	-3	0.2	-0.25	1
0	-10	10	-6	0	-1	1
0	-10	10	-6	0	-1	1
2	0	12	-2	2	-0.5	1
1	0	12	-2	1	-0.5	1
2	0	12	-2	2	-0.5	1
1	0	12	-2	1	-0.5	1
1.5	0	12	-2	1.5	-0.5	1
2	0	12	-2	2	-0.5	1
-14.8682006803499	-30	5	1	-14.8682006803499	-1	1
1	0.1	2	-1	1	-1	1
-1.51930887058023	-10	1.39	1	-1.51930887058023	-1	1
#######DEV CONSTRAINTS and DEVS#######
-15	15	2
-15	15	2
-15	15	2
0	0	0	0	0	0	0	0	0	0	0	0	0	0	0	0	0	0	0	0	0	0	0	0	0	0	0	0	0	0
0	0	0	0	0	0	0	0	0	0	0	0	0	0	0	0	0	0	0	0	0	0	0	0	0	0	0	0	0	0
0	0	0	0	0	0	0	0	0	0	0
#######LIKELIHOOD WEIGHTS#######
1
1
1
1
0
1
0
0
0
#######MISCELLANEOUS STUFF SECTION#######
2.5e-08
3
0.5	0.5	0.5	0.5	0.5	0.5	0.5	0.5	0.5	0.5	0.5	0.5
0.0229773699100256	0.320821300824607	0.904650535100891	0.994779874306442	0.999738809680904	0.999986992871533	0.999999352405202	0.999999967758134	0.999999998394772	0.99999999992008	0.999999999996021	0.999999999999802
0.2	0.2	0.2	0.2	0.2	0.2	0.2	0.2	0.2	0.2	0.2	0.2
0
1
10
0.2
1
1	0	0	0	0	0	0	0	0	0	0	0
0	1	0	0	0	0	0	0	0	0	0	0
0	0	1	0	0	0	0	0	0	0	0	0
0	0	0	1	0	0	0	0	0	0	0	0
0	0	0	0	1	0	0	0	0	0	0	0
0	0	0	0	0	1	0	0	0	0	0	0
0	0	0	0	0	0	1	0	0	0	0	0
0	0	0	0	0	0	0	1	0	0	0	0
0	0	0	0	0	0	0	0	1	0	0	0
0	0	0	0	0	0	0	0	0	1	0	0
0	0	0	0	0	0	0	0	0	0	1	0
0	0	0	0	0	0	0	0	0	0	0	1
40
31
2
1
#######END OF DATA FILE#######
999
