#######GENERAL HEADER INPUT#######
1
30
1
30
1
30
30
12
1	2	3	4	5	6	7	8	9	10	11	12
12
1	2	3	4	5	6	7	8	9	10	11	12
1
101
1
1
#######SURVEY DATA#######
30
1	2	3	4	5	6	7	8	9	10	11	12	13	14	15	16	17	18	19	20	21	22	23	24	25	26	27	28	29	30
1.69534476189303	1.39339898834816	1.41810658215276	1.31900783761598	1.47149696693771	1.65118779031277	1.41608330460262	1.66156471684806	1.27295393952055	1.15585672544996	1.19211010869784	1.0498302644246	1.13748494546717	0.973628096231306	0.88985441831084	0.938390480862665	0.964981051525497	0.76103122053685	0.791024560137514	0.637712196017919	0.797839418491834	0.766153432910921	0.761701704593899	0.724396919114303	0.585261913451243	0.491155993669409	0.450824851806218	0.482553325883432	0.588175568814195	0.454119457184433
0.2	0.2	0.2	0.2	0.2	0.2	0.2	0.2	0.2	0.2	0.2	0.2	0.2	0.2	0.2	0.2	0.2	0.2	0.2	0.2	0.2	0.2	0.2	0.2	0.2	0.2	0.2	0.2	0.2	0.2
30
1	2	3	4	5	6	7	8	9	10	11	12	13	14	15	16	17	18	19	20	21	22	23	24	25	26	27	28	29	30
200	200	200	200	200	200	200	200	200	200	200	200	200	200	200	200	200	200	200	200	200	200	200	200	200	200	200	200	200	200
200	200	200	200	200	200	200	200	200	200	200	200	200	200	200	200	200	200	200	200	200	200	200	200	200	200	200	200	200	200
0.05	0.175	0.13	0.145	0.045	0.065	0.08	0.06	0.065	0.03	0.03	0.125
0.09	0.135	0.14	0.135	0.09	0.06	0.06	0.075	0.025	0.01	0.06	0.12
0.035	0.155	0.18	0.09	0.125	0.09	0.08	0.065	0.03	0.03	0.03	0.09
0.03	0.105	0.225	0.125	0.09	0.075	0.045	0.03	0.055	0.035	0.04	0.145
0.075	0.13	0.17	0.145	0.095	0.08	0.045	0.05	0.045	0.025	0.03	0.11
0.08	0.185	0.115	0.12	0.12	0.075	0.06	0.045	0.03	0.04	0.01	0.12
0.055	0.19	0.165	0.105	0.11	0.095	0.045	0.04	0.03	0.03	0.025	0.11
0.09	0.17	0.19	0.15	0.06	0.05	0.065	0.06	0.03	0.055	0.005	0.075
0.06	0.205	0.165	0.165	0.13	0.055	0.05	0.025	0.03	0.015	0.01	0.09
0.075	0.17	0.16	0.085	0.115	0.125	0.03	0.035	0.05	0.04	0.035	0.08
0.1	0.195	0.185	0.13	0.09	0.075	0.05	0.02	0.015	0.04	0.025	0.075
0.08	0.18	0.25	0.095	0.135	0.055	0.04	0.04	0.015	0.02	0.02	0.07
0.07	0.145	0.21	0.135	0.08	0.1	0.09	0.035	0.015	0.02	0.01	0.09
0.07	0.22	0.13	0.145	0.135	0.06	0.075	0.03	0.025	0.03	0.005	0.075
0.1	0.175	0.155	0.1	0.17	0.08	0.06	0.045	0.02	0.04	0.01	0.045
0.125	0.185	0.135	0.095	0.15	0.09	0.06	0.025	0.04	0.03	0.01	0.055
0.115	0.17	0.11	0.195	0.12	0.07	0.05	0.035	0.025	0.01	0.025	0.075
0.09	0.225	0.235	0.135	0.075	0.095	0.025	0.02	0.015	0.005	0.025	0.055
0.065	0.175	0.245	0.195	0.085	0.09	0.045	0.025	0.02	0.02	0.005	0.03
0.12	0.17	0.185	0.165	0.145	0.065	0.065	0	0.015	0.025	0.02	0.025
0.135	0.13	0.225	0.185	0.085	0.08	0.04	0.04	0.01	0.03	0.015	0.025
0.125	0.285	0.16	0.165	0.055	0.075	0.035	0.03	0.025	0.01	0.005	0.03
0.13	0.325	0.21	0.1	0.09	0.025	0.035	0.02	0.025	0.01	0.005	0.025
0.11	0.2	0.26	0.18	0.075	0.09	0.025	0.02	0.01	0.015	0	0.015
0.16	0.27	0.19	0.12	0.13	0.025	0.045	0.025	0.02	0.005	0.005	0.005
0.075	0.28	0.19	0.15	0.12	0.08	0.04	0.03	0.025	0.005	0	0.005
0.11	0.2	0.285	0.135	0.095	0.075	0.03	0.025	0.015	0.005	0.015	0.01
0.135	0.255	0.23	0.14	0.075	0.055	0.04	0.04	0.005	0.015	0	0.01
0.145	0.26	0.24	0.135	0.105	0.04	0.015	0.04	0.015	0.005	0	0
0.12	0.31	0.28	0.14	0.045	0.05	0.025	0.015	0.01	0.005	0	0
#######LANDINGS DATA#######
1
30
161.409253616775	470.79761361288	759.09154519844	992.627379012277	769.147453123861	1322.03902064708	1279.59108976159	2458.51925842326	1325.41507256587	1514.68004053017	1629.34473214184	1614.18337082377	1101.35792961971	1530.46457205041	1505.80657715179	1282.49464537782	2265.6155756015	1614.92415074097	1459.46536199011	1325.20614782059	1622.37931215854	1074.44833457149	1634.61516316761	1203.55215209702	1121.69432344487	972.397916216776	927.90987898152	1220.23904814243	873.58780373092	1271.80870859617
0.01	0.01	0.01	0.01	0.01	0.01	0.01	0.01	0.01	0.01	0.01	0.01	0.01	0.01	0.01	0.01	0.01	0.01	0.01	0.01	0.01	0.01	0.01	0.01	0.01	0.01	0.01	0.01	0.01	0.01
30
1	2	3	4	5	6	7	8	9	10	11	12	13	14	15	16	17	18	19	20	21	22	23	24	25	26	27	28	29	30
200	200	200	200	200	200	200	200	200	200	200	200	200	200	200	200	200	200	200	200	200	200	200	200	200	200	200	200	200	200
200	200	200	200	200	200	200	200	200	200	200	200	200	200	200	200	200	200	200	200	200	200	200	200	200	200	200	200	200	200
0.07	0.12	0.135	0.11	0.115	0.07	0.05	0.07	0.04	0.03	0.04	0.15
0.105	0.115	0.14	0.1	0.085	0.07	0.08	0.055	0.045	0.035	0.04	0.13
0.065	0.16	0.095	0.095	0.09	0.105	0.045	0.06	0.055	0.035	0.035	0.16
0.06	0.095	0.14	0.105	0.135	0.1	0.06	0.06	0.065	0.015	0.03	0.135
0.105	0.09	0.14	0.145	0.115	0.095	0.045	0.045	0.04	0.02	0.03	0.13
0.055	0.13	0.08	0.055	0.15	0.08	0.06	0.06	0.035	0.045	0.05	0.2
0.055	0.14	0.215	0.115	0.085	0.06	0.05	0.06	0.03	0.035	0.015	0.14
0.125	0.095	0.125	0.17	0.07	0.08	0.085	0.03	0.035	0.02	0.025	0.14
0.05	0.15	0.125	0.135	0.155	0.075	0.055	0.04	0.03	0.045	0.035	0.105
0.12	0.08	0.205	0.12	0.07	0.125	0.035	0.03	0.055	0.04	0.02	0.1
0.075	0.165	0.12	0.14	0.105	0.105	0.1	0.03	0.05	0.045	0.015	0.05
0.06	0.15	0.18	0.165	0.085	0.05	0.075	0.08	0.025	0.035	0.03	0.065
0.065	0.155	0.165	0.16	0.105	0.07	0.08	0.07	0.02	0.015	0.015	0.08
0.105	0.14	0.17	0.15	0.08	0.085	0.07	0.075	0.015	0.01	0.03	0.07
0.075	0.145	0.16	0.135	0.135	0.1	0.075	0.065	0.025	0.02	0.02	0.045
0.14	0.135	0.215	0.16	0.1	0.085	0.03	0.02	0.02	0.005	0.015	0.075
0.115	0.185	0.13	0.13	0.105	0.085	0.045	0.07	0.035	0.025	0.005	0.07
0.09	0.175	0.185	0.15	0.115	0.05	0.08	0.045	0.045	0.02	0.01	0.035
0.15	0.145	0.2	0.13	0.115	0.1	0.04	0.015	0.05	0.02	0.015	0.02
0.12	0.175	0.22	0.12	0.165	0.08	0.03	0.025	0	0.04	0.015	0.01
0.15	0.18	0.195	0.105	0.09	0.11	0.055	0.04	0.025	0.02	0.005	0.025
0.165	0.235	0.17	0.095	0.075	0.08	0.05	0.03	0.01	0.015	0.015	0.06
0.125	0.215	0.28	0.13	0.085	0.06	0.05	0.005	0.005	0	0	0.045
0.11	0.2	0.28	0.135	0.06	0.07	0.045	0.025	0.03	0.01	0.015	0.02
0.22	0.18	0.13	0.18	0.11	0.035	0.05	0.03	0.02	0.025	0.005	0.015
0.14	0.22	0.16	0.2	0.125	0.08	0.01	0.01	0.015	0.01	0.01	0.02
0.15	0.2	0.235	0.14	0.095	0.085	0.055	0.015	0.01	0	0	0.015
0.22	0.165	0.165	0.195	0.095	0.05	0.06	0.015	0	0.01	0.005	0.02
0.255	0.265	0.165	0.09	0.095	0.035	0.045	0.03	0.01	0	0.01	0
0.155	0.235	0.27	0.155	0.055	0.075	0.025	0.025	0	0.005	0	0
#######PARAMETER SECTION#######
800	400	1200	-4	800	-0.25	1
0.18	0.01	1	-4	0.18	-0.25	1
-1.36	-5	-0.001	-4	-1.36	-0.25	1
0.1	0.05	0.3	-4	0.1	-0.25	1
0.2	0.01	0.5	-4	0.2	-0.25	1
0.75	0.20001	1	-3	0.75	-0.25	1
13.815511	-1	200	1	13.815511	-0.25	1
0	-1	1	-4	0	-0.25	1
0.2	1e-04	1.2	-3	0.2	-0.25	1
0	-10	10	-6	0	-1	1
0	-10	10	-6	0	-1	1
2	0	12	-2	2	-0.5	1
1	0	12	-2	1	-0.5	1
2	0	12	-2	2	-0.5	1
1	0	12	-2	1	-0.5	1
1.5	0	12	-2	1.5	-0.5	1
2	0	12	-2	2	-0.5	1
-14.8682006803499	-30	5	1	-14.8682006803499	-1	1
1	0.1	2	-1	1	-1	1
-1.51930887058023	-10	1.39	1	-1.51930887058023	-1	1
#######DEV CONSTRAINTS and DEVS#######
-15	15	2
-15	15	2
-15	15	2
0	0	0	0	0	0	0	0	0	0	0	0	0	0	0	0	0	0	0	0	0	0	0	0	0	0	0	0	0	0
0	0	0	0	0	0	0	0	0	0	0	0	0	0	0	0	0	0	0	0	0	0	0	0	0	0	0	0	0	0
0	0	0	0	0	0	0	0	0	0	0
#######LIKELIHOOD WEIGHTS#######
1
1
1
1
0
1
0
0
0
#######MISCELLANEOUS STUFF SECTION#######
2.5e-08
3
0.5	0.5	0.5	0.5	0.5	0.5	0.5	0.5	0.5	0.5	0.5	0.5
0.0229773699100256	0.320821300824607	0.904650535100891	0.994779874306442	0.999738809680904	0.999986992871533	0.999999352405202	0.999999967758134	0.999999998394772	0.99999999992008	0.999999999996021	0.999999999999802
0.2	0.2	0.2	0.2	0.2	0.2	0.2	0.2	0.2	0.2	0.2	0.2
0
1
10
0.2
1
1	0	0	0	0	0	0	0	0	0	0	0
0	1	0	0	0	0	0	0	0	0	0	0
0	0	1	0	0	0	0	0	0	0	0	0
0	0	0	1	0	0	0	0	0	0	0	0
0	0	0	0	1	0	0	0	0	0	0	0
0	0	0	0	0	1	0	0	0	0	0	0
0	0	0	0	0	0	1	0	0	0	0	0
0	0	0	0	0	0	0	1	0	0	0	0
0	0	0	0	0	0	0	0	1	0	0	0
0	0	0	0	0	0	0	0	0	1	0	0
0	0	0	0	0	0	0	0	0	0	1	0
0	0	0	0	0	0	0	0	0	0	0	1
40
31
2
1
#######END OF DATA FILE#######
999
