# Number of parameters = 73  Objective function value = 26267.4  Maximum gradient component = 0.00509518
# sel_params[1]:
2.00000000000
# sel_params[2]:
1.00000000000
# log_Fmult_year1:
 -4.65837623490
# log_Fmult_devs:
 1.08341920797 0.499194957466 0.305116345081 -0.243769962269 0.606092074564 0.00669918451613 0.757054714750 -0.530616578979 0.189092353950 0.140552621104 0.0774333997147 -0.332219554372 0.374099050473 0.0670980408304 -0.108618094286 0.668051234658 -0.199875907491 -0.0183379676298 -0.0215868485902 0.347249852687 -0.310671708173 0.487587992773 -0.188362227818 -0.00856061395734 -0.0905402181848 -0.0301760558657 0.355447244523 -0.265635838842 0.419151092482
# log_recruit_devs:
 0.00876148266157 0.188611795203 -0.124697962411 -0.171267189987 0.350215075480 0.112452267188 -0.0171361263627 0.189671646689 -0.0980254469494 -0.0337660540644 0.131357186341 -0.0963254581743 -0.0360888825612 0.0887734530232 -0.0541277864172 0.171813777700 0.104319520154 -0.273894001473 -0.123599554996 -0.269167316452 0.138696211083 0.133901453267 -0.0573757835296 -0.185955627699 0.0534599413131 -0.334123973500 -0.0725161091737 0.0883439914478 0.223849958829 -0.0361604866269
# log_N_year1_devs:
 0.0282249278731 0.0339524577411 0.0554801938414 -0.165263205603 -0.0212304365850 -0.118813886696 -0.112902886296 -0.204304836444 -0.316236851242 -0.0675153389213 -0.0246183817931
# log_q_year1:
 -7.90595921076
# log_q_devs:
 0.00000000000 0.00000000000 0.00000000000 0.00000000000 0.00000000000 0.00000000000 0.00000000000 0.00000000000 0.00000000000 0.00000000000 0.00000000000 0.00000000000 0.00000000000 0.00000000000 0.00000000000 0.00000000000 0.00000000000 0.00000000000 0.00000000000 0.00000000000 0.00000000000 0.00000000000 0.00000000000 0.00000000000 0.00000000000 0.00000000000 0.00000000000 0.00000000000 0.00000000000
# index_sel_params[1]:
1.50000000000
# index_sel_params[2]:
0.500000000000
# log_SR_scaler:
6.90716994429
# SR_steepness:
0.750000000000
