#######GENERAL HEADER INPUT#######
1
30
1
30
1
30
30
12
1	2	3	4	5	6	7	8	9	10	11	12
12
1	2	3	4	5	6	7	8	9	10	11	12
1
101
1
1
#######SURVEY DATA#######
30
1	2	3	4	5	6	7	8	9	10	11	12	13	14	15	16	17	18	19	20	21	22	23	24	25	26	27	28	29	30
1.46231295393301	1.47261214290027	1.45416234902683	1.66591847665721	1.48612475290344	1.36295123090387	1.56245156636963	1.38156250278043	1.3357987223872	1.35468810341325	1.23564266968429	1.03115617493724	0.960433970677209	1.00589288718564	0.868425538533218	0.97670185463381	1.11099330642173	1.03961346164814	0.653176682907921	0.889256899154523	0.572573075585274	0.527340186965573	0.616116516023693	0.526991618134416	0.62966159508474	0.524176335941409	0.518672373695015	0.508023233854084	0.540328823459598	0.51652582918969
0.2	0.2	0.2	0.2	0.2	0.2	0.2	0.2	0.2	0.2	0.2	0.2	0.2	0.2	0.2	0.2	0.2	0.2	0.2	0.2	0.2	0.2	0.2	0.2	0.2	0.2	0.2	0.2	0.2	0.2
30
1	2	3	4	5	6	7	8	9	10	11	12	13	14	15	16	17	18	19	20	21	22	23	24	25	26	27	28	29	30
200	200	200	200	200	200	200	200	200	200	200	200	200	200	200	200	200	200	200	200	200	200	200	200	200	200	200	200	200	200
200	200	200	200	200	200	200	200	200	200	200	200	200	200	200	200	200	200	200	200	200	200	200	200	200	200	200	200	200	200
0.09	0.14	0.15	0.115	0.075	0.05	0.07	0.06	0.06	0.035	0.035	0.12
0.05	0.125	0.105	0.145	0.11	0.12	0.05	0.05	0.055	0.05	0.02	0.12
0.07	0.23	0.11	0.08	0.085	0.08	0.035	0.1	0.045	0.025	0.04	0.1
0.035	0.115	0.185	0.12	0.075	0.095	0.04	0.05	0.05	0.055	0.03	0.15
0.065	0.12	0.13	0.15	0.125	0.055	0.06	0.045	0.03	0.05	0.035	0.135
0.08	0.2	0.095	0.115	0.115	0.065	0.095	0.03	0.035	0.03	0.045	0.095
0.07	0.175	0.125	0.075	0.145	0.085	0.06	0.08	0.025	0.025	0.03	0.105
0.115	0.15	0.17	0.15	0.06	0.07	0.055	0.05	0.04	0.035	0.025	0.08
0.08	0.13	0.175	0.2	0.125	0.065	0.015	0.04	0.03	0.035	0.025	0.08
0.1	0.18	0.195	0.1	0.13	0.055	0.05	0.035	0.05	0.01	0.02	0.075
0.055	0.18	0.145	0.145	0.14	0.055	0.105	0.055	0.02	0.025	0.005	0.07
0.065	0.16	0.165	0.11	0.12	0.1	0.065	0.065	0.015	0.02	0.03	0.085
0.1	0.125	0.235	0.13	0.065	0.095	0.065	0.045	0.03	0.04	0.01	0.06
0.11	0.175	0.125	0.165	0.08	0.055	0.045	0.04	0.06	0.04	0.025	0.08
0.1	0.18	0.21	0.125	0.08	0.09	0.06	0.055	0.015	0.02	0.02	0.045
0.115	0.175	0.17	0.115	0.085	0.06	0.075	0.05	0.055	0.02	0.02	0.06
0.1	0.22	0.18	0.135	0.08	0.07	0.065	0.035	0.045	0.02	0.01	0.04
0.095	0.24	0.185	0.115	0.07	0.065	0.035	0.045	0.06	0.03	0.03	0.03
0.09	0.165	0.22	0.17	0.14	0.075	0.035	0.035	0.02	0.015	0.005	0.03
0.065	0.195	0.205	0.19	0.11	0.085	0.08	0.025	0.005	0.015	0.005	0.02
0.185	0.175	0.205	0.12	0.12	0.09	0.045	0.01	0.015	0.01	0.02	0.005
0.11	0.27	0.16	0.215	0.05	0.08	0.055	0.03	0.015	0.005	0	0.01
0.1	0.28	0.25	0.12	0.08	0.06	0.035	0.01	0.01	0.015	0.01	0.03
0.105	0.215	0.28	0.2	0.065	0.055	0.01	0.03	0.01	0.01	0	0.02
0.105	0.235	0.15	0.19	0.125	0.055	0.035	0.025	0.02	0.03	0	0.03
0.06	0.35	0.175	0.15	0.1	0.065	0.035	0.015	0.01	0.005	0.01	0.025
0.095	0.24	0.28	0.14	0.08	0.09	0.02	0.01	0.005	0.005	0.005	0.03
0.11	0.14	0.26	0.185	0.105	0.075	0.075	0.01	0.015	0.005	0.005	0.015
0.185	0.275	0.225	0.105	0.085	0.065	0.025	0.02	0	0.01	0	0.005
0.13	0.31	0.275	0.12	0.08	0.055	0.03	0	0	0	0	0
#######LANDINGS DATA#######
1
30
161.924204955672	470.202133822651	761.178891017467	998.599025331835	769.618785931934	1330.73455349466	1287.78175291495	2480.3446893293	1338.49480200468	1522.35498507087	1616.1222747306	1596.75616196334	1101.8464078458	1527.66468455185	1504.30432606813	1263.97064770292	2240.25928818962	1617.13160348278	1445.51037489673	1315.27464047252	1623.12575440928	1078.23103142698	1624.02145938603	1202.11012290899	1119.70420283871	982.927577764593	928.539824079839	1211.56433495415	874.937492856725	1280.61203311334
0.01	0.01	0.01	0.01	0.01	0.01	0.01	0.01	0.01	0.01	0.01	0.01	0.01	0.01	0.01	0.01	0.01	0.01	0.01	0.01	0.01	0.01	0.01	0.01	0.01	0.01	0.01	0.01	0.01	0.01
30
1	2	3	4	5	6	7	8	9	10	11	12	13	14	15	16	17	18	19	20	21	22	23	24	25	26	27	28	29	30
200	200	200	200	200	200	200	200	200	200	200	200	200	200	200	200	200	200	200	200	200	200	200	200	200	200	200	200	200	200
200	200	200	200	200	200	200	200	200	200	200	200	200	200	200	200	200	200	200	200	200	200	200	200	200	200	200	200	200	200
0.085	0.085	0.105	0.14	0.115	0.085	0.065	0.05	0.06	0.08	0.03	0.1
0.06	0.12	0.115	0.12	0.09	0.115	0.05	0.045	0.04	0.04	0.025	0.18
0.05	0.12	0.12	0.135	0.12	0.075	0.1	0.06	0.055	0.015	0.04	0.11
0.065	0.11	0.14	0.1	0.095	0.085	0.075	0.04	0.065	0.025	0.03	0.17
0.105	0.095	0.145	0.155	0.09	0.08	0.05	0.045	0.025	0.01	0.05	0.15
0.085	0.115	0.095	0.15	0.105	0.09	0.08	0.06	0.03	0.025	0.04	0.125
0.1	0.11	0.165	0.115	0.08	0.09	0.055	0.055	0.04	0.03	0.03	0.13
0.1	0.09	0.135	0.145	0.09	0.07	0.07	0.05	0.025	0.035	0.02	0.17
0.085	0.17	0.155	0.15	0.12	0.035	0.05	0.05	0.02	0.045	0.04	0.08
0.065	0.125	0.18	0.13	0.13	0.095	0.055	0.04	0.025	0.04	0.005	0.11
0.115	0.12	0.125	0.17	0.105	0.095	0.085	0.04	0.035	0.015	0.025	0.07
0.085	0.2	0.17	0.11	0.125	0.065	0.05	0.06	0.015	0.01	0.015	0.095
0.09	0.14	0.165	0.145	0.095	0.1	0.105	0.035	0.035	0.025	0.015	0.05
0.07	0.145	0.195	0.135	0.115	0.055	0.08	0.055	0.055	0.035	0.015	0.045
0.13	0.12	0.175	0.12	0.145	0.1	0.055	0.06	0	0.02	0.015	0.06
0.155	0.115	0.195	0.115	0.075	0.095	0.08	0.025	0.05	0.015	0.01	0.07
0.11	0.135	0.225	0.14	0.1	0.045	0.105	0.025	0.01	0.02	0.02	0.065
0.115	0.215	0.21	0.125	0.09	0.06	0.075	0.03	0.015	0.025	0.005	0.035
0.115	0.1	0.245	0.16	0.06	0.1	0.06	0.045	0.03	0.03	0.01	0.045
0.1	0.165	0.15	0.155	0.12	0.075	0.06	0.055	0.05	0.025	0.01	0.035
0.165	0.135	0.165	0.13	0.135	0.095	0.035	0.025	0.045	0.015	0.02	0.035
0.2	0.185	0.19	0.12	0.08	0.08	0.06	0.005	0.02	0.025	0.005	0.03
0.125	0.235	0.2	0.14	0.12	0.03	0.055	0.06	0.005	0.005	0.005	0.02
0.12	0.24	0.185	0.195	0.045	0.085	0.04	0.025	0.04	0	0.01	0.015
0.185	0.185	0.19	0.175	0.125	0.06	0.025	0.02	0.005	0.005	0	0.025
0.09	0.255	0.16	0.15	0.14	0.08	0.02	0.035	0.015	0.02	0.005	0.03
0.175	0.155	0.195	0.16	0.115	0.095	0.055	0.015	0.02	0	0.015	0
0.195	0.175	0.2	0.18	0.095	0.055	0.045	0.02	0.01	0.015	0	0.01
0.235	0.2	0.19	0.12	0.1	0.025	0.06	0.025	0.01	0.01	0.015	0.01
0.155	0.285	0.235	0.135	0.055	0.055	0.04	0.015	0.005	0.005	0	0.015
#######PARAMETER SECTION#######
800	400	1200	-4	800	-0.25	1
0.18	0.01	1	-4	0.18	-0.25	1
-1.36	-5	-0.001	-4	-1.36	-0.25	1
0.1	0.05	0.3	-4	0.1	-0.25	1
0.2	0.01	0.5	-4	0.2	-0.25	1
0.75	0.20001	1	-3	0.75	-0.25	1
13.815511	-1	200	1	13.815511	-0.25	1
0	-1	1	-4	0	-0.25	1
0.2	1e-04	1.2	-3	0.2	-0.25	1
0	-10	10	-6	0	-1	1
0	-10	10	-6	0	-1	1
2	0	12	-2	2	-0.5	1
1	0	12	-2	1	-0.5	1
2	0	12	-2	2	-0.5	1
1	0	12	-2	1	-0.5	1
1.5	0	12	-2	1.5	-0.5	1
2	0	12	-2	2	-0.5	1
-14.8682006803499	-30	5	1	-14.8682006803499	-1	1
1	0.1	2	-1	1	-1	1
-1.51930887058023	-10	1.39	1	-1.51930887058023	-1	1
#######DEV CONSTRAINTS and DEVS#######
-15	15	2
-15	15	2
-15	15	2
0	0	0	0	0	0	0	0	0	0	0	0	0	0	0	0	0	0	0	0	0	0	0	0	0	0	0	0	0	0
0	0	0	0	0	0	0	0	0	0	0	0	0	0	0	0	0	0	0	0	0	0	0	0	0	0	0	0	0	0
0	0	0	0	0	0	0	0	0	0	0
#######LIKELIHOOD WEIGHTS#######
1
1
1
1
0
1
0
0
0
#######MISCELLANEOUS STUFF SECTION#######
2.5e-08
3
0.5	0.5	0.5	0.5	0.5	0.5	0.5	0.5	0.5	0.5	0.5	0.5
0.0229773699100256	0.320821300824607	0.904650535100891	0.994779874306442	0.999738809680904	0.999986992871533	0.999999352405202	0.999999967758134	0.999999998394772	0.99999999992008	0.999999999996021	0.999999999999802
0.2	0.2	0.2	0.2	0.2	0.2	0.2	0.2	0.2	0.2	0.2	0.2
0
1
10
0.2
1
1	0	0	0	0	0	0	0	0	0	0	0
0	1	0	0	0	0	0	0	0	0	0	0
0	0	1	0	0	0	0	0	0	0	0	0
0	0	0	1	0	0	0	0	0	0	0	0
0	0	0	0	1	0	0	0	0	0	0	0
0	0	0	0	0	1	0	0	0	0	0	0
0	0	0	0	0	0	1	0	0	0	0	0
0	0	0	0	0	0	0	1	0	0	0	0
0	0	0	0	0	0	0	0	1	0	0	0
0	0	0	0	0	0	0	0	0	1	0	0
0	0	0	0	0	0	0	0	0	0	1	0
0	0	0	0	0	0	0	0	0	0	0	1
40
31
2
1
#######END OF DATA FILE#######
999
