#######GENERAL HEADER INPUT#######
1
30
1
30
1
30
30
12
1	2	3	4	5	6	7	8	9	10	11	12
12
1	2	3	4	5	6	7	8	9	10	11	12
1
101
1
1
#######SURVEY DATA#######
30
1	2	3	4	5	6	7	8	9	10	11	12	13	14	15	16	17	18	19	20	21	22	23	24	25	26	27	28	29	30
1.41484096310265	1.42832456548166	1.60074509682328	1.54306810066257	1.531425001558	1.4664935673556	1.49687311191304	1.40955760466741	1.37628568732434	1.45357849440475	1.1354589480578	1.0499654818758	0.856700726544688	0.845580694652094	0.928076576934179	1.06584814292791	0.823454314241225	0.918847210148212	0.8442007918935	0.759064952648347	0.744160408534566	0.598317432933062	0.639399871896739	0.549829511512251	0.531005413114285	0.463640144895704	0.449712260893877	0.534983245528048	0.541633437053665	0.51632815316849
0.2	0.2	0.2	0.2	0.2	0.2	0.2	0.2	0.2	0.2	0.2	0.2	0.2	0.2	0.2	0.2	0.2	0.2	0.2	0.2	0.2	0.2	0.2	0.2	0.2	0.2	0.2	0.2	0.2	0.2
30
1	2	3	4	5	6	7	8	9	10	11	12	13	14	15	16	17	18	19	20	21	22	23	24	25	26	27	28	29	30
200	200	200	200	200	200	200	200	200	200	200	200	200	200	200	200	200	200	200	200	200	200	200	200	200	200	200	200	200	200
200	200	200	200	200	200	200	200	200	200	200	200	200	200	200	200	200	200	200	200	200	200	200	200	200	200	200	200	200	200
0.045	0.125	0.16	0.12	0.115	0.07	0.05	0.045	0.04	0.025	0.04	0.165
0.045	0.15	0.17	0.16	0.1	0.085	0.075	0.015	0.02	0.03	0.055	0.095
0.06	0.16	0.16	0.09	0.09	0.105	0.05	0.045	0.05	0.04	0.01	0.14
0.035	0.13	0.17	0.14	0.06	0.1	0.065	0.07	0.05	0.035	0.03	0.115
0.105	0.125	0.105	0.125	0.145	0.09	0.07	0.05	0.02	0.02	0.05	0.095
0.075	0.185	0.13	0.09	0.105	0.08	0.09	0.04	0.045	0.025	0.01	0.125
0.07	0.175	0.215	0.125	0.06	0.085	0.035	0.025	0.045	0.045	0.015	0.105
0.07	0.1	0.21	0.175	0.095	0.075	0.06	0.045	0.015	0.035	0.015	0.105
0.05	0.22	0.165	0.135	0.095	0.055	0.03	0.045	0.05	0.015	0.025	0.115
0.05	0.145	0.17	0.125	0.115	0.095	0.055	0.03	0.045	0.025	0.02	0.125
0.07	0.18	0.135	0.15	0.085	0.105	0.075	0.05	0.02	0.025	0.01	0.095
0.06	0.155	0.25	0.125	0.075	0.09	0.05	0.04	0.035	0.025	0.02	0.075
0.08	0.185	0.2	0.135	0.12	0.09	0.045	0.04	0.035	0.015	0.02	0.035
0.09	0.19	0.12	0.12	0.115	0.055	0.07	0.02	0.075	0.025	0.02	0.1
0.06	0.23	0.16	0.135	0.105	0.065	0.07	0.04	0.03	0.03	0.015	0.06
0.115	0.17	0.21	0.145	0.11	0.05	0.03	0.025	0.05	0.025	0.045	0.025
0.08	0.175	0.19	0.15	0.15	0.055	0.045	0.04	0.035	0.03	0.005	0.045
0.08	0.2	0.235	0.1	0.16	0.04	0.055	0.03	0.03	0.025	0.015	0.03
0.105	0.17	0.26	0.155	0.095	0.07	0.065	0.015	0.015	0.01	0	0.04
0.07	0.22	0.15	0.155	0.14	0.075	0.08	0.02	0.025	0.015	0.025	0.025
0.11	0.145	0.225	0.11	0.16	0.09	0.045	0.035	0.025	0.015	0	0.04
0.105	0.315	0.14	0.12	0.095	0.08	0.035	0.045	0.015	0.005	0.02	0.025
0.1	0.28	0.245	0.105	0.11	0.065	0.035	0.03	0	0.01	0	0.02
0.12	0.235	0.295	0.15	0.045	0.045	0.02	0.03	0.015	0.015	0.02	0.01
0.12	0.2	0.215	0.23	0.09	0.045	0.04	0.025	0.01	0.005	0.01	0.01
0.09	0.31	0.175	0.13	0.12	0.085	0.045	0.01	0.01	0.015	0.005	0.005
0.14	0.245	0.24	0.12	0.075	0.065	0.045	0.02	0.015	0.005	0.01	0.02
0.145	0.24	0.135	0.21	0.08	0.095	0.05	0.015	0.01	0.02	0	0
0.17	0.305	0.2	0.08	0.125	0.06	0.015	0.015	0.015	0	0.005	0.01
0.075	0.315	0.25	0.135	0.1	0.05	0.035	0.015	0.015	0	0	0.01
#######LANDINGS DATA#######
1
30
160.223453806443	466.806609708023	763.687664519161	986.220855635424	773.695080513433	1321.68413044552	1275.54840828142	2481.77351625911	1318.23627542337	1520.21161791752	1617.05134406287	1610.47097759351	1114.10657948895	1541.19997633076	1509.38727960508	1272.73355519174	2242.82775873169	1603.31348422174	1463.18279882173	1314.96398667676	1626.50283373729	1067.38823668366	1633.79194084166	1205.55159588756	1114.91548581508	961.340398843848	918.556079182836	1203.48164462249	873.918118134973	1275.29994053969
0.01	0.01	0.01	0.01	0.01	0.01	0.01	0.01	0.01	0.01	0.01	0.01	0.01	0.01	0.01	0.01	0.01	0.01	0.01	0.01	0.01	0.01	0.01	0.01	0.01	0.01	0.01	0.01	0.01	0.01
30
1	2	3	4	5	6	7	8	9	10	11	12	13	14	15	16	17	18	19	20	21	22	23	24	25	26	27	28	29	30
200	200	200	200	200	200	200	200	200	200	200	200	200	200	200	200	200	200	200	200	200	200	200	200	200	200	200	200	200	200
200	200	200	200	200	200	200	200	200	200	200	200	200	200	200	200	200	200	200	200	200	200	200	200	200	200	200	200	200	200
0.04	0.09	0.145	0.115	0.1	0.1	0.1	0.045	0.07	0.03	0.04	0.125
0.085	0.125	0.125	0.13	0.12	0.09	0.08	0.06	0.025	0.03	0.015	0.115
0.06	0.135	0.105	0.115	0.09	0.07	0.105	0.06	0.04	0.035	0.025	0.16
0.07	0.12	0.195	0.105	0.1	0.065	0.055	0.05	0.045	0.045	0.01	0.14
0.09	0.085	0.185	0.12	0.115	0.115	0.06	0.045	0.035	0.045	0.015	0.09
0.085	0.165	0.095	0.13	0.115	0.08	0.075	0.055	0.025	0.035	0.04	0.1
0.095	0.145	0.155	0.095	0.065	0.11	0.06	0.025	0.05	0.04	0.02	0.14
0.075	0.1	0.115	0.145	0.105	0.09	0.085	0.06	0.055	0.015	0.03	0.125
0.105	0.1	0.165	0.165	0.145	0.06	0.035	0.035	0.025	0.025	0.02	0.12
0.08	0.09	0.135	0.175	0.13	0.12	0.035	0.04	0.065	0.025	0.025	0.08
0.08	0.115	0.115	0.22	0.105	0.1	0.06	0.025	0.04	0.03	0.02	0.09
0.105	0.17	0.155	0.11	0.165	0.06	0.055	0.055	0.01	0.01	0.02	0.085
0.13	0.13	0.215	0.12	0.105	0.055	0.035	0.05	0.07	0.015	0.005	0.07
0.065	0.105	0.125	0.165	0.14	0.095	0.105	0.05	0.02	0.05	0.025	0.055
0.14	0.17	0.15	0.12	0.095	0.075	0.035	0.035	0.03	0.03	0.045	0.075
0.165	0.095	0.18	0.205	0.09	0.075	0.07	0.015	0.02	0.015	0.01	0.06
0.1	0.165	0.105	0.155	0.16	0.085	0.04	0.065	0.015	0.015	0.01	0.085
0.06	0.205	0.225	0.17	0.095	0.06	0.04	0.01	0.03	0.01	0.025	0.07
0.12	0.125	0.21	0.195	0.105	0.085	0.035	0.035	0.02	0	0.015	0.055
0.075	0.2	0.155	0.13	0.15	0.075	0.075	0.04	0.005	0.035	0.035	0.025
0.155	0.13	0.155	0.1	0.16	0.09	0.075	0.02	0.055	0.035	0.015	0.01
0.11	0.265	0.145	0.2	0.065	0.055	0.045	0.045	0.02	0	0	0.05
0.105	0.245	0.265	0.06	0.08	0.09	0.03	0.04	0.025	0.015	0.015	0.03
0.12	0.185	0.24	0.13	0.095	0.09	0.07	0.01	0.02	0.015	0.005	0.02
0.16	0.195	0.185	0.195	0.135	0.03	0.03	0.015	0.02	0.01	0.02	0.005
0.18	0.22	0.165	0.15	0.155	0.05	0.025	0.03	0.005	0.015	0	0.005
0.175	0.17	0.205	0.15	0.13	0.055	0.075	0	0.015	0.02	0	0.005
0.19	0.195	0.19	0.195	0.1	0.045	0.03	0.015	0.015	0.005	0.005	0.015
0.195	0.29	0.205	0.105	0.115	0.035	0.04	0	0.015	0	0	0
0.155	0.235	0.225	0.155	0.07	0.08	0.035	0.015	0.01	0.005	0.005	0.01
#######PARAMETER SECTION#######
800	400	1200	-4	800	-0.25	1
0.18	0.01	1	-4	0.18	-0.25	1
-1.36	-5	-0.001	-4	-1.36	-0.25	1
0.1	0.05	0.3	-4	0.1	-0.25	1
0.2	0.01	0.5	-4	0.2	-0.25	1
0.75	0.20001	1	-3	0.75	-0.25	1
13.815511	-1	200	1	13.815511	-0.25	1
0	-1	1	-4	0	-0.25	1
0.2	1e-04	1.2	-3	0.2	-0.25	1
0	-10	10	-6	0	-1	1
0	-10	10	-6	0	-1	1
2	0	12	-2	2	-0.5	1
1	0	12	-2	1	-0.5	1
2	0	12	-2	2	-0.5	1
1	0	12	-2	1	-0.5	1
1.5	0	12	-2	1.5	-0.5	1
2	0	12	-2	2	-0.5	1
-14.8682006803499	-30	5	1	-14.8682006803499	-1	1
1	0.1	2	-1	1	-1	1
-1.51930887058023	-10	1.39	1	-1.51930887058023	-1	1
#######DEV CONSTRAINTS and DEVS#######
-15	15	2
-15	15	2
-15	15	2
0	0	0	0	0	0	0	0	0	0	0	0	0	0	0	0	0	0	0	0	0	0	0	0	0	0	0	0	0	0
0	0	0	0	0	0	0	0	0	0	0	0	0	0	0	0	0	0	0	0	0	0	0	0	0	0	0	0	0	0
0	0	0	0	0	0	0	0	0	0	0
#######LIKELIHOOD WEIGHTS#######
1
1
1
1
0
1
0
0
0
#######MISCELLANEOUS STUFF SECTION#######
2.5e-08
3
0.5	0.5	0.5	0.5	0.5	0.5	0.5	0.5	0.5	0.5	0.5	0.5
0.0229773699100256	0.320821300824607	0.904650535100891	0.994779874306442	0.999738809680904	0.999986992871533	0.999999352405202	0.999999967758134	0.999999998394772	0.99999999992008	0.999999999996021	0.999999999999802
0.2	0.2	0.2	0.2	0.2	0.2	0.2	0.2	0.2	0.2	0.2	0.2
0
1
10
0.2
1
1	0	0	0	0	0	0	0	0	0	0	0
0	1	0	0	0	0	0	0	0	0	0	0
0	0	1	0	0	0	0	0	0	0	0	0
0	0	0	1	0	0	0	0	0	0	0	0
0	0	0	0	1	0	0	0	0	0	0	0
0	0	0	0	0	1	0	0	0	0	0	0
0	0	0	0	0	0	1	0	0	0	0	0
0	0	0	0	0	0	0	1	0	0	0	0
0	0	0	0	0	0	0	0	1	0	0	0
0	0	0	0	0	0	0	0	0	1	0	0
0	0	0	0	0	0	0	0	0	0	1	0
0	0	0	0	0	0	0	0	0	0	0	1
40
31
2
1
#######END OF DATA FILE#######
999
