#######GENERAL HEADER INPUT#######
1
30
1
30
1
30
30
12
1	2	3	4	5	6	7	8	9	10	11	12
12
1	2	3	4	5	6	7	8	9	10	11	12
1
101
1
1
#######SURVEY DATA#######
30
1	2	3	4	5	6	7	8	9	10	11	12	13	14	15	16	17	18	19	20	21	22	23	24	25	26	27	28	29	30
1.70532273764415	1.39032912584357	1.33847964868439	1.58850060752831	1.20111628401077	1.26915827108065	1.50934906114799	1.64678961312899	1.30458539445196	1.13408799890015	1.08660417263453	1.06567672100664	1.12513102877038	1.06508311047601	0.999406078381276	1.059103519087	0.893854803180692	0.901978834470274	0.881970124018628	0.71790879488505	0.705535082248458	0.781133424072161	0.678990623834635	0.59663922719746	0.479397177338509	0.560643460594563	0.435808463590712	0.514951084435955	0.582369603122048	0.595610420730278
0.2	0.2	0.2	0.2	0.2	0.2	0.2	0.2	0.2	0.2	0.2	0.2	0.2	0.2	0.2	0.2	0.2	0.2	0.2	0.2	0.2	0.2	0.2	0.2	0.2	0.2	0.2	0.2	0.2	0.2
30
1	2	3	4	5	6	7	8	9	10	11	12	13	14	15	16	17	18	19	20	21	22	23	24	25	26	27	28	29	30
200	200	200	200	200	200	200	200	200	200	200	200	200	200	200	200	200	200	200	200	200	200	200	200	200	200	200	200	200	200
200	200	200	200	200	200	200	200	200	200	200	200	200	200	200	200	200	200	200	200	200	200	200	200	200	200	200	200	200	200
0.08	0.1	0.165	0.14	0.05	0.09	0.08	0.05	0.035	0.04	0.035	0.135
0.09	0.14	0.12	0.1	0.115	0.075	0.05	0.03	0.03	0.06	0.025	0.165
0.055	0.205	0.135	0.115	0.09	0.085	0.045	0.06	0.06	0.03	0.035	0.085
0.05	0.145	0.165	0.11	0.115	0.075	0.055	0.06	0.015	0.03	0.055	0.125
0.1	0.115	0.17	0.155	0.085	0.085	0.05	0.035	0.045	0.045	0.015	0.1
0.125	0.18	0.14	0.11	0.095	0.095	0.025	0.045	0.015	0.02	0.02	0.13
0.035	0.21	0.22	0.085	0.075	0.08	0.05	0.055	0.035	0.03	0.03	0.095
0.055	0.145	0.225	0.18	0.065	0.07	0.055	0.055	0.025	0.02	0.015	0.09
0.07	0.245	0.16	0.19	0.09	0.035	0.055	0.05	0.02	0.015	0.01	0.06
0.075	0.16	0.14	0.175	0.12	0.12	0.035	0.04	0.04	0.01	0.015	0.07
0.08	0.15	0.15	0.16	0.08	0.07	0.095	0.065	0.025	0.015	0.015	0.095
0.065	0.19	0.155	0.155	0.135	0.06	0.075	0.035	0.03	0.015	0.015	0.07
0.09	0.14	0.22	0.17	0.08	0.07	0.035	0.045	0.05	0.02	0.01	0.07
0.08	0.115	0.145	0.14	0.125	0.125	0.065	0.04	0.055	0.025	0.005	0.08
0.095	0.245	0.16	0.14	0.09	0.09	0.04	0.04	0.03	0.015	0.005	0.05
0.125	0.175	0.205	0.155	0.07	0.07	0.055	0.025	0.05	0.02	0.01	0.04
0.12	0.225	0.165	0.13	0.11	0.05	0.055	0.045	0.025	0.02	0.015	0.04
0.065	0.235	0.27	0.09	0.095	0.075	0.035	0.025	0.035	0.015	0.02	0.04
0.07	0.15	0.255	0.21	0.13	0.085	0.035	0.02	0	0.01	0.005	0.03
0.085	0.18	0.16	0.18	0.13	0.055	0.075	0.04	0.03	0.025	0.015	0.025
0.135	0.18	0.22	0.115	0.12	0.075	0.05	0.02	0.01	0.015	0.015	0.045
0.08	0.255	0.185	0.14	0.11	0.085	0.05	0.025	0	0.01	0.015	0.045
0.075	0.295	0.25	0.13	0.1	0.045	0.02	0.02	0.035	0.01	0.005	0.015
0.12	0.27	0.255	0.16	0.055	0.065	0.015	0.015	0.02	0.005	0.015	0.005
0.14	0.25	0.195	0.205	0.11	0.02	0.035	0.015	0.01	0.01	0.005	0.005
0.08	0.295	0.235	0.13	0.115	0.045	0.03	0.02	0.01	0.01	0.01	0.02
0.095	0.16	0.275	0.165	0.115	0.085	0.045	0.025	0.01	0.01	0	0.015
0.085	0.185	0.26	0.21	0.105	0.055	0.045	0.025	0	0.015	0	0.015
0.155	0.28	0.18	0.11	0.155	0.04	0.025	0.03	0.015	0	0.005	0.005
0.09	0.255	0.295	0.125	0.065	0.09	0.045	0.02	0	0	0	0.015
#######LANDINGS DATA#######
1
30
160.717562019252	469.79936030078	765.014789637102	991.680362168114	769.371281546787	1332.99633370627	1273.22005989867	2475.74402080817	1312.24386593034	1516.13964914945	1611.09624999915	1603.01216017151	1124.22693363873	1547.18195105528	1502.72288968516	1282.14185385897	2230.6481099166	1626.71242526103	1452.41413397744	1326.74684629243	1621.10630833107	1082.28189818461	1629.63996306819	1197.5073300898	1119.57624688901	975.363537214394	920.58343192822	1207.89667946572	873.139997135832	1270.6468433534
0.01	0.01	0.01	0.01	0.01	0.01	0.01	0.01	0.01	0.01	0.01	0.01	0.01	0.01	0.01	0.01	0.01	0.01	0.01	0.01	0.01	0.01	0.01	0.01	0.01	0.01	0.01	0.01	0.01	0.01
30
1	2	3	4	5	6	7	8	9	10	11	12	13	14	15	16	17	18	19	20	21	22	23	24	25	26	27	28	29	30
200	200	200	200	200	200	200	200	200	200	200	200	200	200	200	200	200	200	200	200	200	200	200	200	200	200	200	200	200	200
200	200	200	200	200	200	200	200	200	200	200	200	200	200	200	200	200	200	200	200	200	200	200	200	200	200	200	200	200	200
0.055	0.11	0.135	0.095	0.12	0.155	0.08	0.06	0.05	0.03	0.03	0.08
0.105	0.13	0.105	0.1	0.115	0.05	0.1	0.075	0.045	0.03	0.02	0.125
0.015	0.165	0.165	0.135	0.065	0.075	0.06	0.065	0.045	0.04	0.03	0.14
0.045	0.1	0.15	0.105	0.1	0.09	0.08	0.035	0.04	0.03	0.05	0.175
0.115	0.07	0.105	0.105	0.125	0.115	0.055	0.055	0.06	0.065	0.035	0.095
0.095	0.14	0.105	0.11	0.135	0.11	0.07	0.065	0.025	0.045	0.02	0.08
0.105	0.145	0.18	0.105	0.12	0.1	0.055	0.045	0.02	0.02	0.025	0.08
0.09	0.095	0.205	0.125	0.07	0.07	0.065	0.045	0.03	0.03	0.045	0.13
0.05	0.16	0.13	0.15	0.12	0.06	0.055	0.045	0.065	0.015	0.03	0.12
0.11	0.12	0.135	0.105	0.125	0.145	0.05	0.03	0.035	0.025	0.02	0.1
0.11	0.12	0.17	0.165	0.065	0.085	0.045	0.03	0.04	0.05	0.035	0.085
0.085	0.16	0.125	0.155	0.13	0.07	0.07	0.055	0.02	0.03	0.025	0.075
0.09	0.105	0.185	0.125	0.14	0.105	0.05	0.055	0.07	0.015	0.005	0.055
0.12	0.16	0.16	0.105	0.1	0.095	0.075	0.03	0.035	0.04	0.02	0.06
0.09	0.165	0.135	0.175	0.135	0.135	0.04	0.055	0.025	0.01	0.025	0.01
0.095	0.12	0.18	0.175	0.055	0.095	0.055	0.04	0.06	0.03	0.02	0.075
0.13	0.125	0.15	0.15	0.14	0.075	0.07	0.04	0.025	0.02	0.015	0.06
0.075	0.195	0.215	0.185	0.12	0.07	0.03	0.04	0.02	0.01	0.01	0.03
0.14	0.13	0.18	0.17	0.1	0.075	0.05	0.04	0.02	0.035	0.005	0.055
0.095	0.215	0.19	0.14	0.13	0.055	0.05	0.025	0.035	0.01	0.01	0.045
0.125	0.135	0.16	0.155	0.145	0.095	0.025	0.06	0.035	0.01	0.02	0.035
0.135	0.26	0.13	0.15	0.065	0.11	0.05	0.04	0.01	0.025	0.015	0.01
0.135	0.255	0.22	0.11	0.105	0.045	0.05	0.02	0.01	0.01	0.01	0.03
0.13	0.19	0.2	0.215	0.095	0.05	0.04	0.025	0.02	0.02	0	0.015
0.215	0.17	0.17	0.21	0.07	0.05	0.045	0.015	0.015	0.01	0.02	0.01
0.12	0.265	0.155	0.15	0.135	0.065	0.025	0.015	0.02	0.025	0.01	0.015
0.17	0.155	0.225	0.15	0.065	0.05	0.09	0.035	0.015	0.005	0.01	0.03
0.215	0.165	0.175	0.145	0.115	0.075	0.03	0.03	0.02	0.005	0.005	0.02
0.135	0.235	0.235	0.145	0.14	0.05	0.03	0.01	0	0.01	0	0.01
0.16	0.19	0.23	0.14	0.1	0.07	0.055	0.025	0.015	0	0	0.015
#######PARAMETER SECTION#######
800	400	1200	-4	800	-0.25	1
0.18	0.01	1	-4	0.18	-0.25	1
-1.36	-5	-0.001	-4	-1.36	-0.25	1
0.1	0.05	0.3	-4	0.1	-0.25	1
0.2	0.01	0.5	-4	0.2	-0.25	1
0.75	0.20001	1	-3	0.75	-0.25	1
13.815511	-1	200	1	13.815511	-0.25	1
0	-1	1	-4	0	-0.25	1
0.2	1e-04	1.2	-3	0.2	-0.25	1
0	-10	10	-6	0	-1	1
0	-10	10	-6	0	-1	1
2	0	12	-2	2	-0.5	1
1	0	12	-2	1	-0.5	1
2	0	12	-2	2	-0.5	1
1	0	12	-2	1	-0.5	1
1.5	0	12	-2	1.5	-0.5	1
2	0	12	-2	2	-0.5	1
-14.8682006803499	-30	5	1	-14.8682006803499	-1	1
1	0.1	2	-1	1	-1	1
-1.51930887058023	-10	1.39	1	-1.51930887058023	-1	1
#######DEV CONSTRAINTS and DEVS#######
-15	15	2
-15	15	2
-15	15	2
0	0	0	0	0	0	0	0	0	0	0	0	0	0	0	0	0	0	0	0	0	0	0	0	0	0	0	0	0	0
0	0	0	0	0	0	0	0	0	0	0	0	0	0	0	0	0	0	0	0	0	0	0	0	0	0	0	0	0	0
0	0	0	0	0	0	0	0	0	0	0
#######LIKELIHOOD WEIGHTS#######
1
1
1
1
0
1
0
0
0
#######MISCELLANEOUS STUFF SECTION#######
2.5e-08
3
0.5	0.5	0.5	0.5	0.5	0.5	0.5	0.5	0.5	0.5	0.5	0.5
0.0229773699100256	0.320821300824607	0.904650535100891	0.994779874306442	0.999738809680904	0.999986992871533	0.999999352405202	0.999999967758134	0.999999998394772	0.99999999992008	0.999999999996021	0.999999999999802
0.2	0.2	0.2	0.2	0.2	0.2	0.2	0.2	0.2	0.2	0.2	0.2
0
1
10
0.2
1
1	0	0	0	0	0	0	0	0	0	0	0
0	1	0	0	0	0	0	0	0	0	0	0
0	0	1	0	0	0	0	0	0	0	0	0
0	0	0	1	0	0	0	0	0	0	0	0
0	0	0	0	1	0	0	0	0	0	0	0
0	0	0	0	0	1	0	0	0	0	0	0
0	0	0	0	0	0	1	0	0	0	0	0
0	0	0	0	0	0	0	1	0	0	0	0
0	0	0	0	0	0	0	0	1	0	0	0
0	0	0	0	0	0	0	0	0	1	0	0
0	0	0	0	0	0	0	0	0	0	1	0
0	0	0	0	0	0	0	0	0	0	0	1
40
31
2
1
#######END OF DATA FILE#######
999
