#######GENERAL HEADER INPUT#######
1
30
1
30
1
30
30
12
1	2	3	4	5	6	7	8	9	10	11	12
12
1	2	3	4	5	6	7	8	9	10	11	12
1
1001
1
1
#######SURVEY DATA#######
30
1	2	3	4	5	6	7	8	9	10	11	12	13	14	15	16	17	18	19	20	21	22	23	24	25	26	27	28	29	30
1.43703936006683	1.54739880730311	1.39346937946532	1.50774832487401	1.52509240006624	1.53009254569464	1.55621309774655	1.23521118226752	1.16986243166602	1.12523455290424	1.20068473356733	1.37598170911153	1.31771888631207	1.01751136180075	1.18021795978299	1.17135641809218	1.15243655509763	0.84189924031974	0.677064716044566	0.984568117150453	0.730069517506079	0.782416578554446	0.664515783341868	0.636112234940725	0.564086720567292	0.631933446204048	0.646029639049844	0.667194226570669	0.581363861086983	0.522068513493198
0.2	0.2	0.2	0.2	0.2	0.2	0.2	0.2	0.2	0.2	0.2	0.2	0.2	0.2	0.2	0.2	0.2	0.2	0.2	0.2	0.2	0.2	0.2	0.2	0.2	0.2	0.2	0.2	0.2	0.2
30
1	2	3	4	5	6	7	8	9	10	11	12	13	14	15	16	17	18	19	20	21	22	23	24	25	26	27	28	29	30
200	200	200	200	200	200	200	200	200	200	200	200	200	200	200	200	200	200	200	200	200	200	200	200	200	200	200	200	200	200
200	200	200	200	200	200	200	200	200	200	200	200	200	200	200	200	200	200	200	200	200	200	200	200	200	200	200	200	200	200
0.06	0.14	0.11	0.12	0.085	0.105	0.07	0.03	0.03	0.035	0.035	0.18
0.035	0.17	0.155	0.14	0.105	0.09	0.065	0.05	0.04	0.03	0.03	0.09
0.055	0.155	0.115	0.12	0.115	0.13	0.04	0.08	0.035	0.03	0.02	0.105
0.05	0.13	0.15	0.18	0.105	0.04	0.05	0.06	0.055	0.02	0.02	0.14
0.05	0.135	0.15	0.075	0.135	0.09	0.055	0.03	0.04	0.06	0.035	0.145
0.07	0.14	0.13	0.12	0.065	0.07	0.1	0.045	0.05	0.01	0.06	0.14
0.055	0.22	0.2	0.08	0.095	0.09	0.025	0.05	0.025	0.03	0.025	0.105
0.095	0.175	0.185	0.16	0.05	0.08	0.04	0.05	0.045	0.025	0.015	0.08
0.095	0.17	0.14	0.16	0.115	0.07	0.07	0.03	0.025	0.02	0.01	0.095
0.14	0.1	0.175	0.085	0.135	0.095	0.05	0.04	0.02	0.055	0.01	0.095
0.045	0.245	0.135	0.15	0.08	0.1	0.07	0.015	0.03	0.035	0.01	0.085
0.12	0.115	0.22	0.08	0.145	0.07	0.06	0.06	0.035	0.035	0.015	0.045
0.04	0.275	0.145	0.195	0.065	0.075	0.065	0.02	0.045	0.01	0.015	0.05
0.13	0.11	0.215	0.115	0.22	0.05	0.045	0.03	0.02	0.03	0	0.035
0.135	0.205	0.13	0.145	0.075	0.12	0.04	0.045	0.025	0.025	0.01	0.045
0.08	0.26	0.16	0.09	0.14	0.06	0.065	0.025	0.045	0.02	0.015	0.04
0.085	0.21	0.28	0.12	0.09	0.1	0.02	0.035	0.02	0	0.005	0.035
0.07	0.14	0.16	0.205	0.135	0.055	0.1	0.03	0.03	0.02	0.01	0.045
0.08	0.19	0.135	0.14	0.17	0.115	0.035	0.04	0.01	0.03	0.005	0.05
0.185	0.17	0.125	0.14	0.08	0.115	0.075	0.02	0.03	0.025	0	0.035
0.095	0.335	0.185	0.09	0.07	0.045	0.045	0.03	0.015	0.035	0.005	0.05
0.13	0.205	0.265	0.1	0.065	0.065	0.05	0.015	0.04	0.01	0.015	0.04
0.02	0.305	0.19	0.22	0.04	0.025	0.055	0.03	0.045	0.015	0.01	0.045
0.145	0.13	0.235	0.18	0.135	0.06	0.02	0.03	0.005	0.035	0.015	0.01
0.185	0.2	0.125	0.2	0.1	0.09	0.035	0.02	0.02	0.005	0.01	0.01
0.145	0.35	0.18	0.085	0.1	0.065	0.035	0.005	0.01	0.01	0.005	0.01
0.155	0.2	0.365	0.105	0.055	0.055	0.01	0.02	0.005	0.005	0.005	0.02
0.025	0.38	0.16	0.225	0.08	0.015	0.03	0.025	0.005	0.01	0.005	0.04
0.125	0.105	0.44	0.095	0.11	0.04	0.02	0.015	0.025	0.01	0	0.015
0.09	0.305	0.055	0.28	0.08	0.09	0.03	0.015	0.015	0.015	0.01	0.015
#######LANDINGS DATA#######
1
30
161.924686977725	456.827770040412	740.890320737935	972.4472809528	742.21967529476	1264.67654270203	1220.43988122564	2395.07555554921	1287.18529905523	1503.55336063227	1614.34044180353	1629.32591558338	1151.48614442109	1635.17816458807	1667.95592898297	1452.1541244537	2637.58160302986	1850.4047899301	1647.3223427107	1444.34700185694	1782.66495785599	1168.44345302863	1742.30464946511	1232.24373908383	1116.12569206241	983.306084446584	981.634012860921	1351.97032478704	982.060750775629	1363.60425253034
0.01	0.01	0.01	0.01	0.01	0.01	0.01	0.01	0.01	0.01	0.01	0.01	0.01	0.01	0.01	0.01	0.01	0.01	0.01	0.01	0.01	0.01	0.01	0.01	0.01	0.01	0.01	0.01	0.01	0.01
30
1	2	3	4	5	6	7	8	9	10	11	12	13	14	15	16	17	18	19	20	21	22	23	24	25	26	27	28	29	30
200	200	200	200	200	200	200	200	200	200	200	200	200	200	200	200	200	200	200	200	200	200	200	200	200	200	200	200	200	200
200	200	200	200	200	200	200	200	200	200	200	200	200	200	200	200	200	200	200	200	200	200	200	200	200	200	200	200	200	200
0.055	0.095	0.14	0.135	0.095	0.075	0.1	0.055	0.06	0.02	0.035	0.135
0.055	0.085	0.095	0.12	0.13	0.095	0.085	0.075	0.07	0.055	0.02	0.115
0.085	0.08	0.15	0.12	0.105	0.09	0.065	0.065	0.05	0.025	0.03	0.135
0.065	0.155	0.105	0.14	0.1	0.1	0.055	0.055	0.05	0.05	0.02	0.105
0.105	0.12	0.125	0.1	0.125	0.085	0.035	0.075	0.035	0.05	0.01	0.135
0.115	0.15	0.095	0.13	0.07	0.075	0.055	0.075	0.045	0.025	0.04	0.125
0.05	0.17	0.15	0.06	0.1	0.095	0.105	0.075	0.035	0.045	0.025	0.09
0.075	0.11	0.16	0.125	0.1	0.05	0.055	0.025	0.05	0.05	0.035	0.165
0.065	0.15	0.175	0.12	0.135	0.03	0.05	0.055	0.04	0.025	0.025	0.13
0.115	0.095	0.16	0.125	0.09	0.12	0.055	0.06	0.04	0.01	0.02	0.11
0.07	0.19	0.115	0.135	0.12	0.08	0.07	0.015	0.055	0.04	0.02	0.09
0.13	0.115	0.23	0.125	0.08	0.08	0.065	0.055	0.03	0.015	0.005	0.07
0.065	0.205	0.135	0.175	0.075	0.095	0.06	0.03	0.04	0.035	0.035	0.05
0.075	0.075	0.26	0.1	0.145	0.05	0.095	0.035	0.025	0.03	0.01	0.1
0.17	0.155	0.11	0.185	0.11	0.095	0.035	0.055	0.015	0.025	0.02	0.025
0.065	0.25	0.165	0.105	0.14	0.045	0.11	0.03	0.02	0.01	0.005	0.055
0.07	0.15	0.24	0.145	0.105	0.085	0.03	0.055	0.015	0.035	0.01	0.06
0.075	0.165	0.16	0.225	0.115	0.025	0.1	0.03	0.035	0.01	0.025	0.035
0.065	0.15	0.105	0.19	0.145	0.11	0.065	0.025	0.02	0.035	0.015	0.075
0.175	0.105	0.1	0.15	0.12	0.11	0.055	0.04	0.04	0.025	0.025	0.055
0.105	0.255	0.13	0.1	0.1	0.08	0.09	0.04	0.025	0.035	0.015	0.025
0.145	0.215	0.215	0.1	0.065	0.075	0.055	0.025	0.025	0.015	0.015	0.05
0.06	0.245	0.195	0.22	0.04	0.07	0.015	0.035	0.025	0.025	0.015	0.055
0.115	0.085	0.24	0.18	0.15	0.055	0.015	0.025	0.025	0.05	0.035	0.025
0.21	0.18	0.115	0.185	0.1	0.11	0.03	0.03	0.015	0.005	0	0.02
0.185	0.265	0.15	0.075	0.18	0.045	0.035	0.02	0.005	0.005	0.005	0.03
0.21	0.195	0.31	0.1	0.035	0.07	0.03	0.015	0.01	0.01	0.005	0.01
0.04	0.3	0.2	0.235	0.095	0.03	0.055	0.005	0.01	0.005	0.005	0.02
0.19	0.065	0.36	0.16	0.135	0.04	0.015	0.01	0	0.01	0.01	0.005
0.155	0.295	0.045	0.235	0.095	0.115	0.01	0.01	0.025	0.01	0	0.005
#######PARAMETER SECTION#######
800	400	1200	-4	800	-0.25	1
0.18	0.01	1	-4	0.18	-0.25	1
-1.36	-5	-0.001	-4	-1.36	-0.25	1
0.1	0.05	0.3	-4	0.1	-0.25	1
0.2	0.01	0.5	-4	0.2	-0.25	1
0.75	0.20001	1	-3	0.75	-0.25	1
13.815511	-1	200	1	13.815511	-0.25	1
0	-1	1	-4	0	-0.25	1
0.4	1e-04	1.2	-3	0.4	-0.25	1
0	-10	10	-6	0	-1	1
0	-10	10	-6	0	-1	1
2	0	12	2	2	-0.5	1
1	0	12	2	1	-0.5	1
2	0	12	-2	2	-0.5	1
1	0	12	-2	1	-0.5	1
1.5	0	12	2	1.5	-0.5	1
2	0	12	2	2	-0.5	1
-14.9172633509554	-30	5	1	-14.9172633509554	-1	1
1	0.1	2	-1	1	-1	1
-1.54399197800355	-10	1.39	1	-1.54399197800355	-1	1
#######DEV CONSTRAINTS and DEVS#######
-15	15	2
-15	15	2
-15	15	2
0	0	0	0	0	0	0	0	0	0	0	0	0	0	0	0	0	0	0	0	0	0	0	0	0	0	0	0	0	0
0	0	0	0	0	0	0	0	0	0	0	0	0	0	0	0	0	0	0	0	0	0	0	0	0	0	0	0	0	0
0	0	0	0	0	0	0	0	0	0	0
#######LIKELIHOOD WEIGHTS#######
1
1
1
1
0
1
0
0
0
#######MISCELLANEOUS STUFF SECTION#######
2.5e-08
3
0.5	0.5	0.5	0.5	0.5	0.5	0.5	0.5	0.5	0.5	0.5	0.5
0.0229773699100256	0.320821300824607	0.904650535100891	0.994779874306442	0.999738809680904	0.999986992871533	0.999999352405202	0.999999967758134	0.999999998394772	0.99999999992008	0.999999999996021	0.999999999999802
0.2	0.2	0.2	0.2	0.2	0.2	0.2	0.2	0.2	0.2	0.2	0.2
0
1
10
0.2
1
1	0	0	0	0	0	0	0	0	0	0	0
0	1	0	0	0	0	0	0	0	0	0	0
0	0	1	0	0	0	0	0	0	0	0	0
0	0	0	1	0	0	0	0	0	0	0	0
0	0	0	0	1	0	0	0	0	0	0	0
0	0	0	0	0	1	0	0	0	0	0	0
0	0	0	0	0	0	1	0	0	0	0	0
0	0	0	0	0	0	0	1	0	0	0	0
0	0	0	0	0	0	0	0	1	0	0	0
0	0	0	0	0	0	0	0	0	1	0	0
0	0	0	0	0	0	0	0	0	0	1	0
0	0	0	0	0	0	0	0	0	0	0	1
40
31
2
1
#######END OF DATA FILE#######
999
