# Number of parameters = 73  Objective function value = 26450.1  Maximum gradient component = 0.00177099
# sel_params[1]:
2.00000000000
# sel_params[2]:
1.00000000000
# log_Fmult_year1:
 -4.68032784243
# log_Fmult_devs:
 1.07566269725 0.511705562213 0.293565316679 -0.237966936593 0.596661003797 0.0170957399624 0.730624090534 -0.537361775633 0.196740483825 0.132897212337 0.0685321229928 -0.318266788631 0.371329393457 0.0539698862362 -0.113423564560 0.677928292825 -0.193307991009 -0.00450306588287 -0.0249518292096 0.336757970361 -0.322165375829 0.490188923706 -0.212202660261 -0.0195489995095 -0.119821755391 -0.0266601327053 0.327887268461 -0.289718017009 0.392567800885
# log_recruit_devs:
 0.0650560393223 0.186867423216 -0.0192729429927 -0.139167663058 0.327428940232 0.244814552185 -0.0115293023227 0.103436330084 -0.0973265672591 0.0504647337156 0.149519512454 -0.0943667326469 -0.0392003683671 0.0177097731506 -0.200350596217 0.0720452544970 0.123033459344 -0.252685895951 -0.234716540683 -0.265236572063 0.201725164502 0.181398773969 -0.0573038502375 -0.205860008419 0.0131050072225 -0.280397405161 -0.00804187219584 0.0839265951711 0.126069660161 -0.0411449016498
# log_N_year1_devs:
 0.0105344485386 0.0330866750940 -0.0158272812336 -0.0341841939611 -0.0204059557825 0.0229499608816 -0.155393485381 -0.0901344160569 -0.119214152898 -0.0567533256247 -0.0689425037809
# log_q_year1:
 -8.01277134444
# log_q_devs:
 0.00000000000 0.00000000000 0.00000000000 0.00000000000 0.00000000000 0.00000000000 0.00000000000 0.00000000000 0.00000000000 0.00000000000 0.00000000000 0.00000000000 0.00000000000 0.00000000000 0.00000000000 0.00000000000 0.00000000000 0.00000000000 0.00000000000 0.00000000000 0.00000000000 0.00000000000 0.00000000000 0.00000000000 0.00000000000 0.00000000000 0.00000000000 0.00000000000 0.00000000000
# index_sel_params[1]:
1.50000000000
# index_sel_params[2]:
0.500000000000
# log_SR_scaler:
6.91932422643
# SR_steepness:
0.750000000000
