# Number of parameters = 73  Objective function value = 26389.1  Maximum gradient component = 0.00150597
# sel_params[1]:
2.00000000000
# sel_params[2]:
1.00000000000
# log_Fmult_year1:
 -4.67308457738
# log_Fmult_devs:
 1.08299758618 0.499858984369 0.297394690601 -0.212248721016 0.588889287174 0.00983823427586 0.755115470542 -0.527207782462 0.194410084372 0.128143057096 0.0599078300179 -0.328216258289 0.371942681781 0.0549773291780 -0.111209106713 0.663974598775 -0.203153046420 -0.0142405718511 -0.0184952927237 0.321603590125 -0.315610609821 0.497520756268 -0.199093944953 -0.0217746361929 -0.0996734134162 -0.0387710991181 0.317054819612 -0.263836054684 0.399102597364
# log_recruit_devs:
 0.0123740718275 0.194011871456 -0.139899602706 -0.183454604410 0.297835594449 0.174836139804 -0.135371689944 0.148085111812 0.0322858700504 0.111698781893 0.124321570726 -0.0989396807434 -0.119005092500 0.0579120016396 -0.0423803527911 0.174697619019 0.0609425115776 -0.243631195454 -0.163693128198 -0.237393136811 0.0851347695709 0.126126283549 -0.103680766999 -0.165539525528 0.110993844836 -0.291967743543 -0.165265761577 0.0372376859594 0.164777861890 0.176950691145
# log_N_year1_devs:
 -0.0396156838496 -0.0817678565754 0.0775005602677 0.0384211201184 -0.223426050287 0.00715062338313 -0.168276186612 0.109693133725 -0.0905844281446 0.308495565135 -0.210566890585
# log_q_year1:
 -7.99651802188
# log_q_devs:
 0.00000000000 0.00000000000 0.00000000000 0.00000000000 0.00000000000 0.00000000000 0.00000000000 0.00000000000 0.00000000000 0.00000000000 0.00000000000 0.00000000000 0.00000000000 0.00000000000 0.00000000000 0.00000000000 0.00000000000 0.00000000000 0.00000000000 0.00000000000 0.00000000000 0.00000000000 0.00000000000 0.00000000000 0.00000000000 0.00000000000 0.00000000000 0.00000000000 0.00000000000
# index_sel_params[1]:
1.50000000000
# index_sel_params[2]:
0.500000000000
# log_SR_scaler:
6.92282545429
# SR_steepness:
0.750000000000
