#######GENERAL HEADER INPUT#######
1
30
1
30
1
30
30
12
1	2	3	4	5	6	7	8	9	10	11	12
12
1	2	3	4	5	6	7	8	9	10	11	12
1
101
1
1
#######SURVEY DATA#######
30
1	2	3	4	5	6	7	8	9	10	11	12	13	14	15	16	17	18	19	20	21	22	23	24	25	26	27	28	29	30
1.23151138079406	1.34427471710694	1.37918513667484	1.57244762184917	1.36341035849169	1.41947736535875	1.35956740251884	1.38746664423885	1.13240446126604	1.38129817377567	1.40453499879436	0.97309109544996	0.974201049784231	0.936995843895173	0.986907781995841	0.929237341233035	0.989108377543405	0.92948855357369	0.819285618868934	0.634909965533882	0.633520310620506	0.54799479979898	0.701397181503652	0.544732319953256	0.486409083526178	0.580327990571578	0.5144540673971	0.525991883962543	0.447615900188046	0.592586938539729
0.2	0.2	0.2	0.2	0.2	0.2	0.2	0.2	0.2	0.2	0.2	0.2	0.2	0.2	0.2	0.2	0.2	0.2	0.2	0.2	0.2	0.2	0.2	0.2	0.2	0.2	0.2	0.2	0.2	0.2
30
1	2	3	4	5	6	7	8	9	10	11	12	13	14	15	16	17	18	19	20	21	22	23	24	25	26	27	28	29	30
200	200	200	200	200	200	200	200	200	200	200	200	200	200	200	200	200	200	200	200	200	200	200	200	200	200	200	200	200	200
200	200	200	200	200	200	200	200	200	200	200	200	200	200	200	200	200	200	200	200	200	200	200	200	200	200	200	200	200	200
0.07	0.135	0.15	0.13	0.12	0.075	0.075	0.045	0.05	0.035	0.04	0.075
0.095	0.15	0.145	0.115	0.08	0.13	0.04	0.055	0.03	0.05	0.025	0.085
0.035	0.13	0.125	0.12	0.09	0.095	0.08	0.035	0.065	0.04	0.03	0.155
0.075	0.115	0.16	0.15	0.085	0.09	0.055	0.05	0.035	0.04	0.035	0.11
0.11	0.13	0.155	0.115	0.065	0.08	0.075	0.055	0.035	0.05	0.025	0.105
0.125	0.155	0.13	0.095	0.1	0.12	0.055	0.025	0.025	0.015	0.025	0.13
0.055	0.135	0.18	0.11	0.12	0.09	0.105	0.05	0.025	0.01	0.02	0.1
0.04	0.14	0.195	0.2	0.085	0.04	0.08	0.065	0.02	0.04	0.01	0.085
0.08	0.18	0.155	0.095	0.115	0.03	0.075	0.06	0.03	0.045	0.025	0.11
0.1	0.135	0.165	0.115	0.145	0.085	0.08	0.04	0.045	0.015	0.005	0.07
0.07	0.185	0.165	0.165	0.1	0.115	0.065	0.02	0.02	0.03	0.015	0.05
0.085	0.16	0.13	0.17	0.12	0.07	0.08	0.055	0.03	0.015	0.03	0.055
0.075	0.255	0.22	0.135	0.07	0.065	0.045	0.035	0.025	0.015	0.02	0.04
0.065	0.16	0.17	0.175	0.11	0.065	0.05	0.05	0.06	0.03	0.025	0.04
0.09	0.19	0.205	0.1	0.09	0.095	0.06	0.06	0.03	0.03	0.01	0.04
0.145	0.15	0.225	0.115	0.095	0.065	0.055	0.02	0.045	0.01	0.025	0.05
0.09	0.235	0.155	0.135	0.12	0.08	0.065	0.03	0.02	0.025	0.01	0.035
0.08	0.185	0.215	0.145	0.095	0.075	0.045	0.055	0.04	0.01	0.02	0.035
0.06	0.155	0.2	0.17	0.12	0.09	0.04	0.03	0.035	0.04	0.005	0.055
0.075	0.225	0.16	0.16	0.085	0.06	0.08	0.04	0.035	0.02	0.015	0.045
0.075	0.19	0.21	0.165	0.1	0.12	0.045	0.04	0.02	0.01	0.005	0.02
0.13	0.27	0.11	0.205	0.075	0.09	0.045	0.025	0.01	0.01	0.015	0.015
0.09	0.285	0.23	0.105	0.055	0.085	0.06	0.04	0.005	0.015	0.01	0.02
0.075	0.22	0.315	0.185	0.07	0.04	0.035	0.01	0.015	0.005	0.005	0.025
0.21	0.19	0.235	0.17	0.105	0.02	0.025	0.02	0.01	0.005	0	0.01
0.055	0.265	0.195	0.125	0.145	0.08	0.025	0.02	0.01	0.03	0.02	0.03
0.17	0.2	0.26	0.155	0.08	0.065	0.03	0.015	0.005	0.005	0.01	0.005
0.135	0.265	0.195	0.17	0.08	0.045	0.05	0.035	0.01	0.01	0.005	0
0.19	0.26	0.21	0.125	0.12	0.04	0.02	0.005	0.015	0.005	0.005	0.005
0.1	0.29	0.29	0.125	0.06	0.04	0.005	0.04	0.015	0.025	0	0.01
#######LANDINGS DATA#######
1
30
160.717348126616	466.13745203163	760.769883924185	1004.06014239628	766.606915121867	1322.57399511143	1262.71724868922	2465.02319810763	1329.67052833104	1532.65802439097	1631.79565326994	1617.70746814234	1104.42458250893	1538.43854656175	1514.20938146842	1260.86540772895	2259.47546850534	1604.13641689085	1466.73702155559	1322.73744543478	1620.69322351685	1084.68522132767	1641.80994517818	1197.21279150714	1121.43012813661	972.280281339788	926.317627706686	1212.0253290162	874.041421057567	1263.31088980354
0.01	0.01	0.01	0.01	0.01	0.01	0.01	0.01	0.01	0.01	0.01	0.01	0.01	0.01	0.01	0.01	0.01	0.01	0.01	0.01	0.01	0.01	0.01	0.01	0.01	0.01	0.01	0.01	0.01	0.01
30
1	2	3	4	5	6	7	8	9	10	11	12	13	14	15	16	17	18	19	20	21	22	23	24	25	26	27	28	29	30
200	200	200	200	200	200	200	200	200	200	200	200	200	200	200	200	200	200	200	200	200	200	200	200	200	200	200	200	200	200
200	200	200	200	200	200	200	200	200	200	200	200	200	200	200	200	200	200	200	200	200	200	200	200	200	200	200	200	200	200
0.035	0.11	0.14	0.125	0.11	0.075	0.065	0.09	0.025	0.05	0.05	0.125
0.09	0.065	0.135	0.15	0.115	0.095	0.06	0.065	0.045	0.03	0.005	0.145
0.085	0.165	0.105	0.08	0.11	0.065	0.06	0.04	0.045	0.055	0.025	0.165
0.035	0.045	0.145	0.18	0.13	0.09	0.085	0.075	0.065	0.025	0.03	0.095
0.115	0.065	0.08	0.13	0.09	0.125	0.085	0.045	0.055	0.025	0.03	0.155
0.075	0.14	0.145	0.11	0.125	0.065	0.06	0.06	0.035	0.045	0.025	0.115
0.085	0.12	0.145	0.08	0.115	0.095	0.08	0.06	0.04	0.04	0.015	0.125
0.115	0.1	0.165	0.125	0.06	0.065	0.11	0.055	0.05	0.03	0.01	0.115
0.07	0.155	0.135	0.145	0.155	0.03	0.07	0.06	0.02	0.035	0.025	0.1
0.11	0.1	0.175	0.125	0.115	0.105	0.05	0.03	0.035	0.02	0.025	0.11
0.08	0.145	0.135	0.175	0.12	0.09	0.075	0.045	0.005	0.04	0.02	0.07
0.06	0.15	0.19	0.14	0.095	0.08	0.075	0.09	0.025	0.01	0.025	0.06
0.105	0.14	0.135	0.185	0.075	0.08	0.045	0.08	0.04	0.03	0.01	0.075
0.12	0.17	0.12	0.14	0.135	0.085	0.05	0.055	0.03	0.03	0.02	0.045
0.07	0.175	0.135	0.135	0.115	0.09	0.05	0.045	0.05	0.02	0.03	0.085
0.12	0.165	0.17	0.13	0.105	0.095	0.07	0.015	0.035	0.005	0.035	0.055
0.15	0.175	0.13	0.135	0.14	0.09	0.03	0.03	0.04	0.04	0.005	0.035
0.085	0.13	0.245	0.1	0.145	0.07	0.06	0.035	0.04	0.01	0.01	0.07
0.155	0.13	0.205	0.17	0.09	0.1	0.01	0.05	0.03	0.02	0.01	0.03
0.115	0.21	0.115	0.185	0.115	0.095	0.05	0.02	0.025	0.015	0.02	0.035
0.24	0.1	0.165	0.165	0.115	0.055	0.06	0.035	0.01	0.02	0.01	0.025
0.15	0.215	0.225	0.115	0.065	0.07	0.06	0.045	0.015	0.015	0.005	0.02
0.11	0.205	0.255	0.13	0.06	0.05	0.08	0.045	0.005	0.035	0.005	0.02
0.135	0.215	0.24	0.185	0.04	0.07	0.015	0.045	0.025	0.015	0.01	0.005
0.2	0.125	0.185	0.22	0.115	0.05	0.045	0.035	0.01	0.01	0	0.005
0.145	0.265	0.175	0.17	0.07	0.105	0.005	0.01	0.025	0.01	0.005	0.015
0.12	0.185	0.225	0.185	0.085	0.075	0.075	0.02	0.02	0.01	0	0
0.185	0.195	0.125	0.22	0.085	0.065	0.06	0.035	0	0	0	0.03
0.23	0.195	0.23	0.14	0.085	0.03	0.015	0.03	0.025	0.01	0	0.01
0.2	0.225	0.195	0.165	0.085	0.035	0.045	0.025	0.01	0	0.005	0.01
#######PARAMETER SECTION#######
800	400	1200	-4	800	-0.25	1
0.18	0.01	1	-4	0.18	-0.25	1
-1.36	-5	-0.001	-4	-1.36	-0.25	1
0.1	0.05	0.3	-4	0.1	-0.25	1
0.2	0.01	0.5	-4	0.2	-0.25	1
0.75	0.20001	1	-3	0.75	-0.25	1
13.815511	-1	200	1	13.815511	-0.25	1
0	-1	1	-4	0	-0.25	1
0.2	1e-04	1.2	-3	0.2	-0.25	1
0	-10	10	-6	0	-1	1
0	-10	10	-6	0	-1	1
2	0	12	-2	2	-0.5	1
1	0	12	-2	1	-0.5	1
2	0	12	-2	2	-0.5	1
1	0	12	-2	1	-0.5	1
1.5	0	12	-2	1.5	-0.5	1
2	0	12	-2	2	-0.5	1
-14.8682006803499	-30	5	1	-14.8682006803499	-1	1
1	0.1	2	-1	1	-1	1
-1.51930887058023	-10	1.39	1	-1.51930887058023	-1	1
#######DEV CONSTRAINTS and DEVS#######
-15	15	2
-15	15	2
-15	15	2
0	0	0	0	0	0	0	0	0	0	0	0	0	0	0	0	0	0	0	0	0	0	0	0	0	0	0	0	0	0
0	0	0	0	0	0	0	0	0	0	0	0	0	0	0	0	0	0	0	0	0	0	0	0	0	0	0	0	0	0
0	0	0	0	0	0	0	0	0	0	0
#######LIKELIHOOD WEIGHTS#######
1
1
1
1
0
1
0
0
0
#######MISCELLANEOUS STUFF SECTION#######
2.5e-08
3
0.5	0.5	0.5	0.5	0.5	0.5	0.5	0.5	0.5	0.5	0.5	0.5
0.0229773699100256	0.320821300824607	0.904650535100891	0.994779874306442	0.999738809680904	0.999986992871533	0.999999352405202	0.999999967758134	0.999999998394772	0.99999999992008	0.999999999996021	0.999999999999802
0.2	0.2	0.2	0.2	0.2	0.2	0.2	0.2	0.2	0.2	0.2	0.2
0
1
10
0.2
1
1	0	0	0	0	0	0	0	0	0	0	0
0	1	0	0	0	0	0	0	0	0	0	0
0	0	1	0	0	0	0	0	0	0	0	0
0	0	0	1	0	0	0	0	0	0	0	0
0	0	0	0	1	0	0	0	0	0	0	0
0	0	0	0	0	1	0	0	0	0	0	0
0	0	0	0	0	0	1	0	0	0	0	0
0	0	0	0	0	0	0	1	0	0	0	0
0	0	0	0	0	0	0	0	1	0	0	0
0	0	0	0	0	0	0	0	0	1	0	0
0	0	0	0	0	0	0	0	0	0	1	0
0	0	0	0	0	0	0	0	0	0	0	1
40
31
2
1
#######END OF DATA FILE#######
999
