#######GENERAL HEADER INPUT#######
1
30
1
30
1
30
30
12
1	2	3	4	5	6	7	8	9	10	11	12
12
1	2	3	4	5	6	7	8	9	10	11	12
1
101
1
1
#######SURVEY DATA#######
30
1	2	3	4	5	6	7	8	9	10	11	12	13	14	15	16	17	18	19	20	21	22	23	24	25	26	27	28	29	30
1.59636534281371	1.5100975409973	1.63285403530112	1.34393985749859	1.35485499793847	1.55115960526211	1.46569503441026	1.3434475086808	1.50197566128114	1.14833056034488	1.18134340723813	1.00861877255386	0.866448661701809	0.883553199170531	1.06666213154884	1.08638829861598	1.19927327396941	0.989801850474375	0.794576938015088	0.622405843138272	0.658906025210163	0.607837419598669	0.578186346921717	0.642034536411706	0.629077447579879	0.610982488441466	0.465603313347385	0.437720990581469	0.511498027255093	0.559514541161088
0.2	0.2	0.2	0.2	0.2	0.2	0.2	0.2	0.2	0.2	0.2	0.2	0.2	0.2	0.2	0.2	0.2	0.2	0.2	0.2	0.2	0.2	0.2	0.2	0.2	0.2	0.2	0.2	0.2	0.2
30
1	2	3	4	5	6	7	8	9	10	11	12	13	14	15	16	17	18	19	20	21	22	23	24	25	26	27	28	29	30
200	200	200	200	200	200	200	200	200	200	200	200	200	200	200	200	200	200	200	200	200	200	200	200	200	200	200	200	200	200
200	200	200	200	200	200	200	200	200	200	200	200	200	200	200	200	200	200	200	200	200	200	200	200	200	200	200	200	200	200
0.09	0.15	0.12	0.115	0.07	0.09	0.05	0.08	0.05	0.015	0.035	0.135
0.06	0.13	0.155	0.115	0.11	0.085	0.07	0.04	0.02	0.035	0.05	0.13
0.04	0.175	0.16	0.135	0.075	0.08	0.045	0.07	0.035	0.04	0.025	0.12
0.055	0.125	0.195	0.145	0.085	0.065	0.045	0.065	0.06	0.03	0.03	0.1
0.105	0.105	0.16	0.135	0.1	0.07	0.07	0.04	0.04	0.025	0.035	0.115
0.095	0.23	0.085	0.095	0.09	0.08	0.045	0.05	0.07	0.045	0.01	0.105
0.06	0.18	0.17	0.08	0.09	0.075	0.04	0.025	0.06	0.04	0.04	0.14
0.065	0.13	0.19	0.19	0.07	0.035	0.065	0.045	0.06	0.045	0.02	0.085
0.09	0.195	0.13	0.15	0.13	0.07	0.03	0.055	0.015	0.03	0.025	0.08
0.11	0.17	0.19	0.085	0.16	0.085	0.055	0.045	0.015	0.025	0.01	0.05
0.1	0.215	0.18	0.13	0.09	0.105	0.05	0.025	0.02	0.025	0.01	0.05
0.075	0.19	0.19	0.13	0.13	0.05	0.04	0.025	0.05	0.02	0.015	0.085
0.06	0.145	0.25	0.155	0.085	0.08	0.025	0.05	0.025	0.025	0.015	0.085
0.085	0.15	0.21	0.14	0.155	0.055	0.05	0.035	0.02	0.03	0.005	0.065
0.125	0.165	0.17	0.19	0.085	0.09	0.065	0.025	0.035	0.015	0.01	0.025
0.105	0.145	0.195	0.17	0.075	0.145	0.065	0.015	0.015	0.03	0.005	0.035
0.095	0.25	0.16	0.155	0.07	0.08	0.06	0.035	0	0.015	0.03	0.05
0.085	0.21	0.26	0.13	0.06	0.04	0.055	0.035	0.015	0.03	0.025	0.055
0.11	0.16	0.23	0.16	0.1	0.07	0.06	0.02	0.015	0.01	0.01	0.055
0.1	0.19	0.21	0.155	0.065	0.09	0.03	0.04	0.045	0.01	0	0.065
0.155	0.17	0.225	0.125	0.085	0.085	0.04	0.03	0.03	0.01	0.015	0.03
0.165	0.31	0.15	0.12	0.07	0.075	0.035	0.04	0.01	0.01	0	0.015
0.075	0.305	0.32	0.085	0.05	0.055	0.07	0.015	0	0.005	0.005	0.015
0.065	0.245	0.215	0.19	0.11	0.07	0.035	0.02	0.03	0	0.01	0.01
0.15	0.16	0.26	0.21	0.105	0.055	0.02	0.015	0.01	0.015	0	0
0.12	0.295	0.14	0.165	0.13	0.035	0.035	0.025	0.015	0.025	0.01	0.005
0.135	0.245	0.24	0.155	0.095	0.06	0.035	0.015	0.01	0	0.01	0
0.16	0.215	0.195	0.17	0.08	0.06	0.04	0.03	0.015	0.005	0.005	0.025
0.17	0.285	0.195	0.095	0.16	0.04	0.02	0.015	0.005	0	0.005	0.01
0.105	0.32	0.26	0.135	0.07	0.075	0.015	0.01	0.005	0	0.005	0
#######LANDINGS DATA#######
1
30
160.933933892183	467.278067023518	771.055013375701	990.541181259531	766.74902145623	1341.01258527187	1273.09567625794	2478.38994418402	1319.98992907835	1524.24797374801	1614.05384676275	1616.75095418383	1113.99117723805	1525.20132848206	1514.8920868476	1281.5554124559	2228.01729953332	1611.60111762551	1458.43740341341	1320.76623108204	1627.8745884996	1085.79885288913	1634.94895906431	1198.23628219994	1118.82763847686	977.526442344494	923.689659410164	1208.54909428124	865.99955587069	1280.77397814499
0.01	0.01	0.01	0.01	0.01	0.01	0.01	0.01	0.01	0.01	0.01	0.01	0.01	0.01	0.01	0.01	0.01	0.01	0.01	0.01	0.01	0.01	0.01	0.01	0.01	0.01	0.01	0.01	0.01	0.01
30
1	2	3	4	5	6	7	8	9	10	11	12	13	14	15	16	17	18	19	20	21	22	23	24	25	26	27	28	29	30
200	200	200	200	200	200	200	200	200	200	200	200	200	200	200	200	200	200	200	200	200	200	200	200	200	200	200	200	200	200
200	200	200	200	200	200	200	200	200	200	200	200	200	200	200	200	200	200	200	200	200	200	200	200	200	200	200	200	200	200
0.085	0.085	0.13	0.13	0.13	0.09	0.085	0.05	0.065	0.015	0.025	0.11
0.09	0.085	0.115	0.13	0.125	0.085	0.05	0.055	0.06	0.04	0.035	0.13
0.055	0.105	0.155	0.1	0.11	0.07	0.085	0.09	0.025	0.05	0.04	0.115
0.055	0.14	0.165	0.125	0.05	0.1	0.07	0.05	0.035	0.02	0.045	0.145
0.1	0.115	0.135	0.16	0.065	0.065	0.07	0.045	0.04	0.015	0.035	0.155
0.09	0.15	0.11	0.15	0.085	0.045	0.075	0.065	0.04	0.03	0.04	0.12
0.07	0.11	0.16	0.095	0.085	0.115	0.1	0.04	0.035	0.035	0.03	0.125
0.105	0.11	0.18	0.165	0.045	0.08	0.075	0.05	0.035	0.04	0.01	0.105
0.095	0.115	0.13	0.17	0.115	0.11	0.08	0.055	0.02	0.01	0.02	0.08
0.13	0.095	0.16	0.13	0.105	0.125	0.025	0.035	0.065	0.02	0.03	0.08
0.125	0.12	0.185	0.13	0.08	0.105	0.075	0.03	0.045	0.03	0.01	0.065
0.075	0.16	0.19	0.13	0.11	0.085	0.095	0.03	0.015	0.02	0.02	0.07
0.115	0.14	0.135	0.13	0.135	0.075	0.06	0.045	0.035	0.02	0.015	0.095
0.1	0.12	0.135	0.17	0.14	0.09	0.085	0.02	0.035	0.015	0.015	0.075
0.05	0.11	0.165	0.165	0.12	0.13	0.055	0.075	0.005	0.03	0.035	0.06
0.105	0.13	0.165	0.125	0.145	0.075	0.06	0.045	0.04	0.025	0.04	0.045
0.135	0.16	0.145	0.185	0.08	0.07	0.075	0.035	0.03	0.01	0.015	0.06
0.055	0.21	0.185	0.125	0.15	0.065	0.05	0.04	0.025	0.005	0.03	0.06
0.095	0.13	0.195	0.19	0.1	0.09	0.07	0.035	0.035	0.015	0.01	0.035
0.105	0.175	0.13	0.165	0.16	0.085	0.04	0.05	0.025	0.015	0.025	0.025
0.15	0.08	0.21	0.15	0.14	0.075	0.045	0.05	0.035	0.025	0.02	0.02
0.15	0.235	0.15	0.14	0.045	0.08	0.09	0.025	0.03	0.015	0.01	0.03
0.115	0.205	0.26	0.1	0.085	0.075	0.065	0.035	0.01	0.01	0.015	0.025
0.115	0.17	0.235	0.185	0.11	0.06	0.03	0.035	0.015	0.01	0	0.035
0.21	0.175	0.14	0.205	0.11	0.045	0.07	0.02	0.005	0.005	0.005	0.01
0.11	0.275	0.175	0.135	0.135	0.09	0.025	0.025	0	0.005	0.005	0.02
0.17	0.18	0.27	0.13	0.09	0.06	0.055	0.02	0.005	0.005	0	0.015
0.205	0.215	0.17	0.175	0.045	0.05	0.055	0.035	0.025	0.005	0	0.02
0.18	0.245	0.205	0.145	0.095	0.01	0.06	0.025	0.02	0.005	0.01	0
0.14	0.215	0.265	0.14	0.055	0.07	0.055	0.015	0.015	0.015	0.01	0.005
#######PARAMETER SECTION#######
800	400	1200	-4	800	-0.25	1
0.18	0.01	1	-4	0.18	-0.25	1
-1.36	-5	-0.001	-4	-1.36	-0.25	1
0.1	0.05	0.3	-4	0.1	-0.25	1
0.2	0.01	0.5	-4	0.2	-0.25	1
0.75	0.20001	1	-3	0.75	-0.25	1
13.815511	-1	200	1	13.815511	-0.25	1
0	-1	1	-4	0	-0.25	1
0.2	1e-04	1.2	-3	0.2	-0.25	1
0	-10	10	-6	0	-1	1
0	-10	10	-6	0	-1	1
2	0	12	-2	2	-0.5	1
1	0	12	-2	1	-0.5	1
2	0	12	-2	2	-0.5	1
1	0	12	-2	1	-0.5	1
1.5	0	12	-2	1.5	-0.5	1
2	0	12	-2	2	-0.5	1
-14.8682006803499	-30	5	1	-14.8682006803499	-1	1
1	0.1	2	-1	1	-1	1
-1.51930887058023	-10	1.39	1	-1.51930887058023	-1	1
#######DEV CONSTRAINTS and DEVS#######
-15	15	2
-15	15	2
-15	15	2
0	0	0	0	0	0	0	0	0	0	0	0	0	0	0	0	0	0	0	0	0	0	0	0	0	0	0	0	0	0
0	0	0	0	0	0	0	0	0	0	0	0	0	0	0	0	0	0	0	0	0	0	0	0	0	0	0	0	0	0
0	0	0	0	0	0	0	0	0	0	0
#######LIKELIHOOD WEIGHTS#######
1
1
1
1
0
1
0
0
0
#######MISCELLANEOUS STUFF SECTION#######
2.5e-08
3
0.5	0.5	0.5	0.5	0.5	0.5	0.5	0.5	0.5	0.5	0.5	0.5
0.0229773699100256	0.320821300824607	0.904650535100891	0.994779874306442	0.999738809680904	0.999986992871533	0.999999352405202	0.999999967758134	0.999999998394772	0.99999999992008	0.999999999996021	0.999999999999802
0.2	0.2	0.2	0.2	0.2	0.2	0.2	0.2	0.2	0.2	0.2	0.2
0
1
10
0.2
1
1	0	0	0	0	0	0	0	0	0	0	0
0	1	0	0	0	0	0	0	0	0	0	0
0	0	1	0	0	0	0	0	0	0	0	0
0	0	0	1	0	0	0	0	0	0	0	0
0	0	0	0	1	0	0	0	0	0	0	0
0	0	0	0	0	1	0	0	0	0	0	0
0	0	0	0	0	0	1	0	0	0	0	0
0	0	0	0	0	0	0	1	0	0	0	0
0	0	0	0	0	0	0	0	1	0	0	0
0	0	0	0	0	0	0	0	0	1	0	0
0	0	0	0	0	0	0	0	0	0	1	0
0	0	0	0	0	0	0	0	0	0	0	1
40
31
2
1
#######END OF DATA FILE#######
999
