#######GENERAL HEADER INPUT#######
1
30
1
30
1
30
30
12
1	2	3	4	5	6	7	8	9	10	11	12
12
1	2	3	4	5	6	7	8	9	10	11	12
1
101
1
1
#######SURVEY DATA#######
30
1	2	3	4	5	6	7	8	9	10	11	12	13	14	15	16	17	18	19	20	21	22	23	24	25	26	27	28	29	30
1.40235158867345	1.36925990885947	1.47349038907283	1.91058991306829	1.75380336540741	1.39159026858327	1.45513040087055	1.4962350722555	1.27826572315005	1.1810746083851	1.24104924574303	1.19757665951272	0.915604062928329	0.941724772422806	0.882844973828104	1.01452680521836	0.94270831381623	0.862966342788214	0.840899394330522	0.686742157667461	0.747104990589438	0.642980968300809	0.640344294225319	0.581221309721235	0.642949562739785	0.538553655487477	0.5078135730374	0.520329596526271	0.513809088800735	0.539172743002096
0.2	0.2	0.2	0.2	0.2	0.2	0.2	0.2	0.2	0.2	0.2	0.2	0.2	0.2	0.2	0.2	0.2	0.2	0.2	0.2	0.2	0.2	0.2	0.2	0.2	0.2	0.2	0.2	0.2	0.2
30
1	2	3	4	5	6	7	8	9	10	11	12	13	14	15	16	17	18	19	20	21	22	23	24	25	26	27	28	29	30
200	200	200	200	200	200	200	200	200	200	200	200	200	200	200	200	200	200	200	200	200	200	200	200	200	200	200	200	200	200
200	200	200	200	200	200	200	200	200	200	200	200	200	200	200	200	200	200	200	200	200	200	200	200	200	200	200	200	200	200
0.06	0.1	0.19	0.13	0.09	0.105	0.055	0.065	0.03	0.025	0.03	0.12
0.09	0.115	0.115	0.155	0.075	0.075	0.06	0.065	0.055	0.04	0.05	0.105
0.09	0.15	0.13	0.135	0.055	0.07	0.045	0.07	0.03	0.05	0.055	0.12
0.05	0.09	0.175	0.1	0.105	0.085	0.06	0.09	0.04	0.055	0.025	0.125
0.095	0.1	0.13	0.17	0.07	0.095	0.075	0.07	0.02	0.04	0.025	0.11
0.085	0.175	0.125	0.15	0.105	0.05	0.05	0.07	0.05	0.015	0.01	0.115
0.05	0.2	0.175	0.09	0.095	0.075	0.1	0.06	0.04	0.025	0.005	0.085
0.075	0.14	0.205	0.135	0.075	0.075	0.09	0.055	0.025	0.02	0.03	0.075
0.065	0.145	0.15	0.16	0.115	0.06	0.05	0.065	0.04	0.025	0.01	0.115
0.08	0.15	0.17	0.12	0.115	0.1	0.045	0.045	0.045	0.015	0.025	0.09
0.1	0.185	0.18	0.17	0.115	0.075	0.04	0.035	0.015	0.005	0.005	0.075
0.065	0.235	0.15	0.13	0.105	0.065	0.065	0.065	0.02	0.02	0.02	0.06
0.1	0.16	0.15	0.17	0.095	0.06	0.06	0.045	0.045	0.015	0.03	0.07
0.045	0.165	0.215	0.15	0.11	0.065	0.07	0.035	0.045	0.02	0.01	0.07
0.08	0.155	0.15	0.16	0.11	0.07	0.045	0.085	0.03	0.045	0.025	0.045
0.085	0.155	0.195	0.125	0.105	0.105	0.065	0.035	0.02	0.035	0.015	0.06
0.085	0.245	0.155	0.165	0.075	0.055	0.07	0.025	0.025	0.025	0.02	0.055
0.06	0.305	0.185	0.14	0.07	0.055	0.02	0.055	0.025	0.03	0.02	0.035
0.075	0.14	0.225	0.165	0.12	0.1	0.03	0.035	0.025	0.015	0.02	0.05
0.08	0.205	0.15	0.175	0.155	0.065	0.045	0.035	0.02	0.01	0.01	0.05
0.145	0.16	0.195	0.12	0.16	0.095	0.035	0.025	0.005	0.025	0.005	0.03
0.085	0.36	0.155	0.105	0.085	0.11	0.045	0.01	0.015	0	0.015	0.015
0.1	0.275	0.255	0.12	0.105	0.055	0.035	0.01	0.02	0	0.005	0.02
0.095	0.235	0.235	0.2	0.07	0.045	0.03	0.035	0.005	0.01	0.005	0.035
0.175	0.2	0.2	0.18	0.085	0.06	0.025	0.025	0.025	0.005	0.005	0.015
0.115	0.27	0.195	0.135	0.13	0.06	0.03	0.025	0.005	0.015	0.005	0.015
0.145	0.17	0.3	0.11	0.115	0.1	0.03	0.01	0.005	0.005	0.005	0.005
0.14	0.29	0.175	0.16	0.065	0.09	0.025	0.025	0.005	0.005	0	0.02
0.145	0.255	0.225	0.12	0.115	0.035	0.045	0.03	0.005	0.005	0.005	0.015
0.12	0.25	0.29	0.15	0.055	0.05	0.04	0.02	0.01	0.005	0.005	0.005
#######LANDINGS DATA#######
1
30
161.691533514755	466.195805149768	759.055397764878	994.488565147745	767.789453600426	1323.74245327319	1288.45617224877	2484.16053968401	1323.86991129363	1528.26212756049	1625.98192777213	1611.79323187561	1106.0130536961	1531.05405449077	1505.45491125596	1271.31538135384	2238.31208980233	1615.41098462948	1463.33266531873	1313.15550503321	1635.22791589181	1075.31442666051	1623.87301172206	1215.23882706745	1121.33586773028	971.968027021564	920.42705725179	1205.73170838512	884.556116518622	1285.1368077409
0.01	0.01	0.01	0.01	0.01	0.01	0.01	0.01	0.01	0.01	0.01	0.01	0.01	0.01	0.01	0.01	0.01	0.01	0.01	0.01	0.01	0.01	0.01	0.01	0.01	0.01	0.01	0.01	0.01	0.01
30
1	2	3	4	5	6	7	8	9	10	11	12	13	14	15	16	17	18	19	20	21	22	23	24	25	26	27	28	29	30
200	200	200	200	200	200	200	200	200	200	200	200	200	200	200	200	200	200	200	200	200	200	200	200	200	200	200	200	200	200
200	200	200	200	200	200	200	200	200	200	200	200	200	200	200	200	200	200	200	200	200	200	200	200	200	200	200	200	200	200
0.08	0.07	0.13	0.16	0.125	0.055	0.1	0.05	0.05	0.035	0.025	0.12
0.065	0.11	0.13	0.135	0.125	0.07	0.07	0.035	0.055	0.055	0.01	0.14
0.075	0.1	0.185	0.12	0.08	0.12	0.065	0.04	0.015	0.06	0.04	0.1
0.06	0.1	0.2	0.08	0.13	0.065	0.065	0.04	0.06	0.025	0.01	0.165
0.15	0.095	0.14	0.105	0.115	0.095	0.075	0.055	0.035	0.02	0.03	0.085
0.075	0.105	0.15	0.12	0.14	0.095	0.03	0.05	0.025	0.04	0.015	0.155
0.09	0.11	0.19	0.12	0.085	0.09	0.075	0.04	0.025	0.05	0.03	0.095
0.08	0.12	0.185	0.14	0.095	0.095	0.04	0.035	0.045	0.025	0.04	0.1
0.08	0.17	0.155	0.17	0.105	0.055	0.035	0.035	0.06	0.025	0.02	0.09
0.065	0.145	0.215	0.12	0.105	0.095	0.045	0.025	0.03	0.05	0.01	0.095
0.09	0.14	0.18	0.135	0.12	0.1	0.045	0.01	0.04	0.05	0.015	0.075
0.08	0.16	0.17	0.15	0.125	0.085	0.025	0.04	0.03	0.015	0.03	0.09
0.08	0.13	0.2	0.13	0.085	0.105	0.075	0.055	0.04	0.01	0.03	0.06
0.09	0.14	0.135	0.185	0.105	0.085	0.075	0.02	0.05	0.05	0.01	0.055
0.12	0.165	0.15	0.11	0.095	0.05	0.075	0.095	0.03	0.025	0.02	0.065
0.125	0.16	0.135	0.135	0.145	0.08	0.045	0.04	0.03	0.03	0.03	0.045
0.12	0.225	0.125	0.15	0.095	0.08	0.055	0.03	0.02	0.025	0.025	0.05
0.11	0.185	0.19	0.15	0.09	0.05	0.075	0.045	0.025	0.02	0.01	0.05
0.14	0.11	0.225	0.16	0.1	0.11	0.02	0.035	0.03	0.02	0.015	0.035
0.09	0.175	0.14	0.18	0.155	0.085	0.055	0.03	0.015	0.03	0.015	0.03
0.15	0.195	0.145	0.115	0.135	0.095	0.06	0.035	0.025	0.01	0	0.035
0.2	0.205	0.13	0.11	0.09	0.07	0.065	0.02	0.02	0.005	0.015	0.07
0.14	0.225	0.23	0.12	0.11	0.04	0.05	0.04	0.005	0.015	0.01	0.015
0.155	0.225	0.21	0.175	0.075	0.045	0.02	0.035	0.005	0.035	0.005	0.015
0.225	0.195	0.145	0.175	0.14	0.035	0.01	0.02	0.025	0.015	0.005	0.01
0.09	0.265	0.19	0.155	0.135	0.065	0.035	0.03	0.01	0.005	0.005	0.015
0.125	0.185	0.29	0.115	0.08	0.06	0.07	0.02	0.03	0.015	0.005	0.005
0.185	0.205	0.14	0.19	0.095	0.065	0.055	0.025	0.015	0.005	0.005	0.015
0.22	0.215	0.215	0.095	0.095	0.05	0.035	0.035	0.01	0.005	0.01	0.015
0.15	0.305	0.23	0.13	0.06	0.08	0.015	0.01	0.005	0.01	0	0.005
#######PARAMETER SECTION#######
800	400	1200	-4	800	-0.25	1
0.18	0.01	1	-4	0.18	-0.25	1
-1.36	-5	-0.001	-4	-1.36	-0.25	1
0.1	0.05	0.3	-4	0.1	-0.25	1
0.2	0.01	0.5	-4	0.2	-0.25	1
0.75	0.20001	1	-3	0.75	-0.25	1
13.815511	-1	200	1	13.815511	-0.25	1
0	-1	1	-4	0	-0.25	1
0.2	1e-04	1.2	-3	0.2	-0.25	1
0	-10	10	-6	0	-1	1
0	-10	10	-6	0	-1	1
2	0	12	-2	2	-0.5	1
1	0	12	-2	1	-0.5	1
2	0	12	-2	2	-0.5	1
1	0	12	-2	1	-0.5	1
1.5	0	12	-2	1.5	-0.5	1
2	0	12	-2	2	-0.5	1
-14.8682006803499	-30	5	1	-14.8682006803499	-1	1
1	0.1	2	-1	1	-1	1
-1.51930887058023	-10	1.39	1	-1.51930887058023	-1	1
#######DEV CONSTRAINTS and DEVS#######
-15	15	2
-15	15	2
-15	15	2
0	0	0	0	0	0	0	0	0	0	0	0	0	0	0	0	0	0	0	0	0	0	0	0	0	0	0	0	0	0
0	0	0	0	0	0	0	0	0	0	0	0	0	0	0	0	0	0	0	0	0	0	0	0	0	0	0	0	0	0
0	0	0	0	0	0	0	0	0	0	0
#######LIKELIHOOD WEIGHTS#######
1
1
1
1
0
1
0
0
0
#######MISCELLANEOUS STUFF SECTION#######
2.5e-08
3
0.5	0.5	0.5	0.5	0.5	0.5	0.5	0.5	0.5	0.5	0.5	0.5
0.0229773699100256	0.320821300824607	0.904650535100891	0.994779874306442	0.999738809680904	0.999986992871533	0.999999352405202	0.999999967758134	0.999999998394772	0.99999999992008	0.999999999996021	0.999999999999802
0.2	0.2	0.2	0.2	0.2	0.2	0.2	0.2	0.2	0.2	0.2	0.2
0
1
10
0.2
1
1	0	0	0	0	0	0	0	0	0	0	0
0	1	0	0	0	0	0	0	0	0	0	0
0	0	1	0	0	0	0	0	0	0	0	0
0	0	0	1	0	0	0	0	0	0	0	0
0	0	0	0	1	0	0	0	0	0	0	0
0	0	0	0	0	1	0	0	0	0	0	0
0	0	0	0	0	0	1	0	0	0	0	0
0	0	0	0	0	0	0	1	0	0	0	0
0	0	0	0	0	0	0	0	1	0	0	0
0	0	0	0	0	0	0	0	0	1	0	0
0	0	0	0	0	0	0	0	0	0	1	0
0	0	0	0	0	0	0	0	0	0	0	1
40
31
2
1
#######END OF DATA FILE#######
999
