# Number of parameters = 73  Objective function value = 26370.6  Maximum gradient component = 0.000261021
# sel_params[1]:
2.00000000000
# sel_params[2]:
1.00000000000
# log_Fmult_year1:
 -4.65095211202
# log_Fmult_devs:
 1.07634177379 0.509465614284 0.301700438364 -0.221157310251 0.590696969205 0.0291981735597 0.747810024592 -0.547482912937 0.213929940129 0.122868115953 0.0708590735630 -0.324119050230 0.366650156117 0.0498457793755 -0.114660772936 0.669107058386 -0.205698369095 -0.0165527514205 -0.0157454596336 0.321758949780 -0.322281328972 0.490776192587 -0.201746116751 -0.00813259716066 -0.0842623310679 -0.0301152964381 0.342802638451 -0.262380765348 0.428638264508
# log_recruit_devs:
 0.0209525062607 0.188636681981 -0.158294760008 -0.193389324432 0.287748863589 0.233595070011 0.0376315939182 0.0792117097273 -0.120787555347 0.0793904612569 0.157702095362 -0.0425006094380 -0.0713268199630 0.00944721430261 0.00395923247291 0.191369405067 0.0720168113070 -0.201059680946 -0.0799029970799 -0.315268518176 0.197586052180 0.110760248866 -0.127937883431 -0.214809155533 0.0345106162108 -0.301632221899 -0.137216905473 0.102524239428 0.107856250579 0.0492273792053
# log_N_year1_devs:
 -0.0691427475378 -0.0707212614578 -0.0730593165313 0.0115373625018 -0.0617253527720 -0.0715508376062 -0.0136087814004 0.0292730310837 -0.145285294763 -0.177217398717 -0.126768065233
# log_q_year1:
 -7.95354283524
# log_q_devs:
 0.00000000000 0.00000000000 0.00000000000 0.00000000000 0.00000000000 0.00000000000 0.00000000000 0.00000000000 0.00000000000 0.00000000000 0.00000000000 0.00000000000 0.00000000000 0.00000000000 0.00000000000 0.00000000000 0.00000000000 0.00000000000 0.00000000000 0.00000000000 0.00000000000 0.00000000000 0.00000000000 0.00000000000 0.00000000000 0.00000000000 0.00000000000 0.00000000000 0.00000000000
# index_sel_params[1]:
1.50000000000
# index_sel_params[2]:
0.500000000000
# log_SR_scaler:
6.91012046767
# SR_steepness:
0.750000000000
