# Number of parameters = 73  Objective function value = 26430.2  Maximum gradient component = 0.00166716
# sel_params[1]:
2.00000000000
# sel_params[2]:
1.00000000000
# log_Fmult_year1:
 -4.65662620285
# log_Fmult_devs:
 1.07570299907 0.496607177818 0.308606905165 -0.227820232165 0.578212660155 0.0128585470272 0.751834752652 -0.540426512278 0.196660543225 0.119725533630 0.0774258759913 -0.329914830259 0.380566282583 0.0655026165748 -0.107088282254 0.676488061083 -0.192153459769 -0.00525993885023 -0.0104080248320 0.315721249678 -0.317528168058 0.496419683463 -0.191189058767 -0.00466712487240 -0.0959105999253 -0.0436774705144 0.318622923629 -0.309994030345 0.394958427682
# log_recruit_devs:
 0.0183670208091 0.134903926924 -0.0907425282272 -0.198105250882 0.298429644787 0.240833886065 -0.0249263004600 0.127083804969 0.00542000311151 0.0297915548038 0.0641703191496 -0.134584275784 -0.0525969528141 -0.103169259740 -0.0799839255923 0.0899659968852 0.107908872521 -0.200970933982 -0.113291045135 -0.289795446627 0.128576513330 0.104654357608 -0.0921650803273 -0.284327205486 0.155907901134 -0.243120779935 -0.0494647661998 0.171138167751 0.185782310052 0.0943094712913
# log_N_year1_devs:
 0.0740089300146 0.0487441734795 -0.0147295999049 -0.103312299100 0.0846927380326 -0.0710540512106 -0.0693547437799 -0.359594551442 0.251978675435 -0.261661062888 -0.178278303164
# log_q_year1:
 -7.98253205247
# log_q_devs:
 0.00000000000 0.00000000000 0.00000000000 0.00000000000 0.00000000000 0.00000000000 0.00000000000 0.00000000000 0.00000000000 0.00000000000 0.00000000000 0.00000000000 0.00000000000 0.00000000000 0.00000000000 0.00000000000 0.00000000000 0.00000000000 0.00000000000 0.00000000000 0.00000000000 0.00000000000 0.00000000000 0.00000000000 0.00000000000 0.00000000000 0.00000000000 0.00000000000 0.00000000000
# index_sel_params[1]:
1.50000000000
# index_sel_params[2]:
0.500000000000
# log_SR_scaler:
6.92550722483
# SR_steepness:
0.750000000000
