#######GENERAL HEADER INPUT#######
1
30
1
30
1
30
30
12
1	2	3	4	5	6	7	8	9	10	11	12
12
1	2	3	4	5	6	7	8	9	10	11	12
1
101
1
1
#######SURVEY DATA#######
30
1	2	3	4	5	6	7	8	9	10	11	12	13	14	15	16	17	18	19	20	21	22	23	24	25	26	27	28	29	30
1.58319229843704	1.45218371545196	1.34758446901696	1.68142638771286	1.4023796223961	1.52843991176506	1.23629751385922	1.12589379951663	1.21138098588493	1.40305369930683	1.23212546870563	1.21484735867733	1.10389330539212	0.978919366011871	0.836813197046249	0.937198444095317	0.996474146787215	0.826061367834715	0.696269529903888	0.715072460487409	0.709815779837884	0.679871510768225	0.796657769526628	0.67657476188122	0.635345353625099	0.548302555185332	0.481636973725108	0.465387776600383	0.631889712767894	0.519206728891437
0.2	0.2	0.2	0.2	0.2	0.2	0.2	0.2	0.2	0.2	0.2	0.2	0.2	0.2	0.2	0.2	0.2	0.2	0.2	0.2	0.2	0.2	0.2	0.2	0.2	0.2	0.2	0.2	0.2	0.2
30
1	2	3	4	5	6	7	8	9	10	11	12	13	14	15	16	17	18	19	20	21	22	23	24	25	26	27	28	29	30
200	200	200	200	200	200	200	200	200	200	200	200	200	200	200	200	200	200	200	200	200	200	200	200	200	200	200	200	200	200
200	200	200	200	200	200	200	200	200	200	200	200	200	200	200	200	200	200	200	200	200	200	200	200	200	200	200	200	200	200
0.05	0.135	0.165	0.09	0.11	0.08	0.085	0.055	0.045	0.055	0.03	0.1
0.09	0.135	0.185	0.06	0.095	0.07	0.055	0.085	0.045	0.04	0.035	0.105
0.025	0.195	0.18	0.14	0.055	0.09	0.07	0.05	0.05	0.02	0.025	0.1
0.05	0.13	0.18	0.115	0.08	0.09	0.06	0.045	0.06	0.03	0.025	0.135
0.105	0.11	0.11	0.175	0.1	0.065	0.055	0.04	0.075	0.025	0.025	0.115
0.075	0.22	0.13	0.115	0.14	0.06	0.07	0.025	0.03	0.03	0.025	0.08
0.05	0.2	0.24	0.08	0.085	0.095	0.03	0.04	0.055	0.035	0.01	0.08
0.095	0.135	0.175	0.125	0.085	0.065	0.08	0.02	0.04	0.03	0.035	0.115
0.06	0.16	0.145	0.15	0.135	0.085	0.065	0.065	0.02	0.045	0.015	0.055
0.065	0.135	0.16	0.085	0.15	0.09	0.045	0.05	0.045	0.03	0.035	0.11
0.09	0.185	0.16	0.21	0.075	0.075	0.045	0.025	0.02	0.01	0.02	0.085
0.07	0.225	0.21	0.105	0.085	0.055	0.075	0.035	0.01	0.01	0.03	0.09
0.08	0.16	0.215	0.15	0.075	0.1	0.03	0.04	0.04	0.025	0.01	0.075
0.065	0.16	0.18	0.155	0.135	0.065	0.07	0.055	0.025	0.045	0.01	0.035
0.09	0.14	0.22	0.14	0.11	0.055	0.055	0.05	0.025	0.015	0.03	0.07
0.09	0.17	0.18	0.135	0.11	0.075	0.06	0.05	0.02	0.02	0.02	0.07
0.07	0.245	0.155	0.135	0.1	0.09	0.065	0.015	0.02	0.025	0.01	0.07
0.06	0.215	0.23	0.145	0.125	0.05	0.05	0.045	0.02	0.01	0.01	0.04
0.12	0.18	0.175	0.115	0.105	0.115	0.055	0.04	0.035	0.02	0.015	0.025
0.06	0.245	0.16	0.175	0.11	0.055	0.05	0.04	0.025	0.02	0.015	0.045
0.17	0.205	0.165	0.15	0.1	0.065	0.065	0.035	0.015	0.01	0.005	0.015
0.14	0.255	0.15	0.125	0.09	0.085	0.055	0.01	0.02	0.01	0.01	0.05
0.085	0.235	0.275	0.115	0.06	0.055	0.09	0.025	0.025	0.01	0.005	0.02
0.09	0.205	0.305	0.155	0.035	0.085	0.045	0.015	0.03	0.02	0.005	0.01
0.14	0.215	0.19	0.185	0.135	0.035	0.03	0.015	0.025	0.02	0	0.01
0.07	0.285	0.23	0.145	0.155	0.06	0.02	0.015	0.005	0.005	0	0.01
0.165	0.245	0.22	0.145	0.07	0.055	0.06	0.015	0.005	0	0.01	0.01
0.14	0.19	0.23	0.165	0.085	0.06	0.055	0.035	0.01	0	0	0.03
0.14	0.255	0.225	0.09	0.14	0.04	0.025	0.03	0.03	0.01	0.005	0.01
0.1	0.33	0.28	0.115	0.06	0.07	0.01	0.01	0.01	0.01	0	0.005
#######LANDINGS DATA#######
1
30
160.708046734805	468.884363565796	762.256856247647	992.453732626321	763.764431586594	1335.01279200386	1278.78514010082	2497.41293711185	1312.665155192	1528.70868691967	1617.97648968564	1604.11949525288	1107.59999860917	1530.21512398708	1506.98604095397	1266.21316009434	2233.9673802169	1606.15622054649	1448.87893257224	1316.198033143	1618.74654497944	1077.75234478841	1634.53715339792	1212.42422179242	1118.55790654188	976.576124940789	924.095683317759	1208.29068052483	871.515815664347	1280.43253919762
0.01	0.01	0.01	0.01	0.01	0.01	0.01	0.01	0.01	0.01	0.01	0.01	0.01	0.01	0.01	0.01	0.01	0.01	0.01	0.01	0.01	0.01	0.01	0.01	0.01	0.01	0.01	0.01	0.01	0.01
30
1	2	3	4	5	6	7	8	9	10	11	12	13	14	15	16	17	18	19	20	21	22	23	24	25	26	27	28	29	30
200	200	200	200	200	200	200	200	200	200	200	200	200	200	200	200	200	200	200	200	200	200	200	200	200	200	200	200	200	200
200	200	200	200	200	200	200	200	200	200	200	200	200	200	200	200	200	200	200	200	200	200	200	200	200	200	200	200	200	200
0.09	0.075	0.095	0.1	0.135	0.115	0.06	0.065	0.045	0.025	0.025	0.17
0.1	0.115	0.14	0.09	0.11	0.07	0.085	0.04	0.05	0.02	0.025	0.155
0.06	0.12	0.12	0.15	0.1	0.13	0.05	0.035	0.03	0.03	0.015	0.16
0.07	0.1	0.14	0.1	0.105	0.075	0.08	0.065	0.06	0.045	0.015	0.145
0.07	0.085	0.095	0.18	0.115	0.105	0.075	0.065	0.03	0.03	0.04	0.11
0.125	0.135	0.095	0.09	0.125	0.095	0.07	0.045	0.05	0.01	0.02	0.14
0.05	0.14	0.225	0.07	0.095	0.08	0.06	0.035	0.03	0.04	0.01	0.165
0.105	0.12	0.16	0.225	0.04	0.06	0.06	0.075	0.04	0.01	0.025	0.08
0.07	0.14	0.095	0.165	0.195	0.07	0.06	0.03	0.03	0.025	0.02	0.1
0.11	0.14	0.15	0.095	0.125	0.135	0.025	0.045	0.06	0.005	0.04	0.07
0.075	0.145	0.14	0.16	0.11	0.08	0.08	0.025	0.055	0.025	0.01	0.095
0.105	0.145	0.17	0.11	0.115	0.085	0.075	0.05	0.025	0.02	0.035	0.065
0.095	0.13	0.19	0.16	0.095	0.085	0.04	0.09	0.02	0.01	0.01	0.075
0.09	0.175	0.125	0.14	0.125	0.075	0.075	0.025	0.06	0.035	0	0.075
0.135	0.19	0.15	0.1	0.13	0.085	0.035	0.04	0.03	0.025	0.025	0.055
0.16	0.135	0.165	0.12	0.085	0.085	0.055	0.04	0.035	0.02	0.02	0.08
0.13	0.19	0.165	0.12	0.08	0.08	0.05	0.045	0.02	0.015	0.025	0.08
0.145	0.145	0.185	0.13	0.125	0.095	0.04	0.02	0.035	0.03	0.005	0.045
0.135	0.15	0.205	0.15	0.105	0.065	0.03	0.035	0.07	0.02	0	0.035
0.11	0.14	0.13	0.2	0.17	0.065	0.045	0.04	0.02	0.015	0.01	0.055
0.195	0.17	0.16	0.115	0.155	0.085	0.02	0.03	0.025	0.01	0.005	0.03
0.19	0.225	0.145	0.13	0.1	0.075	0.06	0.015	0.025	0.015	0	0.02
0.11	0.26	0.205	0.125	0.095	0.045	0.05	0.03	0.03	0.015	0.025	0.01
0.135	0.185	0.255	0.175	0.1	0.06	0.02	0.01	0.03	0	0.015	0.015
0.18	0.155	0.16	0.205	0.1	0.065	0.045	0.03	0.025	0.015	0	0.02
0.13	0.26	0.175	0.14	0.15	0.06	0.01	0.03	0.025	0.005	0	0.015
0.145	0.135	0.245	0.175	0.09	0.115	0.03	0.015	0.015	0.01	0.01	0.015
0.14	0.22	0.23	0.15	0.11	0.065	0.05	0.005	0.005	0.015	0.005	0.005
0.2	0.18	0.245	0.125	0.105	0.06	0.035	0.025	0.015	0	0	0.01
0.18	0.23	0.185	0.16	0.09	0.07	0.03	0.015	0.01	0.02	0	0.01
#######PARAMETER SECTION#######
800	400	1200	-4	800	-0.25	1
0.18	0.01	1	-4	0.18	-0.25	1
-1.36	-5	-0.001	-4	-1.36	-0.25	1
0.1	0.05	0.3	-4	0.1	-0.25	1
0.2	0.01	0.5	-4	0.2	-0.25	1
0.75	0.20001	1	-3	0.75	-0.25	1
13.815511	-1	200	1	13.815511	-0.25	1
0	-1	1	-4	0	-0.25	1
0.2	1e-04	1.2	-3	0.2	-0.25	1
0	-10	10	-6	0	-1	1
0	-10	10	-6	0	-1	1
2	0	12	-2	2	-0.5	1
1	0	12	-2	1	-0.5	1
2	0	12	-2	2	-0.5	1
1	0	12	-2	1	-0.5	1
1.5	0	12	-2	1.5	-0.5	1
2	0	12	-2	2	-0.5	1
-14.8682006803499	-30	5	1	-14.8682006803499	-1	1
1	0.1	2	-1	1	-1	1
-1.51930887058023	-10	1.39	1	-1.51930887058023	-1	1
#######DEV CONSTRAINTS and DEVS#######
-15	15	2
-15	15	2
-15	15	2
0	0	0	0	0	0	0	0	0	0	0	0	0	0	0	0	0	0	0	0	0	0	0	0	0	0	0	0	0	0
0	0	0	0	0	0	0	0	0	0	0	0	0	0	0	0	0	0	0	0	0	0	0	0	0	0	0	0	0	0
0	0	0	0	0	0	0	0	0	0	0
#######LIKELIHOOD WEIGHTS#######
1
1
1
1
0
1
0
0
0
#######MISCELLANEOUS STUFF SECTION#######
2.5e-08
3
0.5	0.5	0.5	0.5	0.5	0.5	0.5	0.5	0.5	0.5	0.5	0.5
0.0229773699100256	0.320821300824607	0.904650535100891	0.994779874306442	0.999738809680904	0.999986992871533	0.999999352405202	0.999999967758134	0.999999998394772	0.99999999992008	0.999999999996021	0.999999999999802
0.2	0.2	0.2	0.2	0.2	0.2	0.2	0.2	0.2	0.2	0.2	0.2
0
1
10
0.2
1
1	0	0	0	0	0	0	0	0	0	0	0
0	1	0	0	0	0	0	0	0	0	0	0
0	0	1	0	0	0	0	0	0	0	0	0
0	0	0	1	0	0	0	0	0	0	0	0
0	0	0	0	1	0	0	0	0	0	0	0
0	0	0	0	0	1	0	0	0	0	0	0
0	0	0	0	0	0	1	0	0	0	0	0
0	0	0	0	0	0	0	1	0	0	0	0
0	0	0	0	0	0	0	0	1	0	0	0
0	0	0	0	0	0	0	0	0	1	0	0
0	0	0	0	0	0	0	0	0	0	1	0
0	0	0	0	0	0	0	0	0	0	0	1
40
31
2
1
#######END OF DATA FILE#######
999
