# Number of parameters = 73  Objective function value = 26347.3  Maximum gradient component = 0.000712587
# sel_params[1]:
2.00000000000
# sel_params[2]:
1.00000000000
# log_Fmult_year1:
 -4.69637814270
# log_Fmult_devs:
 1.07059335630 0.517598528606 0.304405829986 -0.224944470037 0.602991731881 0.0116106685782 0.761495717581 -0.547125073286 0.207989756110 0.117212257654 0.0670570724791 -0.316500244784 0.358944368078 0.0594459595138 -0.105064764489 0.664654441997 -0.215770122295 -0.000779463220148 -0.0227474182525 0.322596316593 -0.318653548583 0.518254861657 -0.198740805219 0.00674207492353 -0.0980435476880 -0.0114954743430 0.336057541326 -0.295026926841 0.387731564709
# log_recruit_devs:
 -0.0344942822368 0.198139183526 -0.149065218712 -0.176897856855 0.203952696936 0.270227689212 0.0208491653014 0.0988996197486 -0.0168556715949 0.187250794543 0.0482324457887 -0.100776439300 -0.0461644428895 -0.0212756065416 0.0719848318883 0.100940804218 0.169672019486 -0.276253795410 -0.156293461624 -0.305072276117 0.134005337086 0.0411299560386 -0.119253245552 -0.286834716381 0.0665655358206 -0.289044617311 -0.0174973030634 0.109249296146 0.357340922056 -0.0826613642050
# log_N_year1_devs:
 0.0388512844383 0.0856658626841 -0.0940647868975 -0.0622802188966 0.0213484129958 0.162779978244 -0.0655759775044 -0.0803386557087 -0.116084937839 0.00244285770863 -0.0999234744509
# log_q_year1:
 -7.96194812511
# log_q_devs:
 0.00000000000 0.00000000000 0.00000000000 0.00000000000 0.00000000000 0.00000000000 0.00000000000 0.00000000000 0.00000000000 0.00000000000 0.00000000000 0.00000000000 0.00000000000 0.00000000000 0.00000000000 0.00000000000 0.00000000000 0.00000000000 0.00000000000 0.00000000000 0.00000000000 0.00000000000 0.00000000000 0.00000000000 0.00000000000 0.00000000000 0.00000000000 0.00000000000 0.00000000000
# index_sel_params[1]:
1.50000000000
# index_sel_params[2]:
0.500000000000
# log_SR_scaler:
6.90788318172
# SR_steepness:
0.750000000000
