# Number of parameters = 73  Objective function value = 26289.8  Maximum gradient component = 0.0169334
# sel_params[1]:
2.00000000000
# sel_params[2]:
1.00000000000
# log_Fmult_year1:
 -4.67163524794
# log_Fmult_devs:
 1.07300376382 0.515560084929 0.304903375387 -0.220418280738 0.586478515793 0.0168082037954 0.754848172285 -0.531951287237 0.196579951093 0.129882138926 0.0706818625928 -0.316263594386 0.378661175513 0.0419530415627 -0.120715492065 0.679133866886 -0.208802054896 0.00616292938258 -0.0109866907806 0.343723946923 -0.311410240929 0.488667472307 -0.197725927409 -0.0257295257744 -0.113923524908 -0.0277662382628 0.308124551341 -0.274478903882 0.415284584812
# log_recruit_devs:
 0.0258379407630 0.188139463859 -0.134601279475 -0.283140386182 0.326375333080 0.142224884550 -0.0207014969100 0.174911961966 -0.0507976289740 0.0725498228141 0.0100608564815 -0.103410979628 -0.00187174341322 0.0848942350328 -0.0899844996271 0.130154155774 0.0899346439531 -0.319953879473 -0.156796343453 -0.209085824607 0.0967921658019 0.178092303439 -0.0901768437924 -0.193892378151 0.134191990974 -0.178800975604 -0.0704771968127 0.117489693576 0.0844603348705 0.0475816691679
# log_N_year1_devs:
 -0.0797100070173 0.0697459058487 -0.151814836685 -0.00148631742778 -0.00370873078913 -0.0745742675308 0.102365540706 -0.163469797409 -0.0180890744237 -0.192487417767 -0.107514655849
# log_q_year1:
 -7.95628732132
# log_q_devs:
 0.00000000000 0.00000000000 0.00000000000 0.00000000000 0.00000000000 0.00000000000 0.00000000000 0.00000000000 0.00000000000 0.00000000000 0.00000000000 0.00000000000 0.00000000000 0.00000000000 0.00000000000 0.00000000000 0.00000000000 0.00000000000 0.00000000000 0.00000000000 0.00000000000 0.00000000000 0.00000000000 0.00000000000 0.00000000000 0.00000000000 0.00000000000 0.00000000000 0.00000000000
# index_sel_params[1]:
1.50000000000
# index_sel_params[2]:
0.500000000000
# log_SR_scaler:
6.91810762896
# SR_steepness:
0.750000000000
