#######GENERAL HEADER INPUT#######
1
30
1
30
1
30
30
12
1	2	3	4	5	6	7	8	9	10	11	12
12
1	2	3	4	5	6	7	8	9	10	11	12
1
101
1
1
#######SURVEY DATA#######
30
1	2	3	4	5	6	7	8	9	10	11	12	13	14	15	16	17	18	19	20	21	22	23	24	25	26	27	28	29	30
1.64813403255717	1.40358847039558	1.60883388857707	1.36288690748918	1.45399227564111	1.26513736470513	1.42557658518297	1.330117970853	1.48658809825126	1.40330736594869	1.32072256590152	1.02428261669129	0.95279172421944	0.906129025966045	1.04728655572053	1.06634947653837	1.00844422476912	0.804955611852226	0.771499175851807	0.570277528890147	0.628282043271955	0.752838344605649	0.67661292001321	0.59599375188932	0.571484930037284	0.712647248969222	0.569845168737521	0.502666319409294	0.462278316242332	0.590246541904671
0.2	0.2	0.2	0.2	0.2	0.2	0.2	0.2	0.2	0.2	0.2	0.2	0.2	0.2	0.2	0.2	0.2	0.2	0.2	0.2	0.2	0.2	0.2	0.2	0.2	0.2	0.2	0.2	0.2	0.2
30
1	2	3	4	5	6	7	8	9	10	11	12	13	14	15	16	17	18	19	20	21	22	23	24	25	26	27	28	29	30
200	200	200	200	200	200	200	200	200	200	200	200	200	200	200	200	200	200	200	200	200	200	200	200	200	200	200	200	200	200
200	200	200	200	200	200	200	200	200	200	200	200	200	200	200	200	200	200	200	200	200	200	200	200	200	200	200	200	200	200
0.07	0.135	0.16	0.14	0.1	0.08	0.06	0.06	0.03	0.025	0.015	0.125
0.08	0.18	0.145	0.12	0.055	0.075	0.06	0.04	0.025	0.065	0.025	0.13
0.04	0.16	0.15	0.1	0.115	0.095	0.08	0.045	0.03	0.035	0.03	0.12
0.05	0.12	0.165	0.155	0.12	0.055	0.06	0.035	0.05	0.04	0.035	0.115
0.06	0.14	0.185	0.12	0.08	0.05	0.105	0.035	0.05	0.03	0.025	0.12
0.095	0.18	0.11	0.11	0.085	0.09	0.05	0.065	0.04	0.04	0.02	0.115
0.06	0.2	0.175	0.095	0.1	0.08	0.055	0.035	0.03	0.035	0.065	0.07
0.055	0.155	0.155	0.19	0.085	0.09	0.075	0.03	0.035	0.02	0.015	0.095
0.055	0.16	0.18	0.145	0.13	0.095	0.06	0.04	0.045	0.02	0.005	0.065
0.065	0.165	0.175	0.11	0.145	0.11	0.02	0.045	0.05	0.025	0.01	0.08
0.065	0.145	0.165	0.15	0.105	0.095	0.075	0.05	0.04	0.03	0.01	0.07
0.055	0.21	0.215	0.135	0.09	0.115	0.035	0.03	0.02	0.02	0.015	0.06
0.085	0.18	0.195	0.155	0.065	0.065	0.04	0.055	0.035	0.02	0.03	0.075
0.105	0.22	0.13	0.145	0.12	0.06	0.05	0.045	0.03	0.03	0.005	0.06
0.085	0.195	0.175	0.135	0.145	0.065	0.045	0.05	0.01	0.02	0.02	0.055
0.055	0.17	0.22	0.18	0.07	0.07	0.075	0.015	0.045	0.025	0.02	0.055
0.055	0.21	0.165	0.165	0.1	0.065	0.06	0.05	0.01	0.03	0.005	0.085
0.105	0.215	0.235	0.14	0.115	0.035	0.05	0.035	0.02	0.02	0.005	0.025
0.075	0.11	0.26	0.18	0.11	0.07	0.055	0.04	0.02	0.02	0.025	0.035
0.105	0.195	0.17	0.165	0.115	0.065	0.06	0.045	0.03	0.02	0.01	0.02
0.13	0.175	0.2	0.13	0.11	0.085	0.05	0.04	0.025	0.015	0.015	0.025
0.105	0.25	0.185	0.205	0.08	0.055	0.025	0.005	0.02	0.025	0.01	0.035
0.085	0.27	0.27	0.14	0.09	0.035	0.03	0.06	0.01	0.005	0	0.005
0.1	0.265	0.26	0.15	0.06	0.035	0.04	0.03	0.02	0.005	0.01	0.025
0.145	0.2	0.18	0.22	0.105	0.04	0.04	0.01	0.025	0.005	0.005	0.025
0.085	0.31	0.215	0.16	0.11	0.04	0.02	0.02	0.02	0.01	0.005	0.005
0.125	0.205	0.29	0.16	0.08	0.06	0.02	0.025	0.005	0.01	0.005	0.015
0.115	0.225	0.205	0.185	0.075	0.075	0.06	0.03	0.005	0	0.015	0.01
0.165	0.3	0.18	0.145	0.09	0.03	0.04	0.015	0.015	0	0.01	0.01
0.125	0.295	0.24	0.165	0.055	0.025	0.035	0.005	0.02	0.01	0.02	0.005
#######LANDINGS DATA#######
1
30
159.477821402867	468.250708121285	759.874797559485	990.727545681731	759.797819039937	1332.75236040378	1276.22119476592	2513.14443218999	1320.59530098912	1528.44992433567	1603.5260516955	1620.55905001707	1110.79135887649	1524.76444604834	1500.14589224026	1267.10746274571	2253.30593633128	1591.73827486597	1449.77712910473	1324.83671640096	1625.27079466838	1079.69473625465	1626.02156868314	1203.16608566638	1120.63110235573	964.389747673038	927.838754264324	1222.15106011171	872.892788103019	1271.15101497777
0.01	0.01	0.01	0.01	0.01	0.01	0.01	0.01	0.01	0.01	0.01	0.01	0.01	0.01	0.01	0.01	0.01	0.01	0.01	0.01	0.01	0.01	0.01	0.01	0.01	0.01	0.01	0.01	0.01	0.01
30
1	2	3	4	5	6	7	8	9	10	11	12	13	14	15	16	17	18	19	20	21	22	23	24	25	26	27	28	29	30
200	200	200	200	200	200	200	200	200	200	200	200	200	200	200	200	200	200	200	200	200	200	200	200	200	200	200	200	200	200
200	200	200	200	200	200	200	200	200	200	200	200	200	200	200	200	200	200	200	200	200	200	200	200	200	200	200	200	200	200
0.075	0.08	0.075	0.105	0.12	0.08	0.095	0.08	0.085	0.045	0.04	0.12
0.075	0.105	0.115	0.08	0.12	0.1	0.1	0.07	0.025	0.05	0.035	0.125
0.075	0.14	0.185	0.095	0.06	0.105	0.045	0.035	0.05	0.05	0.025	0.135
0.05	0.085	0.19	0.09	0.125	0.06	0.07	0.05	0.04	0.025	0.05	0.165
0.12	0.1	0.08	0.17	0.1	0.07	0.095	0.09	0.015	0.015	0.03	0.115
0.12	0.13	0.095	0.105	0.155	0.065	0.04	0.03	0.055	0.05	0.015	0.14
0.055	0.15	0.19	0.1	0.07	0.105	0.085	0.06	0.025	0.05	0.04	0.07
0.075	0.12	0.19	0.165	0.085	0.045	0.08	0.05	0.065	0.025	0.02	0.08
0.085	0.115	0.12	0.155	0.155	0.07	0.055	0.055	0.03	0.025	0.025	0.11
0.13	0.125	0.16	0.11	0.14	0.085	0.025	0.04	0.055	0.02	0.015	0.095
0.125	0.155	0.11	0.095	0.13	0.08	0.1	0.025	0.03	0.02	0.025	0.105
0.07	0.1	0.19	0.11	0.155	0.085	0.065	0.06	0.01	0.04	0.025	0.09
0.095	0.17	0.14	0.135	0.075	0.1	0.06	0.065	0.03	0.03	0.01	0.09
0.12	0.115	0.125	0.2	0.12	0.06	0.075	0.04	0.025	0.04	0.005	0.075
0.1	0.135	0.165	0.125	0.135	0.07	0.095	0.025	0.03	0.015	0.03	0.075
0.12	0.19	0.175	0.145	0.08	0.08	0.05	0.01	0.055	0.025	0.005	0.065
0.1	0.215	0.18	0.105	0.085	0.06	0.06	0.05	0.035	0.045	0.01	0.055
0.085	0.18	0.2	0.17	0.08	0.08	0.05	0.03	0.04	0.04	0.01	0.035
0.095	0.11	0.23	0.195	0.11	0.065	0.04	0.01	0.045	0.025	0.03	0.045
0.095	0.16	0.185	0.2	0.09	0.085	0.045	0.045	0.025	0.03	0.02	0.02
0.175	0.14	0.15	0.13	0.115	0.1	0.055	0.05	0.04	0.015	0.005	0.025
0.215	0.14	0.155	0.1	0.12	0.095	0.085	0.02	0.04	0.005	0	0.025
0.14	0.235	0.18	0.12	0.115	0.08	0.065	0.02	0.015	0.005	0.015	0.01
0.1	0.195	0.26	0.185	0.075	0.08	0.02	0.045	0.01	0.01	0.01	0.01
0.175	0.195	0.21	0.175	0.085	0.045	0.035	0.005	0.025	0.02	0.005	0.025
0.105	0.24	0.2	0.135	0.12	0.065	0.035	0.045	0.02	0.01	0.01	0.015
0.155	0.175	0.25	0.11	0.095	0.055	0.09	0.025	0.015	0	0.005	0.025
0.18	0.175	0.22	0.14	0.085	0.065	0.05	0.03	0.025	0.01	0	0.02
0.185	0.17	0.225	0.155	0.11	0.05	0.035	0.02	0.025	0	0.015	0.01
0.19	0.31	0.185	0.13	0.08	0.025	0.04	0.025	0	0.005	0	0.01
#######PARAMETER SECTION#######
800	400	1200	-4	800	-0.25	1
0.18	0.01	1	-4	0.18	-0.25	1
-1.36	-5	-0.001	-4	-1.36	-0.25	1
0.1	0.05	0.3	-4	0.1	-0.25	1
0.2	0.01	0.5	-4	0.2	-0.25	1
0.75	0.20001	1	-3	0.75	-0.25	1
13.815511	-1	200	1	13.815511	-0.25	1
0	-1	1	-4	0	-0.25	1
0.2	1e-04	1.2	-3	0.2	-0.25	1
0	-10	10	-6	0	-1	1
0	-10	10	-6	0	-1	1
2	0	12	-2	2	-0.5	1
1	0	12	-2	1	-0.5	1
2	0	12	-2	2	-0.5	1
1	0	12	-2	1	-0.5	1
1.5	0	12	-2	1.5	-0.5	1
2	0	12	-2	2	-0.5	1
-14.8682006803499	-30	5	1	-14.8682006803499	-1	1
1	0.1	2	-1	1	-1	1
-1.51930887058023	-10	1.39	1	-1.51930887058023	-1	1
#######DEV CONSTRAINTS and DEVS#######
-15	15	2
-15	15	2
-15	15	2
0	0	0	0	0	0	0	0	0	0	0	0	0	0	0	0	0	0	0	0	0	0	0	0	0	0	0	0	0	0
0	0	0	0	0	0	0	0	0	0	0	0	0	0	0	0	0	0	0	0	0	0	0	0	0	0	0	0	0	0
0	0	0	0	0	0	0	0	0	0	0
#######LIKELIHOOD WEIGHTS#######
1
1
1
1
0
1
0
0
0
#######MISCELLANEOUS STUFF SECTION#######
2.5e-08
3
0.5	0.5	0.5	0.5	0.5	0.5	0.5	0.5	0.5	0.5	0.5	0.5
0.0229773699100256	0.320821300824607	0.904650535100891	0.994779874306442	0.999738809680904	0.999986992871533	0.999999352405202	0.999999967758134	0.999999998394772	0.99999999992008	0.999999999996021	0.999999999999802
0.2	0.2	0.2	0.2	0.2	0.2	0.2	0.2	0.2	0.2	0.2	0.2
0
1
10
0.2
1
1	0	0	0	0	0	0	0	0	0	0	0
0	1	0	0	0	0	0	0	0	0	0	0
0	0	1	0	0	0	0	0	0	0	0	0
0	0	0	1	0	0	0	0	0	0	0	0
0	0	0	0	1	0	0	0	0	0	0	0
0	0	0	0	0	1	0	0	0	0	0	0
0	0	0	0	0	0	1	0	0	0	0	0
0	0	0	0	0	0	0	1	0	0	0	0
0	0	0	0	0	0	0	0	1	0	0	0
0	0	0	0	0	0	0	0	0	1	0	0
0	0	0	0	0	0	0	0	0	0	1	0
0	0	0	0	0	0	0	0	0	0	0	1
40
31
2
1
#######END OF DATA FILE#######
999
