#styr																																				
1
#endyr																																			
30
#rec_age																																	
1																																						#n_ages																																		
12
# numbers of length intervals
81
#Length	bin
10	11	12	13	14	15	16	17	18	19	20	21	22	23	24	25	26	27	28	29	30	31	32	33	34	35	36	37	38	39	40	41	42	43	44	45	46	47	48	49	50	51	52	53	54	55	56	57	58	59	60	61	62	63	64	65	66	67	68	69	70	71	72	73	74	75	76	77	78	79	80	81	82	83	84	85	86	87	88	89	90
#nfsh
1
#names_fsh
OM1																																				
#catch																																			
160.870815694753	469.737568143771	759.471878258516	994.716571944335	773.173162314246	1327.21189846583	1276.27590175411	2461.4162000707	1324.1923581964	1536.33796691467	1604.38452687846	1617.45749517177	1101.23684644906	1531.59046771752	1505.49959083246	1270.98214071076	2239.82550280073	1610.97701852096	1466.57959838912	1318.80467886571	1625.56471250569	1080.81867080815	1611.17658131574	1209.47781167249	1125.59864926633	966.132667718934	931.960305401029	1214.78248413982	867.665575134025	1278.74523128297
#catch_cv																																		
0.01	0.01	0.01	0.01	0.01	0.01	0.01	0.01	0.01	0.01	0.01	0.01	0.01	0.01	0.01	0.01	0.01	0.01	0.01	0.01	0.01	0.01	0.01	0.01	0.01	0.01	0.01	0.01	0.01	0.01
#n_ages_fsh																															
30																			
#n_lengths_fsh																															
0																																						
#yrs_ages_fsh																																
1	2	3	4	5	6	7	8	9	10	11	12	13	14	15	16	17	18	19	20	21	22	23	24	25	26	27	28	29	30						
#sample_ages_fsh																														
200	200	200	200	200	200	200	200	200	200	200	200	200	200	200	200	200	200	200	200	200	200	200	200	200	200	200	200	200	200
#page_fsh	2	3	4	5	6	7	8	9	10	11																						
0.07	0.085	0.155	0.13	0.075	0.1	0.08	0.05	0.05	0.03	0.045	0.13
0.115	0.105	0.125	0.085	0.08	0.09	0.045	0.065	0.045	0.065	0.035	0.145
0.11	0.11	0.145	0.115	0.085	0.075	0.065	0.04	0.055	0.05	0.03	0.12
0.06	0.085	0.11	0.095	0.125	0.09	0.055	0.065	0.075	0.025	0.065	0.15
0.11	0.085	0.135	0.135	0.085	0.095	0.08	0.035	0.03	0.02	0.045	0.145
0.06	0.14	0.09	0.115	0.125	0.1	0.06	0.045	0.05	0.03	0.025	0.16
0.055	0.125	0.175	0.095	0.075	0.11	0.07	0.055	0.06	0.04	0.035	0.105
0.04	0.125	0.17	0.16	0.07	0.085	0.07	0.045	0.055	0.03	0.02	0.13
0.045	0.11	0.125	0.125	0.14	0.08	0.065	0.045	0.04	0.045	0.015	0.165
0.095	0.16	0.14	0.1	0.1	0.11	0.055	0.065	0.04	0.01	0.025	0.1
0.09	0.185	0.115	0.1	0.075	0.14	0.125	0.02	0.025	0.005	0.015	0.105
0.075	0.17	0.18	0.13	0.115	0.095	0.075	0.045	0.02	0.005	0.005	0.085
0.065	0.155	0.17	0.175	0.125	0.1	0.05	0.03	0.055	0.015	0.01	0.05
0.12	0.13	0.125	0.155	0.12	0.095	0.06	0.045	0.05	0.025	0.01	0.065
0.125	0.125	0.16	0.15	0.105	0.105	0.075	0.02	0.02	0.035	0.035	0.045
0.13	0.135	0.15	0.125	0.095	0.095	0.08	0.05	0.025	0.02	0.04	0.055
0.1	0.19	0.145	0.185	0.08	0.065	0.045	0.06	0.01	0.035	0.025	0.06
0.065	0.17	0.22	0.14	0.165	0.055	0.025	0.065	0.03	0.02	0.01	0.035
0.125	0.115	0.2	0.195	0.09	0.095	0.055	0.04	0.02	0.025	0.005	0.035
0.075	0.185	0.14	0.21	0.135	0.06	0.035	0.025	0.01	0.05	0.025	0.05
0.165	0.145	0.2	0.065	0.11	0.07	0.075	0.06	0.015	0.005	0.02	0.07
0.135	0.23	0.16	0.16	0.075	0.115	0.055	0.02	0.025	0.01	0.005	0.01
0.085	0.27	0.23	0.16	0.075	0.07	0.04	0.015	0.005	0.005	0.015	0.03
0.095	0.18	0.24	0.155	0.1	0.06	0.035	0.03	0.025	0.005	0.02	0.055
0.225	0.125	0.16	0.185	0.15	0.07	0.05	0	0.015	0.005	0.01	0.005
0.135	0.24	0.19	0.16	0.105	0.075	0.035	0.025	0.01	0.01	0.005	0.01
0.185	0.15	0.24	0.165	0.07	0.08	0.065	0.01	0.015	0.015	0	0.005
0.2	0.21	0.195	0.165	0.06	0.06	0.015	0.035	0.035	0.005	0.005	0.015
0.225	0.18	0.195	0.11	0.13	0.075	0.03	0.025	0.01	0.01	0.005	0.005
0.1	0.26	0.25	0.16	0.095	0.055	0.03	0.01	0.02	0.02	0	0
#wt_age_fsh	1 2	3	4	5	6	7	8	9	10	11																				
0.000530656	0.001196328	0.002058265	0.003034987	0.004055212	0.005064698	0.006026226	0.006916921	0.007724891	0.008446113	0.009081853	0.009636695
0.000530656	0.001196328	0.002058265	0.003034987	0.004055212	0.005064698	0.006026226	0.006916921	0.007724891	0.008446113	0.009081853	0.009636695
0.000530656	0.001196328	0.002058265	0.003034987	0.004055212	0.005064698	0.006026226	0.006916921	0.007724891	0.008446113	0.009081853	0.009636695
0.000530656	0.001196328	0.002058265	0.003034987	0.004055212	0.005064698	0.006026226	0.006916921	0.007724891	0.008446113	0.009081853	0.009636695
0.000530656	0.001196328	0.002058265	0.003034987	0.004055212	0.005064698	0.006026226	0.006916921	0.007724891	0.008446113	0.009081853	0.009636695
0.000530656	0.001196328	0.002058265	0.003034987	0.004055212	0.005064698	0.006026226	0.006916921	0.007724891	0.008446113	0.009081853	0.009636695
0.000530656	0.001196328	0.002058265	0.003034987	0.004055212	0.005064698	0.006026226	0.006916921	0.007724891	0.008446113	0.009081853	0.009636695
0.000530656	0.001196328	0.002058265	0.003034987	0.004055212	0.005064698	0.006026226	0.006916921	0.007724891	0.008446113	0.009081853	0.009636695
0.000530656	0.001196328	0.002058265	0.003034987	0.004055212	0.005064698	0.006026226	0.006916921	0.007724891	0.008446113	0.009081853	0.009636695
0.000530656	0.001196328	0.002058265	0.003034987	0.004055212	0.005064698	0.006026226	0.006916921	0.007724891	0.008446113	0.009081853	0.009636695
0.000530656	0.001196328	0.002058265	0.003034987	0.004055212	0.005064698	0.006026226	0.006916921	0.007724891	0.008446113	0.009081853	0.009636695
0.000530656	0.001196328	0.002058265	0.003034987	0.004055212	0.005064698	0.006026226	0.006916921	0.007724891	0.008446113	0.009081853	0.009636695
0.000530656	0.001196328	0.002058265	0.003034987	0.004055212	0.005064698	0.006026226	0.006916921	0.007724891	0.008446113	0.009081853	0.009636695
0.000530656	0.001196328	0.002058265	0.003034987	0.004055212	0.005064698	0.006026226	0.006916921	0.007724891	0.008446113	0.009081853	0.009636695
0.000530656	0.001196328	0.002058265	0.003034987	0.004055212	0.005064698	0.006026226	0.006916921	0.007724891	0.008446113	0.009081853	0.009636695
0.000530656	0.001196328	0.002058265	0.003034987	0.004055212	0.005064698	0.006026226	0.006916921	0.007724891	0.008446113	0.009081853	0.009636695
0.000530656	0.001196328	0.002058265	0.003034987	0.004055212	0.005064698	0.006026226	0.006916921	0.007724891	0.008446113	0.009081853	0.009636695
0.000530656	0.001196328	0.002058265	0.003034987	0.004055212	0.005064698	0.006026226	0.006916921	0.007724891	0.008446113	0.009081853	0.009636695
0.000530656	0.001196328	0.002058265	0.003034987	0.004055212	0.005064698	0.006026226	0.006916921	0.007724891	0.008446113	0.009081853	0.009636695
0.000530656	0.001196328	0.002058265	0.003034987	0.004055212	0.005064698	0.006026226	0.006916921	0.007724891	0.008446113	0.009081853	0.009636695
0.000530656	0.001196328	0.002058265	0.003034987	0.004055212	0.005064698	0.006026226	0.006916921	0.007724891	0.008446113	0.009081853	0.009636695
0.000530656	0.001196328	0.002058265	0.003034987	0.004055212	0.005064698	0.006026226	0.006916921	0.007724891	0.008446113	0.009081853	0.009636695
0.000530656	0.001196328	0.002058265	0.003034987	0.004055212	0.005064698	0.006026226	0.006916921	0.007724891	0.008446113	0.009081853	0.009636695
0.000530656	0.001196328	0.002058265	0.003034987	0.004055212	0.005064698	0.006026226	0.006916921	0.007724891	0.008446113	0.009081853	0.009636695
0.000530656	0.001196328	0.002058265	0.003034987	0.004055212	0.005064698	0.006026226	0.006916921	0.007724891	0.008446113	0.009081853	0.009636695
0.000530656	0.001196328	0.002058265	0.003034987	0.004055212	0.005064698	0.006026226	0.006916921	0.007724891	0.008446113	0.009081853	0.009636695
0.000530656	0.001196328	0.002058265	0.003034987	0.004055212	0.005064698	0.006026226	0.006916921	0.007724891	0.008446113	0.009081853	0.009636695
0.000530656	0.001196328	0.002058265	0.003034987	0.004055212	0.005064698	0.006026226	0.006916921	0.007724891	0.008446113	0.009081853	0.009636695
0.000530656	0.001196328	0.002058265	0.003034987	0.004055212	0.005064698	0.006026226	0.006916921	0.007724891	0.008446113	0.009081853	0.009636695
0.000530656	0.001196328	0.002058265	0.003034987	0.004055212	0.005064698	0.006026226	0.006916921	0.007724891	0.008446113	0.009081853	0.009636695

#nind
1
#ind_names																																	
survey_index1																																
#nobs_ind
30
#yrs_ind																																		
1	2	3	4	5	6	7	8	9	10	11	12	13	14	15	16	17	18	19	20	21	22	23	24	25	26	27	28	29	30	
#month_ind																																	
1																																						
#biom_ind																																		
1.50127386164857	1.73686421217446	1.57110686169611	1.55302187062444	1.5594687037829	1.57163274988857	1.49188501328786	1.41162264157697	1.48952062218749	1.2054702604707	1.01199641222915	0.937036651492684	1.06291041293354	1.18017046478307	0.858279040147787	1.04204859763775	1.05797947116112	0.962685821492525	0.792093514964828	0.701480053319607	0.725997032338049	0.656003321181176	0.642119583075512	0.524842984947829	0.44681845989615	0.580833476849077	0.547727117864972	0.523779673738251	0.489168117195328	0.518072854843902
#biom_cv																				
0.300254772329713	0.347372842434892	0.314221372339222	0.310604374124887	0.311893740756579	0.314326549977714	0.298377002657572	0.282324528315393	0.297904124437499	0.24109405209414	0.20239928244583	0.187407330298537	0.212582082586708	0.236034092956614	0.171655808029557	0.208409719527551	0.211595894232224	0.192537164298505	0.158418702992966	0.140296010663921	0.14519940646761	0.131200664236235	0.128423916615102	0.104968596989566	0.08936369197923	0.116166695369815	0.109545423572994	0.10475593474765	0.0978336234390656	0.10361457096878
#n_ages_ind																																	
30			
#n_lengths_ind																															
0																																						
#yrs_ages_ind																																
1	2	3	4	5	6	7	8	9	10	11	12	13	14	15	16	17	18	19	20	21	22	23	24	25	26	27	28	29	30																						
#sample_ages_ind																														
200	200	200	200	200	200	200	200	200	200	200	200	200	200	200	200	200	200	200	200	200	200	200	200	200	200	200	200	200	200
#page_ind																																		
0.08	0.14	0.14	0.08	0.145	0.08	0.08	0.055	0.03	0.02	0.02	0.13
0.1	0.12	0.165	0.12	0.11	0.075	0.07	0.05	0.05	0.03	0.015	0.095
0.075	0.155	0.125	0.14	0.11	0.09	0.045	0.045	0.02	0.025	0.03	0.14
0.035	0.14	0.12	0.145	0.105	0.09	0.08	0.055	0.06	0.02	0.03	0.12
0.05	0.095	0.13	0.155	0.08	0.135	0.045	0.07	0.045	0.035	0.045	0.115
0.1	0.18	0.11	0.12	0.115	0.06	0.055	0.035	0.035	0.03	0.05	0.11
0.04	0.18	0.22	0.08	0.07	0.08	0.05	0.075	0.045	0.025	0.02	0.115
0.075	0.18	0.16	0.11	0.06	0.07	0.1	0.025	0.05	0.045	0.025	0.1
0.06	0.2	0.14	0.185	0.13	0.045	0.035	0.045	0.035	0.03	0.02	0.075
0.11	0.125	0.17	0.125	0.145	0.065	0.04	0.075	0.025	0.02	0.02	0.08
0.085	0.155	0.155	0.145	0.085	0.125	0.05	0.035	0.035	0.045	0.02	0.065
0.075	0.15	0.195	0.145	0.09	0.04	0.035	0.095	0.04	0.02	0.045	0.07
0.125	0.15	0.24	0.125	0.085	0.07	0.045	0.03	0.04	0.035	0.01	0.045
0.085	0.165	0.14	0.125	0.1	0.075	0.085	0.03	0.055	0.06	0.01	0.07
0.105	0.19	0.16	0.13	0.09	0.1	0.05	0.04	0.02	0.02	0.035	0.06
0.14	0.2	0.19	0.09	0.11	0.09	0.05	0.03	0.01	0.01	0.025	0.055
0.09	0.24	0.15	0.165	0.11	0.025	0.065	0.05	0.025	0.015	0.015	0.05
0.08	0.21	0.245	0.12	0.11	0.075	0.03	0.025	0.03	0.02	0.025	0.03
0.07	0.195	0.21	0.17	0.08	0.07	0.05	0.045	0.04	0.015	0.015	0.04
0.075	0.185	0.16	0.195	0.13	0.07	0.025	0.055	0.02	0.03	0.015	0.04
0.165	0.2	0.17	0.11	0.11	0.055	0.06	0.04	0.03	0.01	0.03	0.02
0.115	0.24	0.165	0.16	0.09	0.06	0.06	0.025	0.04	0.015	0.005	0.025
0.085	0.275	0.23	0.15	0.145	0.03	0.045	0.01	0.015	0.005	0.005	0.005
0.16	0.25	0.25	0.17	0.06	0.04	0.02	0.01	0.005	0.02	0.01	0.005
0.175	0.165	0.19	0.19	0.125	0.045	0.055	0.025	0.02	0.01	0	0
0.1	0.265	0.16	0.135	0.155	0.09	0.025	0.04	0.005	0.01	0	0.015
0.11	0.245	0.235	0.145	0.085	0.06	0.035	0.035	0.025	0.01	0.005	0.01
0.13	0.26	0.16	0.195	0.07	0.085	0.035	0.035	0	0.005	0.02	0.005
0.195	0.285	0.195	0.105	0.095	0.045	0.01	0.03	0.005	0.01	0.015	0.01
0.08	0.285	0.29	0.135	0.065	0.095	0.02	0.015	0.005	0.01	0	0
#wt_age_ind																																	
1 1 1 1 1 1 1 1 1 1 1 1 
1 1 1 1 1 1 1 1 1 1 1 1 
1 1 1 1 1 1 1 1 1 1 1 1 
1 1 1 1 1 1 1 1 1 1 1 1 
1 1 1 1 1 1 1 1 1 1 1 1 
1 1 1 1 1 1 1 1 1 1 1 1 
1 1 1 1 1 1 1 1 1 1 1 1 
1 1 1 1 1 1 1 1 1 1 1 1 
1 1 1 1 1 1 1 1 1 1 1 1 
1 1 1 1 1 1 1 1 1 1 1 1 
1 1 1 1 1 1 1 1 1 1 1 1 
1 1 1 1 1 1 1 1 1 1 1 1 
1 1 1 1 1 1 1 1 1 1 1 1 
1 1 1 1 1 1 1 1 1 1 1 1 
1 1 1 1 1 1 1 1 1 1 1 1 
1 1 1 1 1 1 1 1 1 1 1 1 
1 1 1 1 1 1 1 1 1 1 1 1 
1 1 1 1 1 1 1 1 1 1 1 1 
1 1 1 1 1 1 1 1 1 1 1 1 
1 1 1 1 1 1 1 1 1 1 1 1 
1 1 1 1 1 1 1 1 1 1 1 1 
1 1 1 1 1 1 1 1 1 1 1 1 
1 1 1 1 1 1 1 1 1 1 1 1 
1 1 1 1 1 1 1 1 1 1 1 1 
1 1 1 1 1 1 1 1 1 1 1 1 
1 1 1 1 1 1 1 1 1 1 1 1 
1 1 1 1 1 1 1 1 1 1 1 1 
1 1 1 1 1 1 1 1 1 1 1 1 
1 1 1 1 1 1 1 1 1 1 1 1 
1 1 1 1 1 1 1 1 1 1 1 1 
# wt_pop
0.000530656	0.001196328	0.002058265	0.003034987	0.004055212	0.005064698	0.006026226	0.006916921	0.007724891	0.008446113	0.009081853	0.009636695
#maturity
0.02297737 0.32082130 0.90465054 0.99477987 0.99973881 0.99998699 0.99999935 0.99999997 1 1 1 1
#spmonth																																		
1		
#age_err																																		
1	0	0	0	0	0	0	0	0	0	0	0
0	1	0	0	0	0	0	0	0	0	0	0
0	0	1	0	0	0	0	0	0	0	0	0
0	0	0	1	0	0	0	0	0	0	0	0
0	0	0	0	1	0	0	0	0	0	0	0
0	0	0	0	0	1	0	0	0	0	0	0
0	0	0	0	0	0	1	0	0	0	0	0
0	0	0	0	0	0	0	1	0	0	0	0
0	0	0	0	0	0	0	0	1	0	0	0
0	0	0	0	0	0	0	0	0	1	0	0
0	0	0	0	0	0	0	0	0	0	1	0
0	0	0	0	0	0	0	0	0	0	0	1																														
