#######GENERAL HEADER INPUT#######
1
30
1
30
1
30
30
12
1	2	3	4	5	6	7	8	9	10	11	12
12
1	2	3	4	5	6	7	8	9	10	11	12
1
101
1
1
#######SURVEY DATA#######
30
1	2	3	4	5	6	7	8	9	10	11	12	13	14	15	16	17	18	19	20	21	22	23	24	25	26	27	28	29	30
1.49199885903603	1.50323673639213	1.53472113902385	1.42230210221873	1.36969499379973	1.303989903819	1.29765374698507	1.41932382250519	1.12574818686928	1.27390897856006	1.27957818524722	1.1054534474201	1.22559537859511	1.1939226265896	1.24487411069296	0.876881033680829	0.838306360965195	0.916410926456213	0.895967852123394	0.757542022879431	0.76397340863254	0.690724259918635	0.816235125417984	0.555792026041037	0.612436595757909	0.565785256860044	0.621117309746829	0.584519198997731	0.466923152328592	0.666662110316118
0.2	0.2	0.2	0.2	0.2	0.2	0.2	0.2	0.2	0.2	0.2	0.2	0.2	0.2	0.2	0.2	0.2	0.2	0.2	0.2	0.2	0.2	0.2	0.2	0.2	0.2	0.2	0.2	0.2	0.2
30
1	2	3	4	5	6	7	8	9	10	11	12	13	14	15	16	17	18	19	20	21	22	23	24	25	26	27	28	29	30
200	200	200	200	200	200	200	200	200	200	200	200	200	200	200	200	200	200	200	200	200	200	200	200	200	200	200	200	200	200
200	200	200	200	200	200	200	200	200	200	200	200	200	200	200	200	200	200	200	200	200	200	200	200	200	200	200	200	200	200
0.065	0.13	0.155	0.08	0.06	0.08	0.07	0.05	0.04	0.06	0.045	0.165
0.11	0.165	0.115	0.135	0.075	0.07	0.055	0.04	0.05	0.045	0.045	0.095
0.065	0.205	0.11	0.12	0.105	0.06	0.045	0.075	0.05	0.035	0.015	0.115
0.045	0.125	0.19	0.125	0.13	0.065	0.055	0.065	0.04	0.035	0.025	0.1
0.1	0.1	0.15	0.18	0.095	0.1	0.045	0.045	0.05	0.035	0.01	0.09
0.075	0.145	0.18	0.17	0.075	0.08	0.07	0.055	0.045	0.01	0.02	0.075
0.06	0.175	0.235	0.13	0.075	0.06	0.03	0.025	0.045	0.03	0.01	0.125
0.105	0.105	0.195	0.145	0.095	0.055	0.095	0.02	0.035	0.025	0.005	0.12
0.075	0.155	0.18	0.12	0.155	0.03	0.05	0.035	0.025	0.02	0.025	0.13
0.055	0.095	0.28	0.125	0.125	0.08	0.03	0.04	0.055	0.015	0.015	0.085
0.05	0.195	0.155	0.175	0.1	0.085	0.125	0.03	0.015	0.015	0.02	0.035
0.095	0.165	0.19	0.095	0.085	0.08	0.075	0.045	0.04	0.03	0.035	0.065
0.105	0.165	0.185	0.12	0.075	0.065	0.035	0.025	0.08	0.025	0.01	0.11
0.095	0.165	0.185	0.145	0.115	0.05	0.07	0.01	0.075	0.015	0.01	0.065
0.1	0.19	0.165	0.085	0.105	0.06	0.055	0.055	0.045	0.02	0.03	0.09
0.11	0.155	0.19	0.12	0.145	0.08	0.07	0.03	0.015	0.02	0.015	0.05
0.11	0.205	0.135	0.125	0.13	0.045	0.075	0.05	0.015	0.015	0.025	0.07
0.13	0.205	0.18	0.135	0.11	0.05	0.02	0.055	0.035	0.015	0.01	0.055
0.11	0.12	0.285	0.185	0.06	0.06	0.04	0.02	0.055	0.025	0.02	0.02
0.075	0.17	0.21	0.22	0.12	0.07	0.045	0.025	0.005	0.02	0.005	0.035
0.14	0.17	0.22	0.11	0.095	0.08	0.045	0.04	0.03	0.01	0.015	0.045
0.135	0.24	0.195	0.16	0.07	0.065	0.045	0.035	0.01	0.02	0.005	0.02
0.07	0.245	0.21	0.125	0.105	0.07	0.065	0.03	0.025	0.01	0.01	0.035
0.065	0.19	0.26	0.23	0.08	0.055	0.045	0.015	0.02	0.01	0.015	0.015
0.15	0.225	0.195	0.19	0.11	0.055	0.03	0.01	0.005	0.01	0	0.02
0.095	0.27	0.24	0.16	0.09	0.055	0.04	0.015	0	0.005	0.015	0.015
0.115	0.23	0.295	0.12	0.105	0.07	0.05	0.005	0	0	0	0.01
0.17	0.195	0.19	0.195	0.08	0.055	0.065	0.03	0	0	0	0.02
0.155	0.275	0.245	0.14	0.065	0.015	0.04	0.02	0.01	0.015	0.01	0.01
0.125	0.285	0.29	0.105	0.085	0.05	0.045	0	0.005	0.01	0	0
#######LANDINGS DATA#######
1
30
161.166302812244	471.426521787294	758.937879068562	998.233394345394	765.583133183616	1323.50354191824	1282.32336204493	2492.91390974253	1325.45980963321	1523.81400569387	1629.50451415529	1598.03662350014	1094.89744610298	1528.80614199352	1508.23779863874	1280.58905517775	2273.59818051914	1618.72039961554	1468.74756859657	1315.75213531367	1633.08242156537	1084.06217583276	1615.09693757477	1204.11736662975	1135.37104143955	974.043065077442	920.984755520522	1218.89529735165	874.161961023534	1281.62049213633
0.01	0.01	0.01	0.01	0.01	0.01	0.01	0.01	0.01	0.01	0.01	0.01	0.01	0.01	0.01	0.01	0.01	0.01	0.01	0.01	0.01	0.01	0.01	0.01	0.01	0.01	0.01	0.01	0.01	0.01
30
1	2	3	4	5	6	7	8	9	10	11	12	13	14	15	16	17	18	19	20	21	22	23	24	25	26	27	28	29	30
200	200	200	200	200	200	200	200	200	200	200	200	200	200	200	200	200	200	200	200	200	200	200	200	200	200	200	200	200	200
200	200	200	200	200	200	200	200	200	200	200	200	200	200	200	200	200	200	200	200	200	200	200	200	200	200	200	200	200	200
0.09	0.125	0.15	0.15	0.1	0.07	0.06	0.055	0.02	0.015	0.015	0.15
0.085	0.075	0.115	0.12	0.135	0.1	0.075	0.06	0.015	0.045	0.035	0.14
0.075	0.14	0.13	0.115	0.14	0.055	0.06	0.045	0.02	0.015	0.03	0.175
0.06	0.11	0.15	0.11	0.09	0.12	0.09	0.07	0.02	0.045	0.015	0.12
0.14	0.105	0.13	0.115	0.07	0.1	0.075	0.045	0.05	0.05	0.035	0.085
0.085	0.165	0.08	0.115	0.125	0.075	0.07	0.06	0.045	0.025	0.025	0.13
0.09	0.145	0.13	0.13	0.105	0.06	0.065	0.055	0.03	0.03	0.035	0.125
0.05	0.07	0.21	0.16	0.09	0.055	0.085	0.065	0.035	0.04	0.02	0.12
0.08	0.13	0.13	0.13	0.12	0.035	0.06	0.065	0.06	0.03	0.025	0.135
0.12	0.09	0.105	0.165	0.135	0.115	0.03	0.03	0.05	0.02	0.03	0.11
0.095	0.12	0.125	0.17	0.09	0.135	0.075	0.025	0.025	0.045	0.01	0.085
0.115	0.14	0.195	0.095	0.115	0.065	0.065	0.06	0.04	0.01	0.025	0.075
0.1	0.14	0.135	0.115	0.13	0.11	0.06	0.045	0.04	0.01	0.035	0.08
0.09	0.125	0.14	0.175	0.13	0.065	0.065	0.06	0.03	0.035	0.025	0.06
0.1	0.115	0.145	0.15	0.13	0.055	0.09	0.06	0.02	0.025	0.03	0.08
0.12	0.165	0.15	0.145	0.105	0.08	0.06	0.045	0.02	0.015	0.01	0.085
0.19	0.15	0.125	0.16	0.065	0.055	0.095	0.05	0.035	0.025	0.02	0.03
0.075	0.2	0.21	0.095	0.13	0.07	0.045	0.055	0.03	0.015	0.03	0.045
0.1	0.135	0.19	0.16	0.145	0.065	0.035	0.04	0.035	0.045	0.01	0.04
0.11	0.185	0.155	0.195	0.13	0.065	0.045	0.025	0.005	0.025	0.01	0.05
0.155	0.17	0.135	0.165	0.13	0.075	0.05	0.03	0.02	0.03	0.01	0.03
0.175	0.275	0.115	0.135	0.07	0.095	0.03	0.045	0.03	0.02	0	0.01
0.145	0.25	0.24	0.12	0.105	0.06	0.02	0.01	0.01	0.015	0.005	0.02
0.1	0.21	0.225	0.175	0.08	0.04	0.055	0.025	0.025	0.01	0.01	0.045
0.185	0.165	0.2	0.19	0.125	0.025	0.04	0.005	0.015	0.015	0.01	0.025
0.115	0.255	0.16	0.14	0.145	0.11	0.03	0.015	0	0.01	0.005	0.015
0.155	0.17	0.315	0.13	0.1	0.06	0.03	0.02	0.005	0.005	0.005	0.005
0.195	0.135	0.21	0.15	0.105	0.075	0.065	0.025	0.015	0.005	0.01	0.01
0.22	0.255	0.185	0.145	0.1	0.02	0.03	0.03	0	0	0.005	0.01
0.175	0.255	0.23	0.11	0.075	0.075	0.01	0.03	0.015	0.01	0.015	0
#######PARAMETER SECTION#######
800	400	1200	-4	800	-0.25	1
0.18	0.01	1	-4	0.18	-0.25	1
-1.36	-5	-0.001	-4	-1.36	-0.25	1
0.1	0.05	0.3	-4	0.1	-0.25	1
0.2	0.01	0.5	-4	0.2	-0.25	1
0.75	0.20001	1	-3	0.75	-0.25	1
13.815511	-1	200	1	13.815511	-0.25	1
0	-1	1	-4	0	-0.25	1
0.2	1e-04	1.2	-3	0.2	-0.25	1
0	-10	10	-6	0	-1	1
0	-10	10	-6	0	-1	1
2	0	12	-2	2	-0.5	1
1	0	12	-2	1	-0.5	1
2	0	12	-2	2	-0.5	1
1	0	12	-2	1	-0.5	1
1.5	0	12	-2	1.5	-0.5	1
2	0	12	-2	2	-0.5	1
-14.8682006803499	-30	5	1	-14.8682006803499	-1	1
1	0.1	2	-1	1	-1	1
-1.51930887058023	-10	1.39	1	-1.51930887058023	-1	1
#######DEV CONSTRAINTS and DEVS#######
-15	15	2
-15	15	2
-15	15	2
0	0	0	0	0	0	0	0	0	0	0	0	0	0	0	0	0	0	0	0	0	0	0	0	0	0	0	0	0	0
0	0	0	0	0	0	0	0	0	0	0	0	0	0	0	0	0	0	0	0	0	0	0	0	0	0	0	0	0	0
0	0	0	0	0	0	0	0	0	0	0
#######LIKELIHOOD WEIGHTS#######
1
1
1
1
0
1
0
0
0
#######MISCELLANEOUS STUFF SECTION#######
2.5e-08
3
0.5	0.5	0.5	0.5	0.5	0.5	0.5	0.5	0.5	0.5	0.5	0.5
0.0229773699100256	0.320821300824607	0.904650535100891	0.994779874306442	0.999738809680904	0.999986992871533	0.999999352405202	0.999999967758134	0.999999998394772	0.99999999992008	0.999999999996021	0.999999999999802
0.2	0.2	0.2	0.2	0.2	0.2	0.2	0.2	0.2	0.2	0.2	0.2
0
1
10
0.2
1
1	0	0	0	0	0	0	0	0	0	0	0
0	1	0	0	0	0	0	0	0	0	0	0
0	0	1	0	0	0	0	0	0	0	0	0
0	0	0	1	0	0	0	0	0	0	0	0
0	0	0	0	1	0	0	0	0	0	0	0
0	0	0	0	0	1	0	0	0	0	0	0
0	0	0	0	0	0	1	0	0	0	0	0
0	0	0	0	0	0	0	1	0	0	0	0
0	0	0	0	0	0	0	0	1	0	0	0
0	0	0	0	0	0	0	0	0	1	0	0
0	0	0	0	0	0	0	0	0	0	1	0
0	0	0	0	0	0	0	0	0	0	0	1
40
31
2
1
#######END OF DATA FILE#######
999
