#######GENERAL HEADER INPUT#######
1
30
1
30
1
30
30
12
1	2	3	4	5	6	7	8	9	10	11	12
12
1	2	3	4	5	6	7	8	9	10	11	12
1
101
1
1
#######SURVEY DATA#######
30
1	2	3	4	5	6	7	8	9	10	11	12	13	14	15	16	17	18	19	20	21	22	23	24	25	26	27	28	29	30
1.80084681234949	1.58774441337811	1.58912176763612	1.38789809305172	1.24892450428009	1.554091186449	1.43642165443681	1.21661865024529	1.38596633119432	1.22569061231401	0.94500632640542	1.13301748195315	1.13987209027425	1.33360995318633	1.01234682760603	0.856437958131803	1.02351452867632	0.850582200861126	0.795965778616952	0.741621640597398	0.81702132834841	0.665471715945309	0.705934849585946	0.517878772900404	0.601138587511941	0.555818332802042	0.529765726455531	0.640493937741331	0.550727323189002	0.496858060045027
0.2	0.2	0.2	0.2	0.2	0.2	0.2	0.2	0.2	0.2	0.2	0.2	0.2	0.2	0.2	0.2	0.2	0.2	0.2	0.2	0.2	0.2	0.2	0.2	0.2	0.2	0.2	0.2	0.2	0.2
30
1	2	3	4	5	6	7	8	9	10	11	12	13	14	15	16	17	18	19	20	21	22	23	24	25	26	27	28	29	30
200	200	200	200	200	200	200	200	200	200	200	200	200	200	200	200	200	200	200	200	200	200	200	200	200	200	200	200	200	200
200	200	200	200	200	200	200	200	200	200	200	200	200	200	200	200	200	200	200	200	200	200	200	200	200	200	200	200	200	200
0.095	0.12	0.105	0.08	0.085	0.085	0.09	0.125	0.045	0.035	0.025	0.11
0.06	0.18	0.145	0.12	0.08	0.08	0.085	0.04	0.04	0.02	0.02	0.13
0.045	0.12	0.115	0.11	0.115	0.08	0.05	0.08	0.06	0.03	0.03	0.165
0.055	0.11	0.175	0.1	0.105	0.08	0.085	0.025	0.04	0.055	0.015	0.155
0.06	0.125	0.2	0.185	0.09	0.075	0.065	0.05	0.015	0.025	0.025	0.085
0.08	0.26	0.125	0.125	0.1	0.06	0.02	0.085	0.025	0.035	0.015	0.07
0.07	0.205	0.195	0.07	0.105	0.08	0.065	0.065	0.035	0.015	0.01	0.085
0.05	0.09	0.215	0.18	0.04	0.075	0.11	0.03	0.025	0.045	0.02	0.12
0.105	0.19	0.165	0.14	0.075	0.065	0.05	0.05	0.03	0.025	0.015	0.09
0.08	0.22	0.145	0.065	0.135	0.08	0.035	0.055	0.05	0.025	0.025	0.085
0.085	0.22	0.125	0.1	0.075	0.11	0.085	0.03	0.04	0.02	0.02	0.09
0.065	0.21	0.22	0.125	0.095	0.05	0.025	0.075	0.03	0.015	0.035	0.055
0.095	0.165	0.175	0.145	0.075	0.095	0.05	0.04	0.04	0.02	0.03	0.07
0.095	0.14	0.2	0.19	0.11	0.045	0.025	0.055	0.045	0.025	0.01	0.06
0.095	0.215	0.18	0.095	0.09	0.1	0.05	0.03	0.04	0.01	0.05	0.045
0.09	0.155	0.2	0.095	0.105	0.12	0.07	0.03	0.01	0.02	0.05	0.055
0.105	0.285	0.15	0.14	0.075	0.05	0.04	0.045	0.01	0.025	0.025	0.05
0.095	0.21	0.23	0.13	0.1	0.065	0.04	0.035	0.01	0.02	0.015	0.05
0.075	0.19	0.23	0.125	0.1	0.07	0.05	0.05	0.025	0.01	0.035	0.04
0.06	0.2	0.195	0.185	0.13	0.075	0.05	0.01	0.02	0.02	0.01	0.045
0.13	0.195	0.19	0.18	0.095	0.07	0.04	0.035	0.02	0.01	0.01	0.025
0.135	0.24	0.165	0.17	0.1	0.07	0.035	0.02	0.015	0.005	0.01	0.035
0.06	0.235	0.295	0.14	0.105	0.045	0.055	0.015	0.015	0.005	0.015	0.015
0.105	0.265	0.285	0.12	0.045	0.06	0.035	0.04	0.02	0.01	0.005	0.01
0.105	0.17	0.255	0.195	0.14	0.035	0.04	0.005	0.025	0.015	0	0.015
0.11	0.275	0.18	0.15	0.105	0.09	0.035	0.015	0.015	0.015	0.005	0.005
0.115	0.205	0.25	0.1	0.125	0.095	0.05	0.025	0.01	0.01	0.01	0.005
0.145	0.215	0.21	0.175	0.12	0.05	0.04	0.01	0.015	0.01	0	0.01
0.14	0.315	0.205	0.125	0.11	0.04	0.03	0.01	0.015	0.005	0	0.005
0.115	0.305	0.23	0.155	0.085	0.025	0.05	0.01	0.01	0.005	0.01	0
#######LANDINGS DATA#######
1
30
161.142486773862	465.314549266662	763.059457049282	988.031150812295	761.942970572661	1325.69592317469	1277.14146726347	2472.86554133802	1333.15366882168	1531.99449089412	1614.61610863703	1617.28368578867	1102.1562333596	1525.45218510187	1507.96445582273	1272.42321626263	2250.77288203577	1609.89710276877	1446.97419911689	1317.50549003099	1635.47765026448	1075.08396022191	1635.25610624066	1202.82097601536	1118.7005872482	965.894465764127	923.035301499706	1212.66180735021	881.566757838205	1269.67065796581
0.01	0.01	0.01	0.01	0.01	0.01	0.01	0.01	0.01	0.01	0.01	0.01	0.01	0.01	0.01	0.01	0.01	0.01	0.01	0.01	0.01	0.01	0.01	0.01	0.01	0.01	0.01	0.01	0.01	0.01
30
1	2	3	4	5	6	7	8	9	10	11	12	13	14	15	16	17	18	19	20	21	22	23	24	25	26	27	28	29	30
200	200	200	200	200	200	200	200	200	200	200	200	200	200	200	200	200	200	200	200	200	200	200	200	200	200	200	200	200	200
200	200	200	200	200	200	200	200	200	200	200	200	200	200	200	200	200	200	200	200	200	200	200	200	200	200	200	200	200	200
0.07	0.065	0.145	0.1	0.125	0.105	0.06	0.03	0.055	0.02	0.055	0.17
0.08	0.09	0.14	0.105	0.105	0.09	0.07	0.065	0.07	0.025	0.03	0.13
0.055	0.115	0.115	0.13	0.09	0.125	0.06	0.065	0.03	0.05	0.025	0.14
0.055	0.07	0.135	0.165	0.09	0.105	0.1	0.055	0.045	0.045	0.045	0.09
0.08	0.12	0.075	0.125	0.115	0.11	0.08	0.09	0.035	0.025	0.035	0.11
0.095	0.15	0.1	0.105	0.155	0.04	0.085	0.055	0.05	0.02	0.02	0.125
0.06	0.165	0.19	0.07	0.1	0.105	0.07	0.04	0.04	0.04	0.02	0.1
0.065	0.105	0.155	0.19	0.09	0.065	0.095	0.035	0.04	0.055	0.02	0.085
0.095	0.125	0.105	0.15	0.145	0.085	0.04	0.04	0.04	0.025	0.02	0.13
0.125	0.105	0.1	0.135	0.125	0.115	0.04	0.035	0.07	0.01	0.03	0.11
0.075	0.17	0.1	0.15	0.1	0.125	0.125	0.03	0.02	0.02	0.005	0.08
0.095	0.15	0.145	0.13	0.125	0.06	0.065	0.05	0.025	0.055	0.005	0.095
0.115	0.13	0.15	0.155	0.075	0.09	0.075	0.065	0.055	0.015	0.01	0.065
0.105	0.155	0.17	0.11	0.065	0.055	0.07	0.05	0.055	0.03	0.03	0.105
0.09	0.185	0.15	0.15	0.125	0.08	0.04	0.045	0.015	0.02	0.035	0.065
0.115	0.145	0.165	0.195	0.11	0.055	0.07	0.04	0.015	0.02	0.015	0.055
0.1	0.18	0.17	0.165	0.105	0.095	0.06	0.03	0.04	0.015	0.005	0.035
0.08	0.165	0.21	0.14	0.12	0.055	0.045	0.02	0.05	0.02	0.015	0.08
0.105	0.17	0.2	0.14	0.095	0.085	0.045	0.03	0.04	0.01	0.03	0.05
0.07	0.26	0.165	0.15	0.12	0.095	0.03	0.03	0.025	0.01	0.005	0.04
0.16	0.125	0.2	0.12	0.18	0.06	0.03	0.045	0.01	0.005	0.015	0.05
0.15	0.235	0.155	0.145	0.085	0.055	0.065	0.055	0.03	0.005	0.005	0.015
0.1	0.235	0.255	0.125	0.08	0.065	0.045	0.035	0.025	0.005	0.005	0.025
0.15	0.205	0.185	0.16	0.055	0.065	0.055	0.04	0.015	0.03	0.01	0.03
0.14	0.185	0.21	0.17	0.11	0.05	0.04	0.035	0.02	0.01	0.005	0.025
0.085	0.235	0.185	0.175	0.155	0.085	0.015	0.02	0.01	0.02	0	0.015
0.14	0.17	0.27	0.115	0.11	0.095	0.06	0.005	0.015	0.005	0	0.015
0.175	0.195	0.18	0.2	0.085	0.075	0.045	0.02	0.015	0	0	0.01
0.205	0.215	0.24	0.11	0.095	0.04	0.025	0.035	0.02	0.01	0.005	0
0.165	0.245	0.19	0.175	0.08	0.055	0.035	0.03	0.005	0.015	0	0.005
#######PARAMETER SECTION#######
800	400	1200	-4	800	-0.25	1
0.18	0.01	1	-4	0.18	-0.25	1
-1.36	-5	-0.001	-4	-1.36	-0.25	1
0.1	0.05	0.3	-4	0.1	-0.25	1
0.2	0.01	0.5	-4	0.2	-0.25	1
0.75	0.20001	1	-3	0.75	-0.25	1
13.815511	-1	200	1	13.815511	-0.25	1
0	-1	1	-4	0	-0.25	1
0.2	1e-04	1.2	-3	0.2	-0.25	1
0	-10	10	-6	0	-1	1
0	-10	10	-6	0	-1	1
2	0	12	-2	2	-0.5	1
1	0	12	-2	1	-0.5	1
2	0	12	-2	2	-0.5	1
1	0	12	-2	1	-0.5	1
1.5	0	12	-2	1.5	-0.5	1
2	0	12	-2	2	-0.5	1
-14.8682006803499	-30	5	1	-14.8682006803499	-1	1
1	0.1	2	-1	1	-1	1
-1.51930887058023	-10	1.39	1	-1.51930887058023	-1	1
#######DEV CONSTRAINTS and DEVS#######
-15	15	2
-15	15	2
-15	15	2
0	0	0	0	0	0	0	0	0	0	0	0	0	0	0	0	0	0	0	0	0	0	0	0	0	0	0	0	0	0
0	0	0	0	0	0	0	0	0	0	0	0	0	0	0	0	0	0	0	0	0	0	0	0	0	0	0	0	0	0
0	0	0	0	0	0	0	0	0	0	0
#######LIKELIHOOD WEIGHTS#######
1
1
1
1
0
1
0
0
0
#######MISCELLANEOUS STUFF SECTION#######
2.5e-08
3
0.5	0.5	0.5	0.5	0.5	0.5	0.5	0.5	0.5	0.5	0.5	0.5
0.0229773699100256	0.320821300824607	0.904650535100891	0.994779874306442	0.999738809680904	0.999986992871533	0.999999352405202	0.999999967758134	0.999999998394772	0.99999999992008	0.999999999996021	0.999999999999802
0.2	0.2	0.2	0.2	0.2	0.2	0.2	0.2	0.2	0.2	0.2	0.2
0
1
10
0.2
1
1	0	0	0	0	0	0	0	0	0	0	0
0	1	0	0	0	0	0	0	0	0	0	0
0	0	1	0	0	0	0	0	0	0	0	0
0	0	0	1	0	0	0	0	0	0	0	0
0	0	0	0	1	0	0	0	0	0	0	0
0	0	0	0	0	1	0	0	0	0	0	0
0	0	0	0	0	0	1	0	0	0	0	0
0	0	0	0	0	0	0	1	0	0	0	0
0	0	0	0	0	0	0	0	1	0	0	0
0	0	0	0	0	0	0	0	0	1	0	0
0	0	0	0	0	0	0	0	0	0	1	0
0	0	0	0	0	0	0	0	0	0	0	1
40
31
2
1
#######END OF DATA FILE#######
999
