# Number of parameters = 73  Objective function value = 26308.8  Maximum gradient component = 0.000631359
# sel_params[1]:
2.00000000000
# sel_params[2]:
1.00000000000
# log_Fmult_year1:
 -4.68201464005
# log_Fmult_devs:
 1.06052456929 0.508944297249 0.309514367790 -0.232341500891 0.595882148163 0.00717370877242 0.740006522786 -0.534081689750 0.208983743361 0.124091537495 0.0769706742968 -0.317200676185 0.384024169908 0.0664695144334 -0.108808895987 0.676765288452 -0.189193608591 -0.00213703170808 -0.00310392365600 0.337938609043 -0.303813559968 0.482039802874 -0.175208362606 -0.0203831019280 -0.0826947607112 -0.0171230515910 0.351521367165 -0.286834058726 0.427517402617
# log_recruit_devs:
 0.0437388586974 0.184276090836 0.00674077318916 -0.185082745288 0.334238495774 0.182236473980 -0.0285041878528 0.106635906281 -0.0604998256419 0.0685124071338 -0.0150357421667 -0.137534472343 -0.0813921935543 0.0440212551302 -0.0920826893702 0.0744574122619 0.0540636317412 -0.305318679681 -0.143286914133 -0.222628163764 0.173748188976 0.111934211246 -0.101376406784 -0.238949976434 0.144991468385 -0.371821366150 -0.0411851973261 0.108713663302 0.196461367917 0.189928355636
# log_N_year1_devs:
 -0.00228391375678 0.0178724740095 0.0396834314056 -0.0126446306715 0.0616226696399 -0.0400936835402 -0.150424132591 -0.135119167257 -0.266732252820 -0.0740534180499 -0.0195485231551
# log_q_year1:
 -7.99512610406
# log_q_devs:
 0.00000000000 0.00000000000 0.00000000000 0.00000000000 0.00000000000 0.00000000000 0.00000000000 0.00000000000 0.00000000000 0.00000000000 0.00000000000 0.00000000000 0.00000000000 0.00000000000 0.00000000000 0.00000000000 0.00000000000 0.00000000000 0.00000000000 0.00000000000 0.00000000000 0.00000000000 0.00000000000 0.00000000000 0.00000000000 0.00000000000 0.00000000000 0.00000000000 0.00000000000
# index_sel_params[1]:
1.50000000000
# index_sel_params[2]:
0.500000000000
# log_SR_scaler:
6.91768474661
# SR_steepness:
0.750000000000
