# Number of parameters = 73  Objective function value = 26286.9  Maximum gradient component = 0.00757846
# sel_params[1]:
2.00000000000
# sel_params[2]:
1.00000000000
# log_Fmult_year1:
 -4.68314076125
# log_Fmult_devs:
 1.07583158263 0.514238654599 0.291929737706 -0.207542158201 0.574863348630 0.0118043528924 0.748326868004 -0.543548734340 0.200069096016 0.135676325746 0.0785488865962 -0.307397517653 0.380061466500 0.0519955475412 -0.118341589981 0.662565282676 -0.206311642421 0.000180004327380 -0.0158617016845 0.336890172343 -0.318100476936 0.521833603958 -0.182406464489 -0.00334600028927 -0.0959465555493 -0.0204332088917 0.331406312878 -0.279513779373 0.419948150064
# log_recruit_devs:
 0.0391225657786 0.177124507663 -0.0688687679199 -0.109163965038 0.323830068722 0.230102602255 0.0101561201917 0.153190659492 -0.126649266195 0.0468994116317 -0.0156051751241 -0.114951508212 0.0363083906389 0.110060626060 -0.0415828621952 0.158670379298 0.0636323495969 -0.279145339449 -0.0580586960603 -0.444591090530 0.106120862001 0.111283038715 -0.0999137297991 -0.215298059802 0.0624799599200 -0.223430555817 -0.0295580421361 0.162214103564 0.165838933905 -0.130217521155
# log_N_year1_devs:
 -0.0276114578271 0.0548480664453 0.00508328657373 -0.00400676509197 0.0224220508328 -0.0187489455565 -0.326833575658 -0.134322316130 -0.0746024959022 0.128593615281 -0.0912472541504
# log_q_year1:
 -7.98553084230
# log_q_devs:
 0.00000000000 0.00000000000 0.00000000000 0.00000000000 0.00000000000 0.00000000000 0.00000000000 0.00000000000 0.00000000000 0.00000000000 0.00000000000 0.00000000000 0.00000000000 0.00000000000 0.00000000000 0.00000000000 0.00000000000 0.00000000000 0.00000000000 0.00000000000 0.00000000000 0.00000000000 0.00000000000 0.00000000000 0.00000000000 0.00000000000 0.00000000000 0.00000000000 0.00000000000
# index_sel_params[1]:
1.50000000000
# index_sel_params[2]:
0.500000000000
# log_SR_scaler:
6.90383237763
# SR_steepness:
0.750000000000
