#######GENERAL HEADER INPUT#######
1
30
1
30
1
30
30
12
1	2	3	4	5	6	7	8	9	10	11	12
12
1	2	3	4	5	6	7	8	9	10	11	12
1
101
1
1
#######SURVEY DATA#######
30
1	2	3	4	5	6	7	8	9	10	11	12	13	14	15	16	17	18	19	20	21	22	23	24	25	26	27	28	29	30
1.28386663489164	1.5214021115423	1.44885065205536	1.42845969147033	1.5242086635667	1.67340444130216	1.41121826251464	1.320841461121	1.29717288080294	1.18244311489337	1.15620671438768	1.14444166099196	1.03899003827947	1.08341861749432	0.974082845601039	1.01349458151373	0.95732283383858	0.90111118614107	0.708604806823357	0.719270601251387	0.525688312978259	0.669577164881675	0.736346747291671	0.610357852610852	0.535135140662901	0.599171673648473	0.562548760960732	0.599269311039348	0.517721063143611	0.584226749201818
0.2	0.2	0.2	0.2	0.2	0.2	0.2	0.2	0.2	0.2	0.2	0.2	0.2	0.2	0.2	0.2	0.2	0.2	0.2	0.2	0.2	0.2	0.2	0.2	0.2	0.2	0.2	0.2	0.2	0.2
30
1	2	3	4	5	6	7	8	9	10	11	12	13	14	15	16	17	18	19	20	21	22	23	24	25	26	27	28	29	30
200	200	200	200	200	200	200	200	200	200	200	200	200	200	200	200	200	200	200	200	200	200	200	200	200	200	200	200	200	200
200	200	200	200	200	200	200	200	200	200	200	200	200	200	200	200	200	200	200	200	200	200	200	200	200	200	200	200	200	200
0.05	0.145	0.15	0.155	0.085	0.09	0.075	0.05	0.03	0.045	0.02	0.105
0.07	0.17	0.11	0.105	0.12	0.085	0.06	0.05	0.045	0.03	0.035	0.12
0.045	0.155	0.155	0.12	0.115	0.075	0.07	0.055	0.035	0.035	0.03	0.11
0.065	0.095	0.18	0.14	0.11	0.07	0.075	0.055	0.04	0.02	0.04	0.11
0.07	0.13	0.12	0.145	0.09	0.06	0.075	0.055	0.05	0.02	0.035	0.15
0.075	0.185	0.1	0.085	0.12	0.07	0.035	0.055	0.07	0.04	0.04	0.125
0.045	0.175	0.23	0.09	0.07	0.11	0.065	0.035	0.045	0.015	0.03	0.09
0.1	0.145	0.16	0.205	0.055	0.08	0.075	0.06	0.015	0.01	0.025	0.07
0.085	0.22	0.115	0.11	0.16	0.025	0.045	0.06	0.05	0.025	0.03	0.075
0.06	0.215	0.175	0.13	0.11	0.1	0.05	0.02	0	0.005	0.035	0.1
0.06	0.235	0.15	0.145	0.06	0.05	0.06	0.045	0.035	0.025	0.02	0.115
0.085	0.195	0.16	0.12	0.095	0.085	0.045	0.085	0.045	0.01	0.015	0.06
0.08	0.165	0.165	0.15	0.13	0.065	0.035	0.03	0.05	0.02	0.025	0.085
0.1	0.245	0.135	0.14	0.065	0.055	0.085	0.05	0.04	0.015	0.01	0.06
0.085	0.185	0.13	0.14	0.12	0.115	0.045	0.055	0.03	0.035	0.02	0.04
0.095	0.185	0.205	0.11	0.055	0.07	0.08	0.04	0.06	0.015	0.02	0.065
0.12	0.25	0.16	0.145	0.095	0.045	0.035	0.045	0.02	0.03	0.005	0.05
0.07	0.28	0.175	0.115	0.12	0.08	0.045	0.02	0.01	0.025	0.015	0.045
0.09	0.13	0.25	0.16	0.095	0.09	0.03	0.05	0.035	0.015	0.025	0.03
0.085	0.18	0.15	0.14	0.155	0.09	0.06	0.03	0.035	0.02	0.035	0.02
0.095	0.19	0.2	0.16	0.17	0.075	0.045	0.02	0.01	0.005	0.005	0.025
0.135	0.315	0.15	0.16	0.045	0.04	0.065	0.02	0.015	0.005	0	0.05
0.12	0.27	0.255	0.085	0.08	0.05	0.05	0.025	0.015	0.015	0.005	0.03
0.12	0.22	0.245	0.2	0.04	0.08	0.04	0.02	0.015	0.01	0	0.01
0.18	0.215	0.17	0.16	0.16	0.045	0.02	0.01	0.025	0.005	0.005	0.005
0.105	0.275	0.2	0.145	0.145	0.04	0.025	0.02	0.02	0.02	0.005	0
0.175	0.145	0.265	0.15	0.095	0.07	0.035	0.015	0.005	0.01	0.015	0.02
0.21	0.235	0.145	0.155	0.105	0.075	0.05	0.01	0.01	0	0.005	0
0.175	0.365	0.18	0.07	0.125	0.005	0.045	0.015	0.01	0	0.005	0.005
0.15	0.255	0.25	0.145	0.085	0.045	0.04	0	0.015	0	0.005	0.01
#######LANDINGS DATA#######
1
30
160.528638938361	467.694722560589	763.92159668223	999.594421028814	766.174433423398	1326.66448448988	1277.31214835278	2496.13431360526	1331.33243600403	1538.5014427377	1619.88659303179	1594.45049769013	1097.25595491254	1532.14936096	1511.33241409793	1269.99834813299	2238.37345980731	1612.16519996219	1464.48016398466	1323.01215376848	1616.09206543159	1075.59200983797	1629.50261058709	1199.8269483421	1124.07471673944	972.414211375695	920.82810742025	1201.3851782562	878.81365702585	1271.58489500348
0.01	0.01	0.01	0.01	0.01	0.01	0.01	0.01	0.01	0.01	0.01	0.01	0.01	0.01	0.01	0.01	0.01	0.01	0.01	0.01	0.01	0.01	0.01	0.01	0.01	0.01	0.01	0.01	0.01	0.01
30
1	2	3	4	5	6	7	8	9	10	11	12	13	14	15	16	17	18	19	20	21	22	23	24	25	26	27	28	29	30
200	200	200	200	200	200	200	200	200	200	200	200	200	200	200	200	200	200	200	200	200	200	200	200	200	200	200	200	200	200
200	200	200	200	200	200	200	200	200	200	200	200	200	200	200	200	200	200	200	200	200	200	200	200	200	200	200	200	200	200
0.11	0.055	0.18	0.13	0.06	0.115	0.075	0.045	0.045	0.02	0.03	0.135
0.11	0.115	0.105	0.11	0.12	0.05	0.08	0.035	0.03	0.03	0.025	0.19
0.075	0.175	0.145	0.095	0.075	0.08	0.065	0.06	0.03	0.055	0.04	0.105
0.08	0.125	0.175	0.125	0.11	0.07	0.05	0.01	0.025	0.04	0.015	0.175
0.125	0.09	0.105	0.12	0.11	0.09	0.07	0.05	0.07	0.03	0.025	0.115
0.13	0.12	0.09	0.09	0.16	0.055	0.06	0.045	0.05	0.055	0.01	0.135
0.09	0.155	0.17	0.12	0.075	0.09	0.07	0.03	0.055	0.03	0.025	0.09
0.07	0.105	0.15	0.205	0.105	0.05	0.085	0.05	0.04	0.02	0.03	0.09
0.13	0.16	0.105	0.11	0.15	0.04	0.05	0.065	0.025	0.025	0.035	0.105
0.095	0.08	0.14	0.155	0.11	0.115	0.045	0.03	0.06	0.025	0.045	0.1
0.075	0.125	0.14	0.135	0.11	0.095	0.08	0.04	0.04	0.045	0.02	0.095
0.1	0.145	0.175	0.11	0.1	0.09	0.075	0.065	0.025	0.015	0.035	0.065
0.125	0.15	0.155	0.17	0.07	0.085	0.04	0.03	0.065	0.025	0.015	0.07
0.105	0.11	0.145	0.17	0.11	0.075	0.055	0.04	0.06	0.045	0.01	0.075
0.1	0.215	0.19	0.12	0.06	0.085	0.05	0.055	0.025	0.025	0.025	0.05
0.075	0.145	0.2	0.13	0.175	0.065	0.04	0.035	0.025	0.025	0.025	0.06
0.09	0.2	0.15	0.14	0.09	0.095	0.07	0.03	0.03	0.045	0.005	0.055
0.07	0.15	0.185	0.135	0.13	0.055	0.09	0.05	0.035	0.015	0.005	0.08
0.105	0.15	0.275	0.17	0.1	0.06	0.035	0.03	0.02	0.01	0.01	0.035
0.065	0.19	0.14	0.195	0.155	0.105	0.045	0.04	0.02	0.03	0.005	0.01
0.19	0.145	0.15	0.115	0.135	0.065	0.07	0.03	0.035	0.02	0.015	0.03
0.125	0.225	0.105	0.155	0.105	0.085	0.035	0.04	0.025	0.04	0.01	0.05
0.095	0.225	0.285	0.11	0.1	0.045	0.03	0.02	0.04	0.025	0.01	0.015
0.12	0.195	0.26	0.16	0.085	0.06	0.04	0.02	0.005	0.005	0.005	0.045
0.17	0.14	0.185	0.15	0.15	0.045	0.05	0.025	0.03	0.005	0.01	0.04
0.125	0.205	0.16	0.165	0.11	0.1	0.045	0.035	0	0.015	0.015	0.025
0.16	0.215	0.23	0.145	0.105	0.055	0.045	0.015	0.01	0.005	0	0.015
0.17	0.245	0.165	0.18	0.09	0.06	0.045	0.03	0.005	0.005	0	0.005
0.225	0.215	0.14	0.16	0.095	0.095	0.04	0.02	0.01	0	0	0
0.145	0.23	0.26	0.125	0.07	0.085	0.025	0.035	0.015	0.01	0	0
#######PARAMETER SECTION#######
800	400	1200	-4	800	-0.25	1
0.18	0.01	1	-4	0.18	-0.25	1
-1.36	-5	-0.001	-4	-1.36	-0.25	1
0.1	0.05	0.3	-4	0.1	-0.25	1
0.2	0.01	0.5	-4	0.2	-0.25	1
0.75	0.20001	1	-3	0.75	-0.25	1
13.815511	-1	200	1	13.815511	-0.25	1
0	-1	1	-4	0	-0.25	1
0.2	1e-04	1.2	-3	0.2	-0.25	1
0	-10	10	-6	0	-1	1
0	-10	10	-6	0	-1	1
2	0	12	-2	2	-0.5	1
1	0	12	-2	1	-0.5	1
2	0	12	-2	2	-0.5	1
1	0	12	-2	1	-0.5	1
1.5	0	12	-2	1.5	-0.5	1
2	0	12	-2	2	-0.5	1
-14.8682006803499	-30	5	1	-14.8682006803499	-1	1
1	0.1	2	-1	1	-1	1
-1.51930887058023	-10	1.39	1	-1.51930887058023	-1	1
#######DEV CONSTRAINTS and DEVS#######
-15	15	2
-15	15	2
-15	15	2
0	0	0	0	0	0	0	0	0	0	0	0	0	0	0	0	0	0	0	0	0	0	0	0	0	0	0	0	0	0
0	0	0	0	0	0	0	0	0	0	0	0	0	0	0	0	0	0	0	0	0	0	0	0	0	0	0	0	0	0
0	0	0	0	0	0	0	0	0	0	0
#######LIKELIHOOD WEIGHTS#######
1
1
1
1
0
1
0
0
0
#######MISCELLANEOUS STUFF SECTION#######
2.5e-08
3
0.5	0.5	0.5	0.5	0.5	0.5	0.5	0.5	0.5	0.5	0.5	0.5
0.0229773699100256	0.320821300824607	0.904650535100891	0.994779874306442	0.999738809680904	0.999986992871533	0.999999352405202	0.999999967758134	0.999999998394772	0.99999999992008	0.999999999996021	0.999999999999802
0.2	0.2	0.2	0.2	0.2	0.2	0.2	0.2	0.2	0.2	0.2	0.2
0
1
10
0.2
1
1	0	0	0	0	0	0	0	0	0	0	0
0	1	0	0	0	0	0	0	0	0	0	0
0	0	1	0	0	0	0	0	0	0	0	0
0	0	0	1	0	0	0	0	0	0	0	0
0	0	0	0	1	0	0	0	0	0	0	0
0	0	0	0	0	1	0	0	0	0	0	0
0	0	0	0	0	0	1	0	0	0	0	0
0	0	0	0	0	0	0	1	0	0	0	0
0	0	0	0	0	0	0	0	1	0	0	0
0	0	0	0	0	0	0	0	0	1	0	0
0	0	0	0	0	0	0	0	0	0	1	0
0	0	0	0	0	0	0	0	0	0	0	1
40
31
2
1
#######END OF DATA FILE#######
999
