#styr																																				
1
#endyr																																			
30
#rec_age																																	
1																																						#n_ages																																		
12
# numbers of length intervals
81
#Length	bin
10	11	12	13	14	15	16	17	18	19	20	21	22	23	24	25	26	27	28	29	30	31	32	33	34	35	36	37	38	39	40	41	42	43	44	45	46	47	48	49	50	51	52	53	54	55	56	57	58	59	60	61	62	63	64	65	66	67	68	69	70	71	72	73	74	75	76	77	78	79	80	81	82	83	84	85	86	87	88	89	90
#nfsh
1
#names_fsh
OM1																																				
#catch																																			
161.958812815313	464.284912751642	757.748789058848	989.993359349247	762.137863105927	1327.99074065572	1276.06185712483	2466.032069298	1318.15028766899	1523.05000899482	1621.58116195921	1609.359488905	1104.34658626568	1520.09329637473	1510.29357707022	1273.31423715326	2230.42614215187	1606.97061837345	1446.14885915088	1316.1966882351	1620.03088012706	1071.47448416708	1621.86448588624	1216.28362462877	1112.67776807209	974.202570292129	934.008638944293	1206.2977825113	867.889584213883	1280.85193007045
#catch_cv																																		
0.01	0.01	0.01	0.01	0.01	0.01	0.01	0.01	0.01	0.01	0.01	0.01	0.01	0.01	0.01	0.01	0.01	0.01	0.01	0.01	0.01	0.01	0.01	0.01	0.01	0.01	0.01	0.01	0.01	0.01
#n_ages_fsh																															
30																			
#n_lengths_fsh																															
0																																						
#yrs_ages_fsh																																
1	2	3	4	5	6	7	8	9	10	11	12	13	14	15	16	17	18	19	20	21	22	23	24	25	26	27	28	29	30						
#sample_ages_fsh																														
200	200	200	200	200	200	200	200	200	200	200	200	200	200	200	200	200	200	200	200	200	200	200	200	200	200	200	200	200	200
#page_fsh	2	3	4	5	6	7	8	9	10	11																						
0.055	0.105	0.16	0.12	0.115	0.08	0.065	0.04	0.055	0.035	0.025	0.145
0.06	0.095	0.13	0.18	0.115	0.09	0.06	0.055	0.035	0.005	0.035	0.14
0.085	0.16	0.145	0.095	0.09	0.07	0.05	0.02	0.035	0.03	0.05	0.17
0.05	0.085	0.175	0.155	0.12	0.08	0.07	0.05	0.045	0.045	0.015	0.11
0.135	0.085	0.095	0.14	0.085	0.09	0.07	0.075	0.035	0.02	0.015	0.155
0.08	0.165	0.1	0.1	0.09	0.08	0.06	0.08	0.05	0.045	0.035	0.115
0.1	0.16	0.16	0.105	0.09	0.105	0.06	0.045	0.035	0.02	0.03	0.09
0.08	0.125	0.185	0.16	0.075	0.035	0.095	0.04	0.04	0.04	0.035	0.09
0.06	0.125	0.12	0.19	0.145	0.04	0.065	0.04	0.03	0.045	0.04	0.1
0.135	0.11	0.19	0.095	0.14	0.085	0.05	0.03	0.045	0.025	0.015	0.08
0.105	0.135	0.145	0.17	0.075	0.085	0.095	0.03	0.02	0.025	0.025	0.09
0.085	0.2	0.165	0.1	0.13	0.05	0.095	0.065	0.045	0.025	0.015	0.025
0.045	0.165	0.15	0.18	0.105	0.095	0.06	0.04	0.025	0.035	0.015	0.085
0.105	0.15	0.16	0.15	0.09	0.065	0.065	0.055	0.035	0.04	0.02	0.065
0.095	0.16	0.14	0.12	0.12	0.07	0.07	0.055	0.04	0.045	0.035	0.05
0.075	0.16	0.165	0.14	0.095	0.105	0.095	0.03	0.035	0.025	0.005	0.07
0.125	0.245	0.15	0.125	0.11	0.06	0.035	0.04	0.035	0.015	0.02	0.04
0.06	0.19	0.215	0.13	0.1	0.075	0.03	0.065	0.055	0.025	0.015	0.04
0.12	0.16	0.205	0.145	0.12	0.09	0.045	0.03	0.025	0.005	0.01	0.045
0.13	0.225	0.125	0.185	0.12	0.055	0.045	0.01	0.035	0.025	0.005	0.04
0.155	0.185	0.145	0.15	0.145	0.07	0.025	0.035	0.02	0.01	0.005	0.055
0.15	0.16	0.165	0.195	0.095	0.085	0.06	0.025	0.015	0.005	0.015	0.03
0.125	0.23	0.225	0.09	0.1	0.06	0.06	0.045	0.02	0.005	0.01	0.03
0.095	0.14	0.26	0.195	0.085	0.08	0.035	0.04	0.025	0.02	0.01	0.015
0.17	0.19	0.17	0.2	0.095	0.05	0.045	0.025	0.02	0.01	0.005	0.02
0.12	0.255	0.16	0.14	0.15	0.09	0.02	0.02	0.01	0.015	0.005	0.015
0.18	0.17	0.22	0.13	0.13	0.095	0.04	0.01	0.01	0.005	0.005	0.005
0.165	0.2	0.17	0.185	0.135	0.055	0.04	0.015	0.005	0.005	0.005	0.02
0.18	0.23	0.175	0.14	0.15	0.06	0.015	0.03	0	0.01	0.005	0.005
0.17	0.3	0.215	0.135	0.065	0.04	0.025	0.02	0.01	0.01	0.01	0
#wt_age_fsh	1 2	3	4	5	6	7	8	9	10	11																				
0.000530656	0.001196328	0.002058265	0.003034987	0.004055212	0.005064698	0.006026226	0.006916921	0.007724891	0.008446113	0.009081853	0.009636695
0.000530656	0.001196328	0.002058265	0.003034987	0.004055212	0.005064698	0.006026226	0.006916921	0.007724891	0.008446113	0.009081853	0.009636695
0.000530656	0.001196328	0.002058265	0.003034987	0.004055212	0.005064698	0.006026226	0.006916921	0.007724891	0.008446113	0.009081853	0.009636695
0.000530656	0.001196328	0.002058265	0.003034987	0.004055212	0.005064698	0.006026226	0.006916921	0.007724891	0.008446113	0.009081853	0.009636695
0.000530656	0.001196328	0.002058265	0.003034987	0.004055212	0.005064698	0.006026226	0.006916921	0.007724891	0.008446113	0.009081853	0.009636695
0.000530656	0.001196328	0.002058265	0.003034987	0.004055212	0.005064698	0.006026226	0.006916921	0.007724891	0.008446113	0.009081853	0.009636695
0.000530656	0.001196328	0.002058265	0.003034987	0.004055212	0.005064698	0.006026226	0.006916921	0.007724891	0.008446113	0.009081853	0.009636695
0.000530656	0.001196328	0.002058265	0.003034987	0.004055212	0.005064698	0.006026226	0.006916921	0.007724891	0.008446113	0.009081853	0.009636695
0.000530656	0.001196328	0.002058265	0.003034987	0.004055212	0.005064698	0.006026226	0.006916921	0.007724891	0.008446113	0.009081853	0.009636695
0.000530656	0.001196328	0.002058265	0.003034987	0.004055212	0.005064698	0.006026226	0.006916921	0.007724891	0.008446113	0.009081853	0.009636695
0.000530656	0.001196328	0.002058265	0.003034987	0.004055212	0.005064698	0.006026226	0.006916921	0.007724891	0.008446113	0.009081853	0.009636695
0.000530656	0.001196328	0.002058265	0.003034987	0.004055212	0.005064698	0.006026226	0.006916921	0.007724891	0.008446113	0.009081853	0.009636695
0.000530656	0.001196328	0.002058265	0.003034987	0.004055212	0.005064698	0.006026226	0.006916921	0.007724891	0.008446113	0.009081853	0.009636695
0.000530656	0.001196328	0.002058265	0.003034987	0.004055212	0.005064698	0.006026226	0.006916921	0.007724891	0.008446113	0.009081853	0.009636695
0.000530656	0.001196328	0.002058265	0.003034987	0.004055212	0.005064698	0.006026226	0.006916921	0.007724891	0.008446113	0.009081853	0.009636695
0.000530656	0.001196328	0.002058265	0.003034987	0.004055212	0.005064698	0.006026226	0.006916921	0.007724891	0.008446113	0.009081853	0.009636695
0.000530656	0.001196328	0.002058265	0.003034987	0.004055212	0.005064698	0.006026226	0.006916921	0.007724891	0.008446113	0.009081853	0.009636695
0.000530656	0.001196328	0.002058265	0.003034987	0.004055212	0.005064698	0.006026226	0.006916921	0.007724891	0.008446113	0.009081853	0.009636695
0.000530656	0.001196328	0.002058265	0.003034987	0.004055212	0.005064698	0.006026226	0.006916921	0.007724891	0.008446113	0.009081853	0.009636695
0.000530656	0.001196328	0.002058265	0.003034987	0.004055212	0.005064698	0.006026226	0.006916921	0.007724891	0.008446113	0.009081853	0.009636695
0.000530656	0.001196328	0.002058265	0.003034987	0.004055212	0.005064698	0.006026226	0.006916921	0.007724891	0.008446113	0.009081853	0.009636695
0.000530656	0.001196328	0.002058265	0.003034987	0.004055212	0.005064698	0.006026226	0.006916921	0.007724891	0.008446113	0.009081853	0.009636695
0.000530656	0.001196328	0.002058265	0.003034987	0.004055212	0.005064698	0.006026226	0.006916921	0.007724891	0.008446113	0.009081853	0.009636695
0.000530656	0.001196328	0.002058265	0.003034987	0.004055212	0.005064698	0.006026226	0.006916921	0.007724891	0.008446113	0.009081853	0.009636695
0.000530656	0.001196328	0.002058265	0.003034987	0.004055212	0.005064698	0.006026226	0.006916921	0.007724891	0.008446113	0.009081853	0.009636695
0.000530656	0.001196328	0.002058265	0.003034987	0.004055212	0.005064698	0.006026226	0.006916921	0.007724891	0.008446113	0.009081853	0.009636695
0.000530656	0.001196328	0.002058265	0.003034987	0.004055212	0.005064698	0.006026226	0.006916921	0.007724891	0.008446113	0.009081853	0.009636695
0.000530656	0.001196328	0.002058265	0.003034987	0.004055212	0.005064698	0.006026226	0.006916921	0.007724891	0.008446113	0.009081853	0.009636695
0.000530656	0.001196328	0.002058265	0.003034987	0.004055212	0.005064698	0.006026226	0.006916921	0.007724891	0.008446113	0.009081853	0.009636695
0.000530656	0.001196328	0.002058265	0.003034987	0.004055212	0.005064698	0.006026226	0.006916921	0.007724891	0.008446113	0.009081853	0.009636695

#nind
1
#ind_names																																	
survey_index1																																
#nobs_ind
30
#yrs_ind																																		
1	2	3	4	5	6	7	8	9	10	11	12	13	14	15	16	17	18	19	20	21	22	23	24	25	26	27	28	29	30	
#month_ind																																	
1																																						
#biom_ind																																		
1.6215872483499	1.56370850795491	1.76601205277166	1.49768497147961	1.43090759046186	1.46478465769245	1.34386717281987	1.49617275445726	1.30401928083037	1.21368839558521	1.3027350570756	1.33125717726301	1.06678917391173	1.16523424385279	0.863535303228403	1.10141300499206	1.00207372025951	0.858130087185653	0.797368491859449	0.750723656175579	0.774985697451109	0.808504960523754	0.680691006041471	0.480339126923336	0.43412601630768	0.550747344333456	0.633785433586509	0.535710448045571	0.558595823567014	0.532391591040664
#biom_cv																				
0.324317449669981	0.312741701590983	0.353202410554331	0.299536994295921	0.286181518092373	0.292956931538491	0.268773434563975	0.299234550891452	0.260803856166074	0.242737679117042	0.260547011415121	0.266251435452602	0.213357834782346	0.233046848770558	0.172707060645681	0.220282600998412	0.200414744051902	0.171626017437131	0.15947369837189	0.150144731235116	0.154997139490222	0.161700992104751	0.136138201208294	0.0960678253846671	0.086825203261536	0.110149468866691	0.126757086717302	0.107142089609114	0.111719164713403	0.106478318208133
#n_ages_ind																																	
30			
#n_lengths_ind																															
0																																						
#yrs_ages_ind																																
1	2	3	4	5	6	7	8	9	10	11	12	13	14	15	16	17	18	19	20	21	22	23	24	25	26	27	28	29	30																						
#sample_ages_ind																														
200	200	200	200	200	200	200	200	200	200	200	200	200	200	200	200	200	200	200	200	200	200	200	200	200	200	200	200	200	200
#page_ind																																		
0.065	0.14	0.16	0.08	0.115	0.115	0.07	0.055	0.025	0.055	0.03	0.09
0.1	0.12	0.135	0.175	0.075	0.055	0.055	0.07	0.02	0.06	0.03	0.105
0.035	0.11	0.215	0.13	0.105	0.06	0.05	0.025	0.045	0.025	0.05	0.15
0.05	0.12	0.165	0.135	0.105	0.075	0.065	0.09	0.025	0.06	0.02	0.09
0.085	0.165	0.14	0.16	0.1	0.04	0.075	0.07	0.02	0.015	0.02	0.11
0.08	0.175	0.125	0.13	0.095	0.1	0.05	0.045	0.015	0.015	0.045	0.125
0.055	0.16	0.185	0.055	0.12	0.09	0.055	0.05	0.055	0.04	0.035	0.1
0.08	0.105	0.18	0.135	0.105	0.065	0.075	0.06	0.05	0.025	0.015	0.105
0.075	0.155	0.155	0.175	0.12	0.03	0.07	0.075	0.03	0.035	0.035	0.045
0.065	0.13	0.125	0.16	0.12	0.085	0.04	0.055	0.04	0.025	0.035	0.12
0.095	0.19	0.165	0.14	0.06	0.085	0.08	0.025	0.01	0.05	0.005	0.095
0.05	0.18	0.21	0.11	0.125	0.05	0.04	0.105	0.015	0.02	0.01	0.085
0.07	0.165	0.155	0.2	0.095	0.115	0.05	0.02	0.035	0.015	0.005	0.075
0.085	0.155	0.175	0.205	0.1	0.065	0.065	0.03	0.02	0.025	0.02	0.055
0.06	0.18	0.165	0.14	0.12	0.09	0.08	0.035	0.035	0.015	0.02	0.06
0.1	0.18	0.235	0.155	0.095	0.06	0.045	0.045	0.04	0.005	0.005	0.035
0.125	0.2	0.19	0.135	0.07	0.065	0.035	0.035	0.045	0.02	0	0.08
0.06	0.225	0.26	0.115	0.115	0.07	0.055	0.015	0.035	0.01	0.01	0.03
0.12	0.17	0.195	0.17	0.1	0.1	0.065	0.01	0.025	0.02	0	0.025
0.075	0.22	0.18	0.175	0.095	0.065	0.07	0.03	0.035	0.025	0.015	0.015
0.135	0.215	0.205	0.085	0.16	0.04	0.04	0.04	0.035	0.02	0.005	0.02
0.115	0.29	0.115	0.14	0.12	0.085	0.065	0.015	0.01	0.005	0.015	0.025
0.09	0.29	0.23	0.105	0.105	0.065	0.035	0.04	0.005	0.02	0.005	0.01
0.09	0.235	0.28	0.175	0.07	0.05	0.035	0.015	0.02	0.01	0.005	0.015
0.155	0.18	0.24	0.17	0.105	0.05	0.035	0.015	0.015	0.02	0.005	0.01
0.13	0.315	0.18	0.155	0.07	0.08	0.03	0.015	0	0.01	0.005	0.01
0.135	0.24	0.235	0.15	0.06	0.06	0.05	0.01	0.015	0	0.015	0.03
0.14	0.21	0.18	0.21	0.075	0.07	0.04	0.045	0.01	0.01	0	0.01
0.195	0.285	0.16	0.135	0.11	0.065	0.005	0.01	0.01	0.01	0.01	0.005
0.1	0.32	0.26	0.14	0.065	0.06	0.02	0.01	0.025	0	0	0
#wt_age_ind																																	
1 1 1 1 1 1 1 1 1 1 1 1 
1 1 1 1 1 1 1 1 1 1 1 1 
1 1 1 1 1 1 1 1 1 1 1 1 
1 1 1 1 1 1 1 1 1 1 1 1 
1 1 1 1 1 1 1 1 1 1 1 1 
1 1 1 1 1 1 1 1 1 1 1 1 
1 1 1 1 1 1 1 1 1 1 1 1 
1 1 1 1 1 1 1 1 1 1 1 1 
1 1 1 1 1 1 1 1 1 1 1 1 
1 1 1 1 1 1 1 1 1 1 1 1 
1 1 1 1 1 1 1 1 1 1 1 1 
1 1 1 1 1 1 1 1 1 1 1 1 
1 1 1 1 1 1 1 1 1 1 1 1 
1 1 1 1 1 1 1 1 1 1 1 1 
1 1 1 1 1 1 1 1 1 1 1 1 
1 1 1 1 1 1 1 1 1 1 1 1 
1 1 1 1 1 1 1 1 1 1 1 1 
1 1 1 1 1 1 1 1 1 1 1 1 
1 1 1 1 1 1 1 1 1 1 1 1 
1 1 1 1 1 1 1 1 1 1 1 1 
1 1 1 1 1 1 1 1 1 1 1 1 
1 1 1 1 1 1 1 1 1 1 1 1 
1 1 1 1 1 1 1 1 1 1 1 1 
1 1 1 1 1 1 1 1 1 1 1 1 
1 1 1 1 1 1 1 1 1 1 1 1 
1 1 1 1 1 1 1 1 1 1 1 1 
1 1 1 1 1 1 1 1 1 1 1 1 
1 1 1 1 1 1 1 1 1 1 1 1 
1 1 1 1 1 1 1 1 1 1 1 1 
1 1 1 1 1 1 1 1 1 1 1 1 
# wt_pop
0.000530656	0.001196328	0.002058265	0.003034987	0.004055212	0.005064698	0.006026226	0.006916921	0.007724891	0.008446113	0.009081853	0.009636695
#maturity
0.02297737 0.32082130 0.90465054 0.99477987 0.99973881 0.99998699 0.99999935 0.99999997 1 1 1 1
#spmonth																																		
1		
#age_err																																		
1	0	0	0	0	0	0	0	0	0	0	0
0	1	0	0	0	0	0	0	0	0	0	0
0	0	1	0	0	0	0	0	0	0	0	0
0	0	0	1	0	0	0	0	0	0	0	0
0	0	0	0	1	0	0	0	0	0	0	0
0	0	0	0	0	1	0	0	0	0	0	0
0	0	0	0	0	0	1	0	0	0	0	0
0	0	0	0	0	0	0	1	0	0	0	0
0	0	0	0	0	0	0	0	1	0	0	0
0	0	0	0	0	0	0	0	0	1	0	0
0	0	0	0	0	0	0	0	0	0	1	0
0	0	0	0	0	0	0	0	0	0	0	1																														
