# Number of parameters = 73  Objective function value = 26345.2  Maximum gradient component = 0.00526044
# sel_params[1]:
2.00000000000
# sel_params[2]:
1.00000000000
# log_Fmult_year1:
 -4.64884889678
# log_Fmult_devs:
 1.07095889395 0.508420273850 0.310326544462 -0.220592189888 0.577849533862 0.0121898534710 0.750687847855 -0.536757722937 0.194949795316 0.118892387336 0.0693911879273 -0.316285879029 0.371891696954 0.0614705842658 -0.107191549213 0.669272291953 -0.195090844154 -0.00737596082360 -0.00666653054354 0.335572839761 -0.309787895940 0.488089434791 -0.187308661717 -0.00468801625673 -0.111120707127 -0.00976027550105 0.340893099939 -0.260632288077 0.438951737196
# log_recruit_devs:
 0.0414804728699 0.104816416011 -0.0893877998286 -0.137844521629 0.336708015828 0.295056472740 -0.0220305003998 0.0855080646842 -0.0315150510338 0.0997860515237 0.103638258485 -0.111166081892 -0.115654056172 0.0487543360364 -0.0442063351525 0.130128546921 0.0982363082955 -0.286965305450 -0.171237020956 -0.292812317773 0.194260818937 0.121225405799 -0.0404490804625 -0.269731630013 0.139744507635 -0.226183481150 -0.208249523562 0.0990026190222 0.108704367149 0.0403820435386
# log_N_year1_devs:
 -0.0481860328215 -0.0267210439388 -0.0342040387845 -0.0875135802931 -0.0140943148106 -0.0806277684302 -0.0298281801671 -0.193521522593 -0.353254760861 -0.0804241478457 -0.0476962115998
# log_q_year1:
 -7.92517156093
# log_q_devs:
 0.00000000000 0.00000000000 0.00000000000 0.00000000000 0.00000000000 0.00000000000 0.00000000000 0.00000000000 0.00000000000 0.00000000000 0.00000000000 0.00000000000 0.00000000000 0.00000000000 0.00000000000 0.00000000000 0.00000000000 0.00000000000 0.00000000000 0.00000000000 0.00000000000 0.00000000000 0.00000000000 0.00000000000 0.00000000000 0.00000000000 0.00000000000 0.00000000000 0.00000000000
# index_sel_params[1]:
1.50000000000
# index_sel_params[2]:
0.500000000000
# log_SR_scaler:
6.90906765032
# SR_steepness:
0.750000000000
