# Number of parameters = 73  Objective function value = 26282.2  Maximum gradient component = 0.000744272
# sel_params[1]:
2.00000000000
# sel_params[2]:
1.00000000000
# log_Fmult_year1:
 -4.62964006837
# log_Fmult_devs:
 1.07815592655 0.495598955620 0.302342336021 -0.214796148928 0.583530863672 0.00838069394971 0.757316045840 -0.527526039738 0.189086829523 0.118034069455 0.0765527715996 -0.339253856064 0.386288773064 0.0561834893928 -0.119701004193 0.665078889150 -0.203397573425 0.00106138998607 -0.0188610185386 0.308808789887 -0.312527682545 0.484375380414 -0.190075585053 0.00260328309755 -0.0916388486626 -0.0260912132645 0.341354256181 -0.289984169876 0.414131241998
# log_recruit_devs:
 0.0293074490454 0.232767983252 -0.126690380192 -0.244537830680 0.264715121989 0.262244564584 -0.0950709347829 0.132789787905 -0.00731017726065 0.107897844357 0.0642634349813 -0.0696272717628 -0.0729215755090 0.0662853111397 -0.0685063169756 0.106668721004 0.130006365739 -0.281424543253 -0.0976150728685 -0.252207365989 0.197296825454 0.0615861155841 -0.149784478107 -0.269877596632 0.0600091221228 -0.183301434414 -0.0836149607915 0.0844761610405 0.191492707714 0.0106824233043
# log_N_year1_devs:
 -0.0561791947666 -0.0351136949297 -0.00597837613864 -0.0607185878885 -0.138926614317 -0.136498730950 0.0472959891806 -0.0294839372455 -0.0832637406595 -0.0168699530489 -0.251552170271
# log_q_year1:
 -7.95325976910
# log_q_devs:
 0.00000000000 0.00000000000 0.00000000000 0.00000000000 0.00000000000 0.00000000000 0.00000000000 0.00000000000 0.00000000000 0.00000000000 0.00000000000 0.00000000000 0.00000000000 0.00000000000 0.00000000000 0.00000000000 0.00000000000 0.00000000000 0.00000000000 0.00000000000 0.00000000000 0.00000000000 0.00000000000 0.00000000000 0.00000000000 0.00000000000 0.00000000000 0.00000000000 0.00000000000
# index_sel_params[1]:
1.50000000000
# index_sel_params[2]:
0.500000000000
# log_SR_scaler:
6.91998068066
# SR_steepness:
0.750000000000
