#######GENERAL HEADER INPUT#######
1
30
1
30
1
30
30
12
1	2	3	4	5	6	7	8	9	10	11	12
12
1	2	3	4	5	6	7	8	9	10	11	12
1
101
1
1
#######SURVEY DATA#######
30
1	2	3	4	5	6	7	8	9	10	11	12	13	14	15	16	17	18	19	20	21	22	23	24	25	26	27	28	29	30
1.12551326357169	1.48724568133842	1.59382830031362	1.60228639011706	1.34743296452079	1.36581004736446	1.52566237391026	1.36584137431426	1.59303611280055	1.2151695806328	1.09509795686216	1.17914772549167	1.0609222891132	1.01502865871756	1.11504301046093	0.896602911676179	1.03108658176768	0.845197901669171	0.805344154916506	0.674662361400871	0.711312074560961	0.630494312992891	0.769110505809048	0.587836046270054	0.560087002828397	0.579409720097747	0.509092690707429	0.499630083138534	0.585237791774105	0.576125445160968
0.2	0.2	0.2	0.2	0.2	0.2	0.2	0.2	0.2	0.2	0.2	0.2	0.2	0.2	0.2	0.2	0.2	0.2	0.2	0.2	0.2	0.2	0.2	0.2	0.2	0.2	0.2	0.2	0.2	0.2
30
1	2	3	4	5	6	7	8	9	10	11	12	13	14	15	16	17	18	19	20	21	22	23	24	25	26	27	28	29	30
200	200	200	200	200	200	200	200	200	200	200	200	200	200	200	200	200	200	200	200	200	200	200	200	200	200	200	200	200	200
200	200	200	200	200	200	200	200	200	200	200	200	200	200	200	200	200	200	200	200	200	200	200	200	200	200	200	200	200	200
0.095	0.155	0.105	0.09	0.09	0.09	0.045	0.045	0.07	0.025	0.04	0.15
0.085	0.1	0.12	0.135	0.13	0.075	0.08	0.055	0.03	0.035	0.03	0.125
0.035	0.185	0.17	0.08	0.08	0.075	0.06	0.07	0.05	0.06	0.035	0.1
0.065	0.11	0.105	0.15	0.105	0.1	0.06	0.06	0.06	0.035	0.015	0.135
0.095	0.125	0.15	0.11	0.135	0.09	0.05	0.045	0.035	0.05	0.01	0.105
0.05	0.185	0.165	0.09	0.095	0.09	0.065	0.075	0.04	0.02	0.005	0.12
0.065	0.145	0.185	0.08	0.135	0.105	0.075	0.03	0.045	0.02	0.02	0.095
0.06	0.14	0.155	0.17	0.065	0.075	0.055	0.05	0.06	0.04	0.02	0.11
0.025	0.185	0.165	0.185	0.14	0.065	0.07	0.05	0.015	0.01	0.015	0.075
0.08	0.19	0.125	0.175	0.135	0.05	0.045	0.015	0.045	0.01	0.03	0.1
0.085	0.16	0.12	0.175	0.105	0.055	0.085	0.04	0.02	0.04	0.01	0.105
0.075	0.145	0.19	0.145	0.12	0.09	0.065	0.04	0.035	0.015	0.025	0.055
0.085	0.17	0.225	0.17	0.11	0.065	0.035	0.05	0.03	0.005	0.03	0.025
0.09	0.18	0.14	0.15	0.12	0.11	0.045	0.035	0.045	0.015	0.015	0.055
0.1	0.155	0.22	0.1	0.165	0.085	0.035	0.05	0.025	0.015	0.005	0.045
0.11	0.185	0.19	0.15	0.105	0.065	0.085	0.025	0.01	0.01	0.01	0.055
0.11	0.195	0.195	0.15	0.085	0.065	0.055	0.06	0.02	0.01	0.015	0.04
0.06	0.2	0.275	0.125	0.085	0.07	0.045	0.045	0.025	0.01	0.02	0.04
0.055	0.2	0.225	0.175	0.11	0.075	0.05	0.025	0.02	0.015	0.01	0.04
0.115	0.215	0.185	0.15	0.14	0.08	0.01	0.015	0.03	0.01	0.015	0.035
0.145	0.14	0.23	0.145	0.125	0.085	0.05	0.025	0.005	0.015	0.01	0.025
0.165	0.3	0.17	0.12	0.055	0.06	0.035	0.025	0.035	0.01	0.005	0.02
0.105	0.28	0.28	0.105	0.09	0.05	0.025	0.02	0.01	0.015	0.01	0.01
0.07	0.21	0.29	0.185	0.06	0.07	0.03	0.03	0.02	0.02	0	0.015
0.135	0.205	0.16	0.195	0.125	0.08	0.03	0.04	0.01	0.02	0	0
0.115	0.285	0.21	0.145	0.1	0.07	0.02	0.02	0.01	0.01	0.005	0.01
0.13	0.15	0.24	0.145	0.12	0.1	0.06	0.005	0.02	0.005	0.01	0.015
0.16	0.225	0.135	0.23	0.055	0.08	0.045	0.02	0.015	0.015	0.005	0.015
0.135	0.35	0.145	0.14	0.09	0.045	0.03	0.03	0.005	0.015	0	0.015
0.08	0.295	0.28	0.165	0.08	0.045	0.015	0.01	0.015	0.015	0	0
#######LANDINGS DATA#######
1
30
160.771213375157	469.251756536267	756.520235759854	997.112152349093	763.556675319704	1320.96161635759	1283.35363935752	2478.79990798974	1328.15500958612	1529.26599269333	1614.04267311714	1609.82867190446	1104.09189101637	1531.32562922854	1503.72420852613	1264.46368061603	2249.39353388024	1603.24913891567	1467.43507136645	1302.26801263198	1629.60266008565	1085.12208723334	1619.54253457193	1207.4884316724	1130.01381115391	970.065196764523	918.850525402384	1211.37801869665	875.460732389501	1269.80238741889
0.01	0.01	0.01	0.01	0.01	0.01	0.01	0.01	0.01	0.01	0.01	0.01	0.01	0.01	0.01	0.01	0.01	0.01	0.01	0.01	0.01	0.01	0.01	0.01	0.01	0.01	0.01	0.01	0.01	0.01
30
1	2	3	4	5	6	7	8	9	10	11	12	13	14	15	16	17	18	19	20	21	22	23	24	25	26	27	28	29	30
200	200	200	200	200	200	200	200	200	200	200	200	200	200	200	200	200	200	200	200	200	200	200	200	200	200	200	200	200	200
200	200	200	200	200	200	200	200	200	200	200	200	200	200	200	200	200	200	200	200	200	200	200	200	200	200	200	200	200	200
0.07	0.115	0.12	0.135	0.055	0.09	0.075	0.055	0.035	0.06	0.04	0.15
0.07	0.11	0.125	0.14	0.085	0.06	0.065	0.07	0.03	0.07	0.02	0.155
0.085	0.14	0.105	0.125	0.1	0.08	0.085	0.03	0.05	0.07	0.015	0.115
0.045	0.11	0.12	0.15	0.075	0.09	0.07	0.06	0.065	0.045	0.04	0.13
0.105	0.095	0.105	0.155	0.085	0.06	0.07	0.075	0.04	0.05	0.035	0.125
0.11	0.12	0.065	0.12	0.12	0.08	0.045	0.055	0.05	0.045	0.03	0.16
0.075	0.16	0.155	0.09	0.11	0.04	0.07	0.085	0.045	0.02	0.02	0.13
0.055	0.065	0.205	0.145	0.09	0.09	0.08	0.055	0.055	0.03	0.02	0.11
0.075	0.145	0.115	0.16	0.135	0.055	0.04	0.065	0.025	0.04	0.04	0.105
0.13	0.105	0.16	0.105	0.185	0.09	0.045	0.02	0.035	0.03	0.015	0.08
0.09	0.185	0.125	0.135	0.055	0.055	0.085	0.06	0.045	0.04	0.02	0.105
0.07	0.135	0.105	0.14	0.165	0.09	0.095	0.08	0.005	0.01	0.025	0.08
0.11	0.12	0.15	0.155	0.135	0.1	0.025	0.04	0.04	0.01	0.025	0.09
0.125	0.145	0.17	0.125	0.09	0.09	0.075	0.04	0.055	0.01	0.015	0.06
0.075	0.135	0.14	0.14	0.145	0.08	0.055	0.05	0.045	0.045	0.03	0.06
0.105	0.16	0.235	0.1	0.08	0.13	0.045	0.025	0.035	0	0.01	0.075
0.12	0.15	0.145	0.16	0.19	0.03	0.055	0.045	0.03	0.04	0.005	0.03
0.075	0.205	0.17	0.115	0.125	0.085	0.035	0.085	0.035	0.035	0.01	0.025
0.11	0.125	0.215	0.155	0.1	0.105	0.07	0.03	0.005	0.025	0.015	0.045
0.09	0.175	0.175	0.165	0.155	0.09	0.035	0.04	0.03	0.025	0.005	0.015
0.145	0.165	0.19	0.12	0.15	0.06	0.035	0.04	0.02	0.035	0.005	0.035
0.135	0.21	0.18	0.135	0.06	0.1	0.065	0.045	0.025	0.025	0	0.02
0.125	0.195	0.205	0.14	0.105	0.085	0.04	0.03	0.015	0.02	0.01	0.03
0.095	0.165	0.26	0.21	0.075	0.075	0.025	0.035	0.035	0	0.01	0.015
0.175	0.175	0.195	0.15	0.175	0.045	0.03	0.03	0.005	0.005	0.005	0.01
0.09	0.3	0.165	0.16	0.145	0.07	0.02	0.015	0.005	0.015	0.005	0.01
0.155	0.16	0.275	0.12	0.08	0.075	0.055	0.035	0.01	0.01	0.005	0.02
0.145	0.2	0.17	0.18	0.11	0.105	0.035	0.035	0.005	0.005	0	0.01
0.195	0.25	0.165	0.115	0.125	0.065	0.04	0.015	0.015	0.005	0	0.01
0.14	0.27	0.2	0.175	0.06	0.065	0.03	0.02	0.01	0.015	0.005	0.01
#######PARAMETER SECTION#######
800	400	1200	-4	800	-0.25	1
0.18	0.01	1	-4	0.18	-0.25	1
-1.36	-5	-0.001	-4	-1.36	-0.25	1
0.1	0.05	0.3	-4	0.1	-0.25	1
0.2	0.01	0.5	-4	0.2	-0.25	1
0.75	0.20001	1	-3	0.75	-0.25	1
13.815511	-1	200	1	13.815511	-0.25	1
0	-1	1	-4	0	-0.25	1
0.2	1e-04	1.2	-3	0.2	-0.25	1
0	-10	10	-6	0	-1	1
0	-10	10	-6	0	-1	1
2	0	12	-2	2	-0.5	1
1	0	12	-2	1	-0.5	1
2	0	12	-2	2	-0.5	1
1	0	12	-2	1	-0.5	1
1.5	0	12	-2	1.5	-0.5	1
2	0	12	-2	2	-0.5	1
-14.8682006803499	-30	5	1	-14.8682006803499	-1	1
1	0.1	2	-1	1	-1	1
-1.51930887058023	-10	1.39	1	-1.51930887058023	-1	1
#######DEV CONSTRAINTS and DEVS#######
-15	15	2
-15	15	2
-15	15	2
0	0	0	0	0	0	0	0	0	0	0	0	0	0	0	0	0	0	0	0	0	0	0	0	0	0	0	0	0	0
0	0	0	0	0	0	0	0	0	0	0	0	0	0	0	0	0	0	0	0	0	0	0	0	0	0	0	0	0	0
0	0	0	0	0	0	0	0	0	0	0
#######LIKELIHOOD WEIGHTS#######
1
1
1
1
0
1
0
0
0
#######MISCELLANEOUS STUFF SECTION#######
2.5e-08
3
0.5	0.5	0.5	0.5	0.5	0.5	0.5	0.5	0.5	0.5	0.5	0.5
0.0229773699100256	0.320821300824607	0.904650535100891	0.994779874306442	0.999738809680904	0.999986992871533	0.999999352405202	0.999999967758134	0.999999998394772	0.99999999992008	0.999999999996021	0.999999999999802
0.2	0.2	0.2	0.2	0.2	0.2	0.2	0.2	0.2	0.2	0.2	0.2
0
1
10
0.2
1
1	0	0	0	0	0	0	0	0	0	0	0
0	1	0	0	0	0	0	0	0	0	0	0
0	0	1	0	0	0	0	0	0	0	0	0
0	0	0	1	0	0	0	0	0	0	0	0
0	0	0	0	1	0	0	0	0	0	0	0
0	0	0	0	0	1	0	0	0	0	0	0
0	0	0	0	0	0	1	0	0	0	0	0
0	0	0	0	0	0	0	1	0	0	0	0
0	0	0	0	0	0	0	0	1	0	0	0
0	0	0	0	0	0	0	0	0	1	0	0
0	0	0	0	0	0	0	0	0	0	1	0
0	0	0	0	0	0	0	0	0	0	0	1
40
31
2
1
#######END OF DATA FILE#######
999
