#######GENERAL HEADER INPUT#######
1
30
1
30
1
30
30
12
1	2	3	4	5	6	7	8	9	10	11	12
12
1	2	3	4	5	6	7	8	9	10	11	12
1
101
1
1
#######SURVEY DATA#######
30
1	2	3	4	5	6	7	8	9	10	11	12	13	14	15	16	17	18	19	20	21	22	23	24	25	26	27	28	29	30
1.48132032208053	1.75721952659795	1.69480131805078	1.5295131921835	1.2912226851948	1.22340636015704	1.67647125947537	1.45624354658738	1.28308670745512	1.16698748318717	1.19341718668322	1.03319831578611	1.11933605349666	0.999848097055209	1.12849834575865	1.0132762178223	1.08013798822928	0.908323389858397	0.966143575788171	0.818421326517344	0.651650875150319	0.710655149670902	0.730885644260646	0.560591685308286	0.560497470987631	0.589078232862252	0.529018090975775	0.521742798950433	0.484829764065699	0.490205058857433
0.2	0.2	0.2	0.2	0.2	0.2	0.2	0.2	0.2	0.2	0.2	0.2	0.2	0.2	0.2	0.2	0.2	0.2	0.2	0.2	0.2	0.2	0.2	0.2	0.2	0.2	0.2	0.2	0.2	0.2
30
1	2	3	4	5	6	7	8	9	10	11	12	13	14	15	16	17	18	19	20	21	22	23	24	25	26	27	28	29	30
200	200	200	200	200	200	200	200	200	200	200	200	200	200	200	200	200	200	200	200	200	200	200	200	200	200	200	200	200	200
200	200	200	200	200	200	200	200	200	200	200	200	200	200	200	200	200	200	200	200	200	200	200	200	200	200	200	200	200	200
0.08	0.165	0.17	0.07	0.11	0.095	0.07	0.025	0.055	0.025	0.015	0.12
0.09	0.115	0.18	0.145	0.075	0.08	0.035	0.045	0.055	0.04	0.025	0.115
0.06	0.235	0.1	0.075	0.11	0.065	0.07	0.035	0.04	0.025	0.04	0.145
0.04	0.16	0.155	0.13	0.14	0.06	0.055	0.075	0.04	0.01	0.055	0.08
0.095	0.14	0.16	0.155	0.085	0.075	0.09	0.035	0.05	0.025	0.02	0.07
0.095	0.18	0.115	0.095	0.12	0.11	0.045	0.06	0.02	0.035	0.015	0.11
0.065	0.16	0.215	0.095	0.1	0.095	0.065	0.035	0.04	0.01	0.02	0.1
0.06	0.115	0.18	0.19	0.085	0.055	0.05	0.04	0.035	0.04	0.045	0.105
0.07	0.18	0.115	0.175	0.12	0.03	0.025	0.055	0.03	0.015	0.045	0.14
0.05	0.2	0.18	0.09	0.095	0.14	0.055	0.045	0.025	0.045	0.015	0.06
0.085	0.17	0.135	0.11	0.085	0.05	0.14	0.05	0.035	0.045	0.03	0.065
0.085	0.17	0.2	0.1	0.125	0.08	0.05	0.055	0.02	0.02	0.025	0.07
0.08	0.18	0.19	0.145	0.075	0.055	0.09	0.055	0.03	0.01	0.025	0.065
0.095	0.175	0.145	0.185	0.11	0.085	0.07	0.03	0.015	0.01	0.015	0.065
0.075	0.17	0.14	0.125	0.155	0.11	0.045	0.045	0.045	0.025	0.005	0.06
0.14	0.13	0.215	0.105	0.13	0.05	0.075	0.04	0.035	0.035	0.015	0.03
0.085	0.225	0.195	0.17	0.085	0.06	0.065	0.025	0.03	0.025	0	0.035
0.06	0.195	0.21	0.185	0.105	0.065	0.06	0.035	0.015	0.015	0.015	0.04
0.09	0.155	0.215	0.155	0.105	0.08	0.06	0.03	0.01	0.015	0.015	0.07
0.08	0.2	0.175	0.175	0.155	0.065	0.05	0.04	0	0.015	0.02	0.025
0.14	0.155	0.185	0.18	0.12	0.085	0.04	0.045	0.015	0.005	0.005	0.025
0.13	0.24	0.13	0.15	0.105	0.07	0.055	0.035	0.01	0.01	0.025	0.04
0.13	0.24	0.25	0.105	0.09	0.07	0.02	0.02	0.03	0.01	0.005	0.03
0.055	0.215	0.32	0.185	0.04	0.07	0.025	0.035	0.02	0.015	0.01	0.01
0.14	0.25	0.19	0.165	0.11	0.035	0.025	0.02	0.03	0.01	0	0.025
0.07	0.245	0.265	0.155	0.13	0.07	0.015	0.015	0.005	0.01	0	0.02
0.115	0.205	0.245	0.175	0.11	0.075	0.025	0.015	0.015	0.005	0.005	0.01
0.11	0.23	0.22	0.15	0.085	0.06	0.075	0.025	0.03	0	0	0.015
0.175	0.315	0.155	0.125	0.09	0.05	0.02	0.03	0.015	0	0	0.025
0.105	0.31	0.23	0.11	0.095	0.065	0.01	0.03	0.03	0.005	0.005	0.005
#######LANDINGS DATA#######
1
30
161.792452437746	468.868361239377	758.128188881095	999.522917973731	767.315030706807	1334.98394116261	1277.07345994556	2477.6479344575	1324.94619972706	1534.88279961201	1631.26624023832	1615.55870585556	1098.11794641703	1529.67769955111	1530.30796679806	1261.44098062931	2248.5052617694	1608.90978397568	1461.88530585177	1326.33738604423	1612.00551390989	1073.20658589409	1627.4135537197	1212.65408681006	1114.07960251445	970.118073806813	927.806086918128	1214.22224459224	876.89098510947	1285.35181384174
0.01	0.01	0.01	0.01	0.01	0.01	0.01	0.01	0.01	0.01	0.01	0.01	0.01	0.01	0.01	0.01	0.01	0.01	0.01	0.01	0.01	0.01	0.01	0.01	0.01	0.01	0.01	0.01	0.01	0.01
30
1	2	3	4	5	6	7	8	9	10	11	12	13	14	15	16	17	18	19	20	21	22	23	24	25	26	27	28	29	30
200	200	200	200	200	200	200	200	200	200	200	200	200	200	200	200	200	200	200	200	200	200	200	200	200	200	200	200	200	200
200	200	200	200	200	200	200	200	200	200	200	200	200	200	200	200	200	200	200	200	200	200	200	200	200	200	200	200	200	200
0.085	0.09	0.11	0.11	0.12	0.11	0.065	0.06	0.05	0.045	0.025	0.13
0.075	0.11	0.105	0.08	0.1	0.09	0.055	0.075	0.055	0.055	0.035	0.165
0.08	0.1	0.11	0.12	0.13	0.06	0.09	0.03	0.05	0.035	0.035	0.16
0.05	0.09	0.17	0.14	0.115	0.09	0.06	0.065	0.08	0.03	0.035	0.075
0.085	0.11	0.1	0.17	0.07	0.06	0.04	0.07	0.05	0.07	0.055	0.12
0.085	0.17	0.1	0.115	0.12	0.08	0.06	0.03	0.045	0.015	0.025	0.155
0.065	0.155	0.14	0.115	0.125	0.095	0.065	0.025	0.035	0.015	0.015	0.15
0.08	0.11	0.17	0.16	0.095	0.045	0.095	0.055	0.06	0.04	0.015	0.075
0.075	0.105	0.15	0.145	0.15	0.075	0.06	0.06	0.025	0.05	0.015	0.09
0.085	0.105	0.135	0.095	0.13	0.14	0.05	0.055	0.045	0.045	0	0.115
0.06	0.15	0.135	0.155	0.09	0.12	0.08	0.035	0.04	0.04	0	0.095
0.07	0.1	0.165	0.155	0.14	0.08	0.1	0.035	0.04	0.025	0.045	0.045
0.08	0.12	0.105	0.145	0.12	0.125	0.1	0.03	0.035	0.03	0.02	0.09
0.13	0.085	0.12	0.175	0.145	0.055	0.095	0.04	0.035	0.05	0.01	0.06
0.09	0.175	0.125	0.07	0.175	0.085	0.095	0.035	0.065	0.04	0.025	0.02
0.1	0.18	0.14	0.165	0.11	0.08	0.085	0.035	0.025	0.03	0.02	0.03
0.16	0.15	0.16	0.14	0.08	0.06	0.06	0.045	0.035	0.04	0.01	0.06
0.055	0.245	0.21	0.13	0.115	0.06	0.045	0.045	0.02	0.015	0.025	0.035
0.105	0.125	0.215	0.19	0.085	0.09	0.055	0.05	0.025	0.02	0.02	0.02
0.125	0.18	0.16	0.14	0.12	0.1	0.035	0.045	0.025	0.035	0.005	0.03
0.13	0.165	0.165	0.115	0.155	0.08	0.06	0.05	0.02	0.005	0.005	0.05
0.17	0.22	0.125	0.115	0.13	0.09	0.055	0.015	0.04	0.01	0.005	0.025
0.125	0.24	0.27	0.12	0.1	0.025	0.02	0.05	0.01	0.02	0.005	0.015
0.125	0.165	0.285	0.17	0.085	0.05	0.05	0.015	0.025	0.005	0	0.025
0.19	0.18	0.2	0.18	0.11	0.035	0.05	0.015	0.01	0.01	0.005	0.015
0.16	0.22	0.2	0.095	0.1	0.09	0.05	0.035	0.01	0.01	0.01	0.02
0.135	0.22	0.25	0.12	0.09	0.065	0.055	0.02	0.005	0.005	0.01	0.025
0.18	0.25	0.12	0.17	0.095	0.06	0.04	0.035	0.01	0.01	0	0.03
0.175	0.29	0.205	0.14	0.095	0.045	0.02	0.015	0.005	0.005	0	0.005
0.16	0.25	0.25	0.12	0.07	0.095	0.02	0.01	0.005	0.015	0.005	0
#######PARAMETER SECTION#######
800	400	1200	-4	800	-0.25	1
0.18	0.01	1	-4	0.18	-0.25	1
-1.36	-5	-0.001	-4	-1.36	-0.25	1
0.1	0.05	0.3	-4	0.1	-0.25	1
0.2	0.01	0.5	-4	0.2	-0.25	1
0.75	0.20001	1	-3	0.75	-0.25	1
13.815511	-1	200	1	13.815511	-0.25	1
0	-1	1	-4	0	-0.25	1
0.2	1e-04	1.2	-3	0.2	-0.25	1
0	-10	10	-6	0	-1	1
0	-10	10	-6	0	-1	1
2	0	12	-2	2	-0.5	1
1	0	12	-2	1	-0.5	1
2	0	12	-2	2	-0.5	1
1	0	12	-2	1	-0.5	1
1.5	0	12	-2	1.5	-0.5	1
2	0	12	-2	2	-0.5	1
-14.8682006803499	-30	5	1	-14.8682006803499	-1	1
1	0.1	2	-1	1	-1	1
-1.51930887058023	-10	1.39	1	-1.51930887058023	-1	1
#######DEV CONSTRAINTS and DEVS#######
-15	15	2
-15	15	2
-15	15	2
0	0	0	0	0	0	0	0	0	0	0	0	0	0	0	0	0	0	0	0	0	0	0	0	0	0	0	0	0	0
0	0	0	0	0	0	0	0	0	0	0	0	0	0	0	0	0	0	0	0	0	0	0	0	0	0	0	0	0	0
0	0	0	0	0	0	0	0	0	0	0
#######LIKELIHOOD WEIGHTS#######
1
1
1
1
0
1
0
0
0
#######MISCELLANEOUS STUFF SECTION#######
2.5e-08
3
0.5	0.5	0.5	0.5	0.5	0.5	0.5	0.5	0.5	0.5	0.5	0.5
0.0229773699100256	0.320821300824607	0.904650535100891	0.994779874306442	0.999738809680904	0.999986992871533	0.999999352405202	0.999999967758134	0.999999998394772	0.99999999992008	0.999999999996021	0.999999999999802
0.2	0.2	0.2	0.2	0.2	0.2	0.2	0.2	0.2	0.2	0.2	0.2
0
1
10
0.2
1
1	0	0	0	0	0	0	0	0	0	0	0
0	1	0	0	0	0	0	0	0	0	0	0
0	0	1	0	0	0	0	0	0	0	0	0
0	0	0	1	0	0	0	0	0	0	0	0
0	0	0	0	1	0	0	0	0	0	0	0
0	0	0	0	0	1	0	0	0	0	0	0
0	0	0	0	0	0	1	0	0	0	0	0
0	0	0	0	0	0	0	1	0	0	0	0
0	0	0	0	0	0	0	0	1	0	0	0
0	0	0	0	0	0	0	0	0	1	0	0
0	0	0	0	0	0	0	0	0	0	1	0
0	0	0	0	0	0	0	0	0	0	0	1
40
31
2
1
#######END OF DATA FILE#######
999
