# Number of parameters = 73  Objective function value = 26315.7  Maximum gradient component = 0.00103896
# sel_params[1]:
2.00000000000
# sel_params[2]:
1.00000000000
# log_Fmult_year1:
 -4.65312976233
# log_Fmult_devs:
 1.07806124834 0.493171495436 0.301636325702 -0.226182039891 0.581619323681 0.0136401396799 0.754786518229 -0.531907017133 0.194997276091 0.127646774973 0.0775700314989 -0.328648244167 0.374192094036 0.0551263079194 -0.115155987386 0.670025542562 -0.191689384369 0.00665035288346 -0.00406548714885 0.315333938830 -0.323945922632 0.484879221523 -0.196038727579 0.000137773495982 -0.0842042695658 -0.0263894998052 0.338406222966 -0.261101209862 0.442927932573
# log_recruit_devs:
 -0.0203012977502 0.190581680221 -0.0215453568207 -0.184887195789 0.372499828206 0.120908374640 -0.0227560260728 0.137673223996 -0.00472028675766 0.143328486362 0.00804778079427 -0.0358043498758 -0.0647138301280 0.0294093592408 0.00496477145301 0.0541949429327 0.125050444793 -0.376991057066 -0.0516220675122 -0.205129972351 0.238361861327 0.0641468505065 -0.0991915812972 -0.271019400096 0.0656859836366 -0.201351376872 -0.130443749387 0.0431437083591 0.0342963830749 0.0581838682332
# log_N_year1_devs:
 0.0657137937137 0.104049852187 -0.116896921189 -0.0295318713410 -0.0431296062182 -0.162050031434 0.0300797368671 -0.0334306389729 -0.531517940054 -0.139896943344 -0.0549813528646
# log_q_year1:
 -7.93503260385
# log_q_devs:
 0.00000000000 0.00000000000 0.00000000000 0.00000000000 0.00000000000 0.00000000000 0.00000000000 0.00000000000 0.00000000000 0.00000000000 0.00000000000 0.00000000000 0.00000000000 0.00000000000 0.00000000000 0.00000000000 0.00000000000 0.00000000000 0.00000000000 0.00000000000 0.00000000000 0.00000000000 0.00000000000 0.00000000000 0.00000000000 0.00000000000 0.00000000000 0.00000000000 0.00000000000
# index_sel_params[1]:
1.50000000000
# index_sel_params[2]:
0.500000000000
# log_SR_scaler:
6.90165857174
# SR_steepness:
0.750000000000
