# Number of parameters = 73  Objective function value = 26311.4  Maximum gradient component = 0.000450085
# sel_params[1]:
2.00000000000
# sel_params[2]:
1.00000000000
# log_Fmult_year1:
 -4.61306505879
# log_Fmult_devs:
 1.08047611527 0.509573586792 0.294980272729 -0.219532750063 0.588272729097 -0.000716262963413 0.744536228220 -0.551355047599 0.191718208446 0.122247902454 0.0651804867316 -0.303032216191 0.370536485347 0.0425669950567 -0.105736281534 0.648704962693 -0.189371564346 -0.0264961859059 -0.00719687838228 0.314701930915 -0.311219089426 0.496184362466 -0.201874531981 -0.0156986578934 -0.113928083889 -0.0571299708414 0.312883889309 -0.285430566465 0.421118751117
# log_recruit_devs:
 0.0303797210368 0.169866779935 -0.0896609101690 -0.226338097855 0.309873972913 0.301519740442 -0.0429921753341 0.192629544339 -0.00239137280733 0.0463901656446 0.0574519994105 -0.144924023533 -0.0239461357522 0.0829547633917 -0.0549377553034 0.155190279117 0.119737346140 -0.272476620310 -0.0916027553330 -0.294286627810 0.0869136168001 0.0935160296100 -0.0967598954604 -0.0944091287725 0.163439191705 -0.216626068262 -0.141342357475 0.100603311515 -0.0373453869667 -0.0804271508557
# log_N_year1_devs:
 -0.0930583528261 -0.129610244487 -0.0951135879829 -0.186788393712 0.0648350422435 -0.0684277139056 -0.0545783268489 -0.0285462838805 -0.280386081381 0.0598455312096 -0.251585080193
# log_q_year1:
 -7.97164649273
# log_q_devs:
 0.00000000000 0.00000000000 0.00000000000 0.00000000000 0.00000000000 0.00000000000 0.00000000000 0.00000000000 0.00000000000 0.00000000000 0.00000000000 0.00000000000 0.00000000000 0.00000000000 0.00000000000 0.00000000000 0.00000000000 0.00000000000 0.00000000000 0.00000000000 0.00000000000 0.00000000000 0.00000000000 0.00000000000 0.00000000000 0.00000000000 0.00000000000 0.00000000000 0.00000000000
# index_sel_params[1]:
1.50000000000
# index_sel_params[2]:
0.500000000000
# log_SR_scaler:
6.92061224861
# SR_steepness:
0.750000000000
