#######GENERAL HEADER INPUT#######
1
30
1
30
1
30
30
12
1	2	3	4	5	6	7	8	9	10	11	12
12
1	2	3	4	5	6	7	8	9	10	11	12
1
101
1
1
#######SURVEY DATA#######
30
1	2	3	4	5	6	7	8	9	10	11	12	13	14	15	16	17	18	19	20	21	22	23	24	25	26	27	28	29	30
1.27789813144544	1.44612524008492	1.67340632205117	1.55489780594725	1.32685432712736	1.66363467756371	1.75515606029476	1.15401885944464	1.16374928496901	1.30345596476197	1.01837446426419	1.07378841465248	0.904516800373765	1.10474962531465	1.01416622226871	0.802191922146376	0.961043320893869	0.81447981604017	0.750872890016833	0.726969254973942	0.790674861347042	0.685324957929644	0.712631232432991	0.677036459995982	0.530113411667582	0.596717669501803	0.570323263770656	0.527895353131671	0.513983199367784	0.531659060157524
0.2	0.2	0.2	0.2	0.2	0.2	0.2	0.2	0.2	0.2	0.2	0.2	0.2	0.2	0.2	0.2	0.2	0.2	0.2	0.2	0.2	0.2	0.2	0.2	0.2	0.2	0.2	0.2	0.2	0.2
30
1	2	3	4	5	6	7	8	9	10	11	12	13	14	15	16	17	18	19	20	21	22	23	24	25	26	27	28	29	30
200	200	200	200	200	200	200	200	200	200	200	200	200	200	200	200	200	200	200	200	200	200	200	200	200	200	200	200	200	200
200	200	200	200	200	200	200	200	200	200	200	200	200	200	200	200	200	200	200	200	200	200	200	200	200	200	200	200	200	200
0.07	0.085	0.14	0.12	0.095	0.09	0.075	0.045	0.035	0.03	0.025	0.19
0.08	0.135	0.145	0.13	0.095	0.095	0.075	0.04	0.03	0.03	0.015	0.13
0.045	0.15	0.16	0.12	0.09	0.095	0.035	0.04	0.045	0.04	0.015	0.165
0.03	0.085	0.2	0.1	0.075	0.12	0.07	0.055	0.045	0.03	0.035	0.155
0.07	0.13	0.145	0.155	0.09	0.09	0.045	0.06	0.03	0.02	0.03	0.135
0.08	0.215	0.125	0.11	0.08	0.055	0.065	0.055	0.01	0.01	0.04	0.155
0.07	0.24	0.175	0.08	0.05	0.055	0.045	0.07	0.01	0.03	0.025	0.15
0.075	0.19	0.2	0.165	0.065	0.065	0.055	0.03	0.015	0.03	0.02	0.09
0.09	0.17	0.145	0.13	0.12	0.065	0.055	0.05	0.035	0.02	0.03	0.09
0.065	0.165	0.145	0.155	0.15	0.07	0.025	0.075	0.035	0.035	0.02	0.06
0.07	0.195	0.11	0.085	0.095	0.115	0.085	0.03	0.03	0.035	0.04	0.11
0.085	0.16	0.155	0.115	0.115	0.105	0.065	0.075	0.015	0.015	0.025	0.07
0.055	0.235	0.14	0.155	0.115	0.06	0.07	0.07	0.035	0.02	0.005	0.04
0.09	0.175	0.14	0.17	0.1	0.075	0.07	0.04	0.035	0.035	0.015	0.055
0.07	0.165	0.17	0.14	0.135	0.095	0.055	0.035	0.025	0.01	0.03	0.07
0.115	0.165	0.235	0.085	0.14	0.07	0.055	0.03	0.04	0.01	0.005	0.05
0.11	0.22	0.18	0.16	0.095	0.075	0.05	0.025	0.01	0.015	0.025	0.035
0.04	0.21	0.19	0.14	0.13	0.065	0.06	0.03	0.055	0.005	0.03	0.045
0.07	0.205	0.17	0.215	0.1	0.085	0.035	0.025	0.02	0.005	0.015	0.055
0.14	0.195	0.15	0.145	0.125	0.075	0.04	0.04	0.005	0.035	0.02	0.03
0.15	0.205	0.19	0.1	0.11	0.085	0.045	0.035	0.015	0.03	0.01	0.025
0.145	0.245	0.165	0.16	0.055	0.09	0.05	0.03	0.025	0.01	0.01	0.015
0.1	0.265	0.315	0.1	0.09	0.065	0.03	0.015	0	0.005	0.005	0.01
0.1	0.16	0.265	0.19	0.085	0.08	0.035	0.01	0.02	0.025	0.005	0.025
0.14	0.205	0.19	0.175	0.155	0.045	0.025	0.005	0.015	0.005	0.015	0.025
0.115	0.24	0.235	0.15	0.1	0.07	0.045	0.02	0.005	0.01	0.005	0.005
0.075	0.19	0.28	0.18	0.11	0.065	0.04	0.025	0.015	0.005	0.01	0.005
0.125	0.295	0.175	0.15	0.08	0.065	0.055	0.02	0.01	0.01	0.01	0.005
0.125	0.295	0.225	0.12	0.11	0.035	0.03	0.03	0.015	0	0	0.015
0.11	0.305	0.26	0.13	0.075	0.055	0.03	0.005	0.015	0.01	0	0.005
#######LANDINGS DATA#######
1
30
159.878103876984	468.050390029356	757.909221432721	998.248934633355	767.251393692469	1333.3521713937	1267.2535632509	2464.94799774622	1324.78416638946	1517.50807814782	1611.42857631463	1610.44826786646	1099.70785627419	1524.81401219707	1508.41562463114	1273.41028192209	2234.02110227892	1620.44846581048	1453.05024530039	1310.06852541664	1638.33991762981	1080.46164519258	1633.57492152086	1211.7040263887	1109.71492528677	968.194357378207	925.314275917076	1204.2174741821	862.537934410352	1272.10128973999
0.01	0.01	0.01	0.01	0.01	0.01	0.01	0.01	0.01	0.01	0.01	0.01	0.01	0.01	0.01	0.01	0.01	0.01	0.01	0.01	0.01	0.01	0.01	0.01	0.01	0.01	0.01	0.01	0.01	0.01
30
1	2	3	4	5	6	7	8	9	10	11	12	13	14	15	16	17	18	19	20	21	22	23	24	25	26	27	28	29	30
200	200	200	200	200	200	200	200	200	200	200	200	200	200	200	200	200	200	200	200	200	200	200	200	200	200	200	200	200	200
200	200	200	200	200	200	200	200	200	200	200	200	200	200	200	200	200	200	200	200	200	200	200	200	200	200	200	200	200	200
0.07	0.11	0.16	0.135	0.105	0.07	0.06	0.06	0.065	0.015	0.015	0.135
0.085	0.075	0.12	0.095	0.1	0.11	0.095	0.055	0.035	0.02	0.035	0.175
0.04	0.155	0.125	0.155	0.08	0.09	0.08	0.06	0.05	0.02	0.015	0.13
0.075	0.065	0.16	0.15	0.09	0.08	0.065	0.045	0.06	0.035	0.055	0.12
0.08	0.095	0.145	0.125	0.085	0.05	0.065	0.085	0.05	0.035	0.025	0.16
0.075	0.145	0.1	0.13	0.115	0.105	0.06	0.05	0.055	0.035	0.005	0.125
0.045	0.15	0.195	0.125	0.075	0.08	0.07	0.07	0.04	0.02	0.03	0.1
0.06	0.11	0.145	0.175	0.105	0.08	0.08	0.055	0.04	0.035	0.015	0.1
0.07	0.15	0.145	0.12	0.145	0.05	0.05	0.055	0.045	0.03	0.035	0.105
0.12	0.12	0.195	0.12	0.07	0.115	0.055	0.035	0.04	0.04	0.01	0.08
0.085	0.115	0.14	0.15	0.075	0.105	0.095	0.03	0.055	0.055	0.02	0.075
0.095	0.155	0.265	0.1	0.085	0.05	0.065	0.055	0.035	0.015	0.005	0.075
0.105	0.08	0.2	0.17	0.085	0.09	0.06	0.055	0.06	0.01	0.025	0.06
0.125	0.135	0.145	0.155	0.095	0.06	0.065	0.03	0.04	0.05	0.01	0.09
0.085	0.13	0.16	0.12	0.125	0.12	0.04	0.07	0.045	0.015	0.025	0.065
0.07	0.16	0.2	0.15	0.11	0.05	0.04	0.04	0.05	0.02	0.005	0.105
0.105	0.205	0.14	0.105	0.12	0.085	0.08	0.045	0.045	0.025	0.005	0.04
0.1	0.16	0.195	0.145	0.135	0.095	0.025	0.035	0.015	0.025	0.04	0.03
0.125	0.095	0.235	0.21	0.085	0.085	0.045	0.02	0.03	0.01	0.01	0.05
0.085	0.175	0.205	0.135	0.14	0.045	0.075	0.015	0.01	0.03	0.035	0.05
0.15	0.085	0.18	0.13	0.17	0.105	0.04	0.065	0.01	0.005	0.03	0.03
0.135	0.185	0.135	0.165	0.09	0.105	0.07	0.01	0.05	0.015	0.01	0.03
0.13	0.255	0.215	0.11	0.085	0.045	0.075	0.02	0.03	0.01	0.01	0.015
0.145	0.155	0.24	0.2	0.075	0.08	0.01	0.04	0.01	0.025	0.005	0.015
0.16	0.15	0.19	0.16	0.16	0.06	0.03	0.04	0.025	0.005	0.005	0.015
0.115	0.27	0.165	0.155	0.125	0.07	0.02	0.035	0.02	0.005	0.005	0.015
0.13	0.15	0.255	0.19	0.085	0.07	0.06	0.025	0.005	0.015	0.01	0.005
0.175	0.265	0.165	0.19	0.07	0.055	0.04	0.015	0.01	0.005	0.005	0.005
0.205	0.245	0.195	0.105	0.125	0.05	0.035	0.015	0.015	0	0	0.01
0.15	0.215	0.27	0.115	0.095	0.08	0.025	0.005	0.035	0.005	0	0.005
#######PARAMETER SECTION#######
800	400	1200	-4	800	-0.25	1
0.18	0.01	1	-4	0.18	-0.25	1
-1.36	-5	-0.001	-4	-1.36	-0.25	1
0.1	0.05	0.3	-4	0.1	-0.25	1
0.2	0.01	0.5	-4	0.2	-0.25	1
0.75	0.20001	1	-3	0.75	-0.25	1
13.815511	-1	200	1	13.815511	-0.25	1
0	-1	1	-4	0	-0.25	1
0.2	1e-04	1.2	-3	0.2	-0.25	1
0	-10	10	-6	0	-1	1
0	-10	10	-6	0	-1	1
2	0	12	-2	2	-0.5	1
1	0	12	-2	1	-0.5	1
2	0	12	-2	2	-0.5	1
1	0	12	-2	1	-0.5	1
1.5	0	12	-2	1.5	-0.5	1
2	0	12	-2	2	-0.5	1
-14.8682006803499	-30	5	1	-14.8682006803499	-1	1
1	0.1	2	-1	1	-1	1
-1.51930887058023	-10	1.39	1	-1.51930887058023	-1	1
#######DEV CONSTRAINTS and DEVS#######
-15	15	2
-15	15	2
-15	15	2
0	0	0	0	0	0	0	0	0	0	0	0	0	0	0	0	0	0	0	0	0	0	0	0	0	0	0	0	0	0
0	0	0	0	0	0	0	0	0	0	0	0	0	0	0	0	0	0	0	0	0	0	0	0	0	0	0	0	0	0
0	0	0	0	0	0	0	0	0	0	0
#######LIKELIHOOD WEIGHTS#######
1
1
1
1
0
1
0
0
0
#######MISCELLANEOUS STUFF SECTION#######
2.5e-08
3
0.5	0.5	0.5	0.5	0.5	0.5	0.5	0.5	0.5	0.5	0.5	0.5
0.0229773699100256	0.320821300824607	0.904650535100891	0.994779874306442	0.999738809680904	0.999986992871533	0.999999352405202	0.999999967758134	0.999999998394772	0.99999999992008	0.999999999996021	0.999999999999802
0.2	0.2	0.2	0.2	0.2	0.2	0.2	0.2	0.2	0.2	0.2	0.2
0
1
10
0.2
1
1	0	0	0	0	0	0	0	0	0	0	0
0	1	0	0	0	0	0	0	0	0	0	0
0	0	1	0	0	0	0	0	0	0	0	0
0	0	0	1	0	0	0	0	0	0	0	0
0	0	0	0	1	0	0	0	0	0	0	0
0	0	0	0	0	1	0	0	0	0	0	0
0	0	0	0	0	0	1	0	0	0	0	0
0	0	0	0	0	0	0	1	0	0	0	0
0	0	0	0	0	0	0	0	1	0	0	0
0	0	0	0	0	0	0	0	0	1	0	0
0	0	0	0	0	0	0	0	0	0	1	0
0	0	0	0	0	0	0	0	0	0	0	1
40
31
2
1
#######END OF DATA FILE#######
999
