#styr																																				
1
#endyr																																			
30
#rec_age																																	
1																																						#n_ages																																		
12
# numbers of length intervals
81
#Length	bin
10	11	12	13	14	15	16	17	18	19	20	21	22	23	24	25	26	27	28	29	30	31	32	33	34	35	36	37	38	39	40	41	42	43	44	45	46	47	48	49	50	51	52	53	54	55	56	57	58	59	60	61	62	63	64	65	66	67	68	69	70	71	72	73	74	75	76	77	78	79	80	81	82	83	84	85	86	87	88	89	90
#nfsh
1
#names_fsh
OM1																																				
#catch																																			
161.038594015809	466.294581859799	762.212331433139	996.956038255068	767.689361016997	1327.05170406263	1287.622748069	2494.45726390402	1325.31537193379	1516.11116518956	1618.6388724622	1612.93488540878	1106.29194317237	1509.76827288101	1505.11763324803	1264.89105712984	2256.72535054789	1616.2380114587	1476.25243956638	1315.43255759416	1626.86721199271	1080.45401066539	1635.65040844981	1203.11006006106	1118.68861689985	973.210160097821	925.549850657209	1201.20283461046	867.192124513237	1278.9950037442
#catch_cv																																		
0.01	0.01	0.01	0.01	0.01	0.01	0.01	0.01	0.01	0.01	0.01	0.01	0.01	0.01	0.01	0.01	0.01	0.01	0.01	0.01	0.01	0.01	0.01	0.01	0.01	0.01	0.01	0.01	0.01	0.01
#n_ages_fsh																															
30																			
#n_lengths_fsh																															
0																																						
#yrs_ages_fsh																																
1	2	3	4	5	6	7	8	9	10	11	12	13	14	15	16	17	18	19	20	21	22	23	24	25	26	27	28	29	30						
#sample_ages_fsh																														
200	200	200	200	200	200	200	200	200	200	200	200	200	200	200	200	200	200	200	200	200	200	200	200	200	200	200	200	200	200
#page_fsh	2	3	4	5	6	7	8	9	10	11																						
0.07	0.09	0.155	0.125	0.06	0.125	0.055	0.055	0.055	0.04	0.025	0.145
0.095	0.125	0.115	0.08	0.105	0.06	0.1	0.065	0.035	0.05	0.035	0.135
0.055	0.12	0.14	0.12	0.115	0.08	0.045	0.065	0.04	0.055	0.035	0.13
0.05	0.08	0.175	0.155	0.125	0.085	0.07	0.065	0.02	0.035	0.02	0.12
0.09	0.05	0.09	0.165	0.11	0.05	0.1	0.06	0.055	0.06	0.035	0.135
0.08	0.175	0.11	0.115	0.12	0.105	0.065	0.035	0.02	0.06	0.02	0.095
0.04	0.16	0.15	0.1	0.095	0.125	0.085	0.04	0.035	0.02	0.015	0.135
0.1	0.105	0.14	0.175	0.07	0.1	0.095	0.03	0.025	0.025	0.025	0.11
0.09	0.13	0.195	0.125	0.11	0.065	0.06	0.075	0.015	0.01	0.02	0.105
0.095	0.11	0.115	0.155	0.13	0.115	0.06	0.02	0.065	0.025	0.03	0.08
0.065	0.165	0.1	0.175	0.115	0.08	0.09	0.04	0.025	0.04	0.02	0.085
0.07	0.185	0.16	0.115	0.105	0.065	0.08	0.04	0.04	0.02	0.035	0.085
0.105	0.1	0.165	0.15	0.105	0.125	0.05	0.07	0.04	0.01	0.03	0.05
0.11	0.165	0.105	0.155	0.11	0.09	0.07	0.04	0.04	0.02	0.02	0.075
0.1	0.165	0.19	0.13	0.115	0.055	0.03	0.045	0.055	0.035	0.03	0.05
0.145	0.16	0.185	0.145	0.07	0.075	0.05	0.055	0.02	0.02	0.025	0.05
0.11	0.175	0.18	0.125	0.06	0.07	0.1	0.065	0.02	0.03	0.03	0.035
0.1	0.185	0.185	0.14	0.11	0.075	0.065	0.045	0.025	0.025	0.015	0.03
0.13	0.105	0.21	0.185	0.13	0.06	0.085	0.02	0.02	0.015	0.015	0.025
0.085	0.17	0.175	0.15	0.135	0.09	0.04	0.025	0.04	0.015	0.01	0.065
0.18	0.16	0.175	0.155	0.11	0.07	0.04	0.04	0.01	0.02	0.01	0.03
0.17	0.26	0.14	0.125	0.075	0.075	0.055	0.02	0.01	0.01	0.005	0.055
0.105	0.225	0.225	0.115	0.12	0.055	0.07	0.02	0.015	0	0.005	0.045
0.125	0.13	0.285	0.185	0.07	0.045	0.045	0.045	0.025	0.01	0.015	0.02
0.135	0.235	0.2	0.165	0.12	0.04	0.03	0.03	0.015	0.005	0.005	0.02
0.115	0.28	0.18	0.115	0.125	0.09	0.025	0.02	0.02	0.005	0.005	0.02
0.155	0.185	0.265	0.12	0.1	0.075	0.055	0.005	0.01	0.02	0	0.01
0.175	0.21	0.165	0.16	0.085	0.075	0.055	0.045	0	0.015	0.01	0.005
0.15	0.295	0.19	0.13	0.09	0.05	0.035	0.035	0.01	0.005	0.005	0.005
0.115	0.3	0.25	0.175	0.035	0.055	0.03	0.005	0.02	0	0	0.015
#wt_age_fsh	1 2	3	4	5	6	7	8	9	10	11																				
0.000530656	0.001196328	0.002058265	0.003034987	0.004055212	0.005064698	0.006026226	0.006916921	0.007724891	0.008446113	0.009081853	0.009636695
0.000530656	0.001196328	0.002058265	0.003034987	0.004055212	0.005064698	0.006026226	0.006916921	0.007724891	0.008446113	0.009081853	0.009636695
0.000530656	0.001196328	0.002058265	0.003034987	0.004055212	0.005064698	0.006026226	0.006916921	0.007724891	0.008446113	0.009081853	0.009636695
0.000530656	0.001196328	0.002058265	0.003034987	0.004055212	0.005064698	0.006026226	0.006916921	0.007724891	0.008446113	0.009081853	0.009636695
0.000530656	0.001196328	0.002058265	0.003034987	0.004055212	0.005064698	0.006026226	0.006916921	0.007724891	0.008446113	0.009081853	0.009636695
0.000530656	0.001196328	0.002058265	0.003034987	0.004055212	0.005064698	0.006026226	0.006916921	0.007724891	0.008446113	0.009081853	0.009636695
0.000530656	0.001196328	0.002058265	0.003034987	0.004055212	0.005064698	0.006026226	0.006916921	0.007724891	0.008446113	0.009081853	0.009636695
0.000530656	0.001196328	0.002058265	0.003034987	0.004055212	0.005064698	0.006026226	0.006916921	0.007724891	0.008446113	0.009081853	0.009636695
0.000530656	0.001196328	0.002058265	0.003034987	0.004055212	0.005064698	0.006026226	0.006916921	0.007724891	0.008446113	0.009081853	0.009636695
0.000530656	0.001196328	0.002058265	0.003034987	0.004055212	0.005064698	0.006026226	0.006916921	0.007724891	0.008446113	0.009081853	0.009636695
0.000530656	0.001196328	0.002058265	0.003034987	0.004055212	0.005064698	0.006026226	0.006916921	0.007724891	0.008446113	0.009081853	0.009636695
0.000530656	0.001196328	0.002058265	0.003034987	0.004055212	0.005064698	0.006026226	0.006916921	0.007724891	0.008446113	0.009081853	0.009636695
0.000530656	0.001196328	0.002058265	0.003034987	0.004055212	0.005064698	0.006026226	0.006916921	0.007724891	0.008446113	0.009081853	0.009636695
0.000530656	0.001196328	0.002058265	0.003034987	0.004055212	0.005064698	0.006026226	0.006916921	0.007724891	0.008446113	0.009081853	0.009636695
0.000530656	0.001196328	0.002058265	0.003034987	0.004055212	0.005064698	0.006026226	0.006916921	0.007724891	0.008446113	0.009081853	0.009636695
0.000530656	0.001196328	0.002058265	0.003034987	0.004055212	0.005064698	0.006026226	0.006916921	0.007724891	0.008446113	0.009081853	0.009636695
0.000530656	0.001196328	0.002058265	0.003034987	0.004055212	0.005064698	0.006026226	0.006916921	0.007724891	0.008446113	0.009081853	0.009636695
0.000530656	0.001196328	0.002058265	0.003034987	0.004055212	0.005064698	0.006026226	0.006916921	0.007724891	0.008446113	0.009081853	0.009636695
0.000530656	0.001196328	0.002058265	0.003034987	0.004055212	0.005064698	0.006026226	0.006916921	0.007724891	0.008446113	0.009081853	0.009636695
0.000530656	0.001196328	0.002058265	0.003034987	0.004055212	0.005064698	0.006026226	0.006916921	0.007724891	0.008446113	0.009081853	0.009636695
0.000530656	0.001196328	0.002058265	0.003034987	0.004055212	0.005064698	0.006026226	0.006916921	0.007724891	0.008446113	0.009081853	0.009636695
0.000530656	0.001196328	0.002058265	0.003034987	0.004055212	0.005064698	0.006026226	0.006916921	0.007724891	0.008446113	0.009081853	0.009636695
0.000530656	0.001196328	0.002058265	0.003034987	0.004055212	0.005064698	0.006026226	0.006916921	0.007724891	0.008446113	0.009081853	0.009636695
0.000530656	0.001196328	0.002058265	0.003034987	0.004055212	0.005064698	0.006026226	0.006916921	0.007724891	0.008446113	0.009081853	0.009636695
0.000530656	0.001196328	0.002058265	0.003034987	0.004055212	0.005064698	0.006026226	0.006916921	0.007724891	0.008446113	0.009081853	0.009636695
0.000530656	0.001196328	0.002058265	0.003034987	0.004055212	0.005064698	0.006026226	0.006916921	0.007724891	0.008446113	0.009081853	0.009636695
0.000530656	0.001196328	0.002058265	0.003034987	0.004055212	0.005064698	0.006026226	0.006916921	0.007724891	0.008446113	0.009081853	0.009636695
0.000530656	0.001196328	0.002058265	0.003034987	0.004055212	0.005064698	0.006026226	0.006916921	0.007724891	0.008446113	0.009081853	0.009636695
0.000530656	0.001196328	0.002058265	0.003034987	0.004055212	0.005064698	0.006026226	0.006916921	0.007724891	0.008446113	0.009081853	0.009636695
0.000530656	0.001196328	0.002058265	0.003034987	0.004055212	0.005064698	0.006026226	0.006916921	0.007724891	0.008446113	0.009081853	0.009636695

#nind
1
#ind_names																																	
survey_index1																																
#nobs_ind
30
#yrs_ind																																		
1	2	3	4	5	6	7	8	9	10	11	12	13	14	15	16	17	18	19	20	21	22	23	24	25	26	27	28	29	30	
#month_ind																																	
1																																						
#biom_ind																																		
1.49702259560903	1.44000012545462	1.66545042714252	1.5276851676732	1.47286992508832	1.26897342068719	1.4247674890795	1.14602571299179	1.30582515939032	1.11788928810109	1.23396267248966	1.17494649515092	0.926220641421008	0.99933241636082	0.966069007776431	1.0722531337543	0.955352632026899	0.969149209315404	0.78684589102606	0.759416442849387	0.603294211649284	0.830225465876953	0.53231808912993	0.550075269264281	0.591086928971465	0.530406410386474	0.504902353109425	0.594198127794779	0.550751116052385	0.571841301809422
#biom_cv																				
0.299404519121807	0.288000025090923	0.333090085428504	0.30553703353464	0.294573985017665	0.253794684137438	0.2849534978159	0.229205142598357	0.261165031878064	0.223577857620218	0.246792534497933	0.234989299030184	0.185244128284202	0.199866483272164	0.193213801555286	0.214450626750861	0.19107052640538	0.193829841863081	0.157369178205212	0.151883288569877	0.120658842329857	0.166045093175391	0.106463617825986	0.110015053852856	0.118217385794293	0.106081282077295	0.100980470621885	0.118839625558956	0.110150223210477	0.114368260361885
#n_ages_ind																																	
30			
#n_lengths_ind																															
0																																						
#yrs_ages_ind																																
1	2	3	4	5	6	7	8	9	10	11	12	13	14	15	16	17	18	19	20	21	22	23	24	25	26	27	28	29	30																						
#sample_ages_ind																														
200	200	200	200	200	200	200	200	200	200	200	200	200	200	200	200	200	200	200	200	200	200	200	200	200	200	200	200	200	200
#page_ind																																		
0.075	0.15	0.13	0.09	0.075	0.11	0.06	0.06	0.035	0.025	0.04	0.15
0.085	0.155	0.12	0.15	0.115	0.065	0.045	0.055	0.03	0.045	0.025	0.11
0.075	0.185	0.165	0.105	0.085	0.085	0.055	0.045	0.04	0.04	0.01	0.11
0.025	0.11	0.165	0.145	0.1	0.095	0.07	0.08	0.02	0.045	0.025	0.12
0.09	0.09	0.14	0.135	0.1	0.105	0.065	0.06	0.025	0.02	0.025	0.145
0.055	0.26	0.08	0.13	0.1	0.07	0.065	0.045	0.045	0.03	0.02	0.1
0.05	0.24	0.2	0.075	0.08	0.065	0.065	0.035	0.04	0.035	0.025	0.09
0.075	0.13	0.17	0.165	0.04	0.065	0.085	0.065	0.03	0.045	0.045	0.085
0.06	0.225	0.125	0.135	0.14	0.045	0.075	0.035	0.025	0.04	0.01	0.085
0.065	0.2	0.21	0.115	0.13	0.08	0.035	0.01	0.03	0.025	0.035	0.065
0.07	0.215	0.125	0.135	0.14	0.085	0.04	0.03	0.04	0.03	0.015	0.075
0.115	0.145	0.205	0.13	0.095	0.085	0.05	0.06	0.02	0.01	0.025	0.06
0.065	0.21	0.22	0.145	0.11	0.09	0.035	0.035	0.015	0.02	0.005	0.05
0.095	0.155	0.205	0.14	0.11	0.1	0.055	0.02	0.04	0.03	0.02	0.03
0.075	0.15	0.215	0.14	0.105	0.1	0.055	0.05	0.015	0.01	0.025	0.06
0.07	0.185	0.175	0.145	0.115	0.09	0.06	0.045	0.035	0.02	0.01	0.05
0.095	0.22	0.17	0.145	0.09	0.04	0.055	0.05	0.025	0.035	0.02	0.055
0.09	0.21	0.23	0.095	0.075	0.065	0.06	0.055	0.035	0.025	0.025	0.035
0.09	0.16	0.28	0.185	0.075	0.09	0.035	0.01	0.025	0.025	0.005	0.02
0.08	0.22	0.155	0.17	0.13	0.095	0.02	0.035	0.025	0.02	0.02	0.03
0.15	0.215	0.165	0.065	0.16	0.12	0.03	0.035	0.03	0.005	0	0.025
0.09	0.255	0.17	0.125	0.1	0.115	0.05	0.05	0.01	0.02	0	0.015
0.125	0.2	0.26	0.105	0.09	0.08	0.03	0.01	0.02	0.025	0.02	0.035
0.07	0.26	0.26	0.225	0.075	0.03	0.025	0.02	0.015	0.005	0.005	0.01
0.125	0.215	0.155	0.215	0.095	0.065	0.045	0.02	0.025	0.015	0.005	0.02
0.085	0.27	0.25	0.1	0.12	0.075	0.03	0.005	0.02	0.02	0.005	0.02
0.115	0.19	0.255	0.165	0.105	0.075	0.05	0.025	0.005	0	0.015	0
0.155	0.285	0.175	0.165	0.06	0.055	0.05	0.005	0.025	0.005	0.01	0.01
0.145	0.35	0.21	0.085	0.08	0.045	0.035	0.025	0.005	0.015	0.005	0
0.1	0.36	0.265	0.08	0.065	0.085	0.015	0.01	0.015	0.005	0	0
#wt_age_ind																																	
1 1 1 1 1 1 1 1 1 1 1 1 
1 1 1 1 1 1 1 1 1 1 1 1 
1 1 1 1 1 1 1 1 1 1 1 1 
1 1 1 1 1 1 1 1 1 1 1 1 
1 1 1 1 1 1 1 1 1 1 1 1 
1 1 1 1 1 1 1 1 1 1 1 1 
1 1 1 1 1 1 1 1 1 1 1 1 
1 1 1 1 1 1 1 1 1 1 1 1 
1 1 1 1 1 1 1 1 1 1 1 1 
1 1 1 1 1 1 1 1 1 1 1 1 
1 1 1 1 1 1 1 1 1 1 1 1 
1 1 1 1 1 1 1 1 1 1 1 1 
1 1 1 1 1 1 1 1 1 1 1 1 
1 1 1 1 1 1 1 1 1 1 1 1 
1 1 1 1 1 1 1 1 1 1 1 1 
1 1 1 1 1 1 1 1 1 1 1 1 
1 1 1 1 1 1 1 1 1 1 1 1 
1 1 1 1 1 1 1 1 1 1 1 1 
1 1 1 1 1 1 1 1 1 1 1 1 
1 1 1 1 1 1 1 1 1 1 1 1 
1 1 1 1 1 1 1 1 1 1 1 1 
1 1 1 1 1 1 1 1 1 1 1 1 
1 1 1 1 1 1 1 1 1 1 1 1 
1 1 1 1 1 1 1 1 1 1 1 1 
1 1 1 1 1 1 1 1 1 1 1 1 
1 1 1 1 1 1 1 1 1 1 1 1 
1 1 1 1 1 1 1 1 1 1 1 1 
1 1 1 1 1 1 1 1 1 1 1 1 
1 1 1 1 1 1 1 1 1 1 1 1 
1 1 1 1 1 1 1 1 1 1 1 1 
# wt_pop
0.000530656	0.001196328	0.002058265	0.003034987	0.004055212	0.005064698	0.006026226	0.006916921	0.007724891	0.008446113	0.009081853	0.009636695
#maturity
0.02297737 0.32082130 0.90465054 0.99477987 0.99973881 0.99998699 0.99999935 0.99999997 1 1 1 1
#spmonth																																		
1		
#age_err																																		
1	0	0	0	0	0	0	0	0	0	0	0
0	1	0	0	0	0	0	0	0	0	0	0
0	0	1	0	0	0	0	0	0	0	0	0
0	0	0	1	0	0	0	0	0	0	0	0
0	0	0	0	1	0	0	0	0	0	0	0
0	0	0	0	0	1	0	0	0	0	0	0
0	0	0	0	0	0	1	0	0	0	0	0
0	0	0	0	0	0	0	1	0	0	0	0
0	0	0	0	0	0	0	0	1	0	0	0
0	0	0	0	0	0	0	0	0	1	0	0
0	0	0	0	0	0	0	0	0	0	1	0
0	0	0	0	0	0	0	0	0	0	0	1																														
