# Number of parameters = 73  Objective function value = 26395.9  Maximum gradient component = 0.00120732
# sel_params[1]:
2.00000000000
# sel_params[2]:
1.00000000000
# log_Fmult_year1:
 -4.71179599497
# log_Fmult_devs:
 1.07711547717 0.509263056769 0.312730624304 -0.221611653359 0.592104397767 0.0193804307451 0.743290229718 -0.522341665792 0.191125984232 0.138606966401 0.0768818471747 -0.314245461007 0.367214453006 0.0588952036910 -0.109839167746 0.666641115590 -0.196333586371 -0.00459118148081 -0.0267418138120 0.326042125718 -0.331672674115 0.484447156117 -0.185344490741 0.00854916023390 -0.0948650332607 -0.0187325092639 0.363151739549 -0.261964163965 0.427247922370
# log_recruit_devs:
 -0.0600705295334 0.248766191658 -0.0940291634061 -0.228838689333 0.282829693076 0.281245214094 0.0521192315166 0.0874997130928 -0.0998532316396 0.0652293143132 0.0233948719067 -0.0757967051113 -0.0221238958377 0.106326489817 -0.0229441338945 0.162665798641 0.0796922272610 -0.226924219400 -0.0389688003181 -0.216708043222 0.216610188475 0.0714182055819 -0.180646169724 -0.305503775882 0.0729425456801 -0.257529362935 -0.144041067177 0.0195047703802 0.233697344336 -0.0299640124168
# log_N_year1_devs:
 -0.0133788375995 0.0895878623190 -0.0427984653887 0.0562582366861 0.0460741542167 0.100673262826 -0.0819912402095 -0.133553232012 -0.101876653375 -0.0546632588058 -0.0482325129189
# log_q_year1:
 -7.94242978813
# log_q_devs:
 0.00000000000 0.00000000000 0.00000000000 0.00000000000 0.00000000000 0.00000000000 0.00000000000 0.00000000000 0.00000000000 0.00000000000 0.00000000000 0.00000000000 0.00000000000 0.00000000000 0.00000000000 0.00000000000 0.00000000000 0.00000000000 0.00000000000 0.00000000000 0.00000000000 0.00000000000 0.00000000000 0.00000000000 0.00000000000 0.00000000000 0.00000000000 0.00000000000 0.00000000000
# index_sel_params[1]:
1.50000000000
# index_sel_params[2]:
0.500000000000
# log_SR_scaler:
6.89290097983
# SR_steepness:
0.750000000000
