#######GENERAL HEADER INPUT#######
1
30
1
30
1
30
30
12
1	2	3	4	5	6	7	8	9	10	11	12
12
1	2	3	4	5	6	7	8	9	10	11	12
1
101
1
1
#######SURVEY DATA#######
30
1	2	3	4	5	6	7	8	9	10	11	12	13	14	15	16	17	18	19	20	21	22	23	24	25	26	27	28	29	30
1.32195365130325	1.65753260070741	1.71342192997028	1.48152966834837	1.34157995586074	1.47867171051461	1.81415347339694	1.32173444397125	1.27604920232462	1.20358418786278	1.12683383924055	0.866491796676613	1.09846039240625	0.955290711105433	1.07426490362048	1.09487152708219	1.03968885933609	0.927565302452345	0.703246438784825	0.734034810552868	0.657305490991894	0.773168626511023	0.635755624496228	0.639525192538291	0.529703979925269	0.571930192295624	0.529492669332714	0.605923083815178	0.531957586121803	0.521234333208848
0.2	0.2	0.2	0.2	0.2	0.2	0.2	0.2	0.2	0.2	0.2	0.2	0.2	0.2	0.2	0.2	0.2	0.2	0.2	0.2	0.2	0.2	0.2	0.2	0.2	0.2	0.2	0.2	0.2	0.2
30
1	2	3	4	5	6	7	8	9	10	11	12	13	14	15	16	17	18	19	20	21	22	23	24	25	26	27	28	29	30
200	200	200	200	200	200	200	200	200	200	200	200	200	200	200	200	200	200	200	200	200	200	200	200	200	200	200	200	200	200
200	200	200	200	200	200	200	200	200	200	200	200	200	200	200	200	200	200	200	200	200	200	200	200	200	200	200	200	200	200
0.025	0.14	0.195	0.15	0.095	0.08	0.06	0.05	0.045	0.01	0.05	0.1
0.075	0.15	0.135	0.145	0.08	0.07	0.06	0.065	0.045	0.04	0.005	0.13
0.065	0.15	0.12	0.105	0.12	0.06	0.065	0.03	0.065	0.025	0.05	0.145
0.055	0.115	0.18	0.125	0.09	0.085	0.07	0.045	0.05	0.025	0.035	0.125
0.05	0.175	0.14	0.165	0.095	0.105	0.065	0.04	0.02	0.03	0.025	0.09
0.045	0.205	0.11	0.11	0.115	0.11	0.045	0.04	0.04	0.045	0.025	0.11
0.045	0.245	0.21	0.07	0.095	0.085	0.045	0.055	0.025	0.02	0.025	0.08
0.075	0.14	0.19	0.19	0.065	0.055	0.05	0.05	0.025	0.02	0.025	0.115
0.055	0.23	0.145	0.17	0.135	0.035	0.02	0.06	0.03	0.055	0	0.065
0.06	0.14	0.2	0.1	0.145	0.095	0.03	0.03	0.04	0.035	0.025	0.1
0.09	0.2	0.15	0.11	0.065	0.085	0.065	0.04	0.05	0.03	0.035	0.08
0.05	0.23	0.215	0.145	0.125	0.045	0.045	0.055	0.01	0.02	0.025	0.035
0.075	0.19	0.17	0.125	0.09	0.05	0.08	0.07	0.045	0.01	0.01	0.085
0.115	0.12	0.175	0.17	0.115	0.085	0.08	0.035	0.03	0.025	0.005	0.045
0.09	0.21	0.145	0.12	0.115	0.11	0.03	0.085	0	0.015	0.02	0.06
0.115	0.145	0.17	0.15	0.085	0.065	0.085	0.05	0.04	0.02	0.015	0.06
0.08	0.215	0.185	0.155	0.13	0.085	0.015	0.04	0.025	0.015	0.01	0.045
0.07	0.175	0.27	0.115	0.135	0.045	0.04	0.04	0.025	0.015	0.035	0.035
0.125	0.18	0.245	0.15	0.07	0.055	0.04	0.025	0.025	0.03	0.005	0.05
0.075	0.215	0.135	0.185	0.15	0.065	0.055	0.025	0.035	0.015	0.01	0.035
0.135	0.17	0.21	0.145	0.14	0.055	0.025	0.045	0.03	0.015	0	0.03
0.1	0.32	0.145	0.095	0.125	0.07	0.06	0.005	0.03	0.02	0.005	0.025
0.08	0.26	0.26	0.11	0.11	0.04	0.06	0.02	0.015	0.02	0.01	0.015
0.08	0.275	0.235	0.2	0.08	0.035	0.03	0.015	0.015	0.02	0	0.015
0.165	0.21	0.22	0.19	0.135	0.025	0.015	0.01	0.015	0	0	0.015
0.065	0.31	0.2	0.18	0.12	0.075	0.02	0.01	0.015	0.005	0	0
0.095	0.19	0.28	0.13	0.13	0.07	0.03	0.025	0.025	0.005	0.005	0.015
0.16	0.265	0.19	0.195	0.065	0.055	0.04	0.01	0	0.015	0.005	0
0.085	0.295	0.235	0.17	0.085	0.06	0	0.025	0.015	0.015	0.005	0.01
0.095	0.27	0.28	0.125	0.085	0.07	0.025	0.025	0	0.01	0	0.015
#######LANDINGS DATA#######
1
30
159.631192464394	467.50905920754	756.650453791304	1003.33614409575	766.325280413873	1315.5426684398	1270.0361625678	2488.87478651513	1323.64335471444	1513.39317545231	1622.81078533089	1609.39667562508	1110.33128253205	1529.76092538742	1504.38555551755	1275.477789004	2249.08741548299	1609.68047597117	1468.13448642521	1332.89175829805	1612.12125363634	1072.82301178432	1649.0371683256	1212.74403826718	1118.80500691083	971.706894258067	920.366718372614	1211.4921645908	870.527479955821	1283.26049840762
0.01	0.01	0.01	0.01	0.01	0.01	0.01	0.01	0.01	0.01	0.01	0.01	0.01	0.01	0.01	0.01	0.01	0.01	0.01	0.01	0.01	0.01	0.01	0.01	0.01	0.01	0.01	0.01	0.01	0.01
30
1	2	3	4	5	6	7	8	9	10	11	12	13	14	15	16	17	18	19	20	21	22	23	24	25	26	27	28	29	30
200	200	200	200	200	200	200	200	200	200	200	200	200	200	200	200	200	200	200	200	200	200	200	200	200	200	200	200	200	200
200	200	200	200	200	200	200	200	200	200	200	200	200	200	200	200	200	200	200	200	200	200	200	200	200	200	200	200	200	200
0.075	0.11	0.105	0.135	0.095	0.115	0.085	0.04	0.065	0.015	0.03	0.13
0.095	0.095	0.145	0.085	0.075	0.085	0.07	0.055	0.075	0.045	0.04	0.135
0.07	0.115	0.145	0.09	0.12	0.08	0.1	0.065	0.05	0.02	0.03	0.115
0.055	0.085	0.16	0.105	0.1	0.07	0.065	0.05	0.055	0.045	0.025	0.185
0.11	0.055	0.09	0.12	0.08	0.115	0.07	0.02	0.05	0.065	0.025	0.2
0.075	0.115	0.095	0.15	0.11	0.12	0.025	0.06	0.05	0.035	0.015	0.15
0.045	0.12	0.18	0.115	0.13	0.12	0.05	0.05	0.03	0.04	0.03	0.09
0.1	0.135	0.12	0.145	0.085	0.075	0.11	0.045	0.02	0.025	0.025	0.115
0.075	0.135	0.14	0.11	0.13	0.07	0.085	0.06	0.04	0.025	0.02	0.11
0.12	0.09	0.145	0.1	0.115	0.16	0.045	0.045	0.04	0.025	0.025	0.09
0.065	0.135	0.16	0.13	0.08	0.13	0.075	0.015	0.04	0.04	0.015	0.115
0.08	0.205	0.15	0.155	0.09	0.06	0.07	0.06	0.01	0.01	0.035	0.075
0.065	0.12	0.215	0.14	0.06	0.105	0.05	0.065	0.035	0.01	0.025	0.11
0.145	0.125	0.195	0.155	0.135	0.055	0.045	0.015	0.04	0.035	0.01	0.045
0.09	0.15	0.15	0.125	0.12	0.11	0.07	0.065	0.015	0.025	0.02	0.06
0.115	0.11	0.225	0.19	0.095	0.075	0.055	0.035	0.04	0.02	0.01	0.03
0.105	0.2	0.16	0.15	0.095	0.095	0.045	0.045	0.02	0.025	0.005	0.055
0.075	0.15	0.21	0.105	0.115	0.085	0.04	0.085	0.035	0.01	0.025	0.065
0.145	0.12	0.185	0.16	0.09	0.095	0.07	0.025	0.03	0.035	0.015	0.03
0.1	0.145	0.185	0.13	0.14	0.09	0.065	0.05	0.025	0.02	0.02	0.03
0.16	0.165	0.22	0.135	0.105	0.045	0.05	0.04	0.02	0.005	0.015	0.04
0.195	0.26	0.135	0.115	0.085	0.08	0.065	0.02	0.01	0.015	0.005	0.015
0.1	0.2	0.235	0.125	0.125	0.05	0.055	0.04	0.02	0.015	0.02	0.015
0.16	0.195	0.26	0.135	0.095	0.05	0.02	0.04	0.025	0.005	0.005	0.01
0.155	0.17	0.165	0.205	0.15	0.04	0.035	0.03	0.03	0.01	0.005	0.005
0.095	0.29	0.165	0.14	0.09	0.08	0.05	0.015	0.01	0.015	0.015	0.035
0.13	0.185	0.26	0.16	0.115	0.07	0.035	0.015	0.015	0.005	0	0.01
0.15	0.175	0.23	0.165	0.085	0.07	0.065	0.03	0	0.01	0	0.02
0.235	0.21	0.155	0.115	0.125	0.06	0.025	0.035	0.01	0.015	0.005	0.01
0.155	0.245	0.275	0.095	0.08	0.065	0.025	0.025	0.03	0.005	0	0
#######PARAMETER SECTION#######
800	400	1200	-4	800	-0.25	1
0.18	0.01	1	-4	0.18	-0.25	1
-1.36	-5	-0.001	-4	-1.36	-0.25	1
0.1	0.05	0.3	-4	0.1	-0.25	1
0.2	0.01	0.5	-4	0.2	-0.25	1
0.75	0.20001	1	-3	0.75	-0.25	1
13.815511	-1	200	1	13.815511	-0.25	1
0	-1	1	-4	0	-0.25	1
0.2	1e-04	1.2	-3	0.2	-0.25	1
0	-10	10	-6	0	-1	1
0	-10	10	-6	0	-1	1
2	0	12	-2	2	-0.5	1
1	0	12	-2	1	-0.5	1
2	0	12	-2	2	-0.5	1
1	0	12	-2	1	-0.5	1
1.5	0	12	-2	1.5	-0.5	1
2	0	12	-2	2	-0.5	1
-14.8682006803499	-30	5	1	-14.8682006803499	-1	1
1	0.1	2	-1	1	-1	1
-1.51930887058023	-10	1.39	1	-1.51930887058023	-1	1
#######DEV CONSTRAINTS and DEVS#######
-15	15	2
-15	15	2
-15	15	2
0	0	0	0	0	0	0	0	0	0	0	0	0	0	0	0	0	0	0	0	0	0	0	0	0	0	0	0	0	0
0	0	0	0	0	0	0	0	0	0	0	0	0	0	0	0	0	0	0	0	0	0	0	0	0	0	0	0	0	0
0	0	0	0	0	0	0	0	0	0	0
#######LIKELIHOOD WEIGHTS#######
1
1
1
1
0
1
0
0
0
#######MISCELLANEOUS STUFF SECTION#######
2.5e-08
3
0.5	0.5	0.5	0.5	0.5	0.5	0.5	0.5	0.5	0.5	0.5	0.5
0.0229773699100256	0.320821300824607	0.904650535100891	0.994779874306442	0.999738809680904	0.999986992871533	0.999999352405202	0.999999967758134	0.999999998394772	0.99999999992008	0.999999999996021	0.999999999999802
0.2	0.2	0.2	0.2	0.2	0.2	0.2	0.2	0.2	0.2	0.2	0.2
0
1
10
0.2
1
1	0	0	0	0	0	0	0	0	0	0	0
0	1	0	0	0	0	0	0	0	0	0	0
0	0	1	0	0	0	0	0	0	0	0	0
0	0	0	1	0	0	0	0	0	0	0	0
0	0	0	0	1	0	0	0	0	0	0	0
0	0	0	0	0	1	0	0	0	0	0	0
0	0	0	0	0	0	1	0	0	0	0	0
0	0	0	0	0	0	0	1	0	0	0	0
0	0	0	0	0	0	0	0	1	0	0	0
0	0	0	0	0	0	0	0	0	1	0	0
0	0	0	0	0	0	0	0	0	0	1	0
0	0	0	0	0	0	0	0	0	0	0	1
40
31
2
1
#######END OF DATA FILE#######
999
