#######GENERAL HEADER INPUT#######
1
30
1
30
1
30
30
12
1	2	3	4	5	6	7	8	9	10	11	12
12
1	2	3	4	5	6	7	8	9	10	11	12
1
101
1
1
#######SURVEY DATA#######
30
1	2	3	4	5	6	7	8	9	10	11	12	13	14	15	16	17	18	19	20	21	22	23	24	25	26	27	28	29	30
1.62599027395075	1.58256587587375	1.37456206671898	1.36977547678845	1.49496860012175	1.46329792670748	1.56842643076685	1.3695924836018	1.38082588812899	1.18567728981073	1.20486227799149	1.18533835445176	0.989678773150155	1.07438038929088	0.910909080807003	0.860044643866371	0.932889532962453	0.904794326534512	0.854907579873511	0.751970737038877	0.820469912298107	0.632843141928532	0.639151040513876	0.631661064382321	0.614305686145716	0.479456591127619	0.573220782153724	0.509895067727347	0.580024621265285	0.494377379581086
0.2	0.2	0.2	0.2	0.2	0.2	0.2	0.2	0.2	0.2	0.2	0.2	0.2	0.2	0.2	0.2	0.2	0.2	0.2	0.2	0.2	0.2	0.2	0.2	0.2	0.2	0.2	0.2	0.2	0.2
30
1	2	3	4	5	6	7	8	9	10	11	12	13	14	15	16	17	18	19	20	21	22	23	24	25	26	27	28	29	30
200	200	200	200	200	200	200	200	200	200	200	200	200	200	200	200	200	200	200	200	200	200	200	200	200	200	200	200	200	200
200	200	200	200	200	200	200	200	200	200	200	200	200	200	200	200	200	200	200	200	200	200	200	200	200	200	200	200	200	200
0.09	0.085	0.165	0.125	0.06	0.135	0.095	0.04	0.025	0.025	0.01	0.145
0.07	0.115	0.12	0.135	0.115	0.08	0.06	0.035	0.055	0.025	0.05	0.14
0.085	0.145	0.145	0.14	0.125	0.07	0.035	0.025	0.055	0.035	0.03	0.11
0.065	0.11	0.16	0.135	0.125	0.065	0.06	0.065	0.02	0.02	0.035	0.14
0.085	0.11	0.165	0.105	0.125	0.06	0.08	0.09	0.035	0.03	0.005	0.11
0.095	0.185	0.13	0.11	0.125	0.07	0.09	0.04	0.045	0.01	0.01	0.09
0.075	0.165	0.24	0.125	0.065	0.08	0.03	0.035	0.035	0.03	0.025	0.095
0.105	0.145	0.195	0.14	0.055	0.06	0.07	0.07	0.03	0.02	0.03	0.08
0.06	0.195	0.135	0.165	0.125	0.075	0.055	0.05	0.04	0.005	0.015	0.08
0.085	0.17	0.19	0.095	0.105	0.1	0.065	0.055	0.035	0.02	0.015	0.065
0.075	0.22	0.1	0.145	0.125	0.12	0.055	0.03	0.025	0.025	0.025	0.055
0.045	0.175	0.215	0.11	0.145	0.065	0.06	0.055	0.02	0.02	0.015	0.075
0.08	0.16	0.185	0.16	0.105	0.055	0.055	0.05	0.065	0.015	0.02	0.05
0.105	0.145	0.15	0.18	0.13	0.075	0.045	0.01	0.055	0.03	0.02	0.055
0.1	0.27	0.125	0.13	0.09	0.055	0.055	0.03	0.03	0.03	0.02	0.065
0.095	0.155	0.165	0.195	0.12	0.085	0.05	0.035	0.015	0.01	0.015	0.06
0.105	0.205	0.19	0.15	0.075	0.07	0.06	0.05	0.015	0.005	0.025	0.05
0.1	0.23	0.165	0.125	0.075	0.045	0.055	0.05	0.05	0.045	0.02	0.04
0.09	0.17	0.22	0.215	0.075	0.075	0.025	0.02	0.025	0.02	0.02	0.045
0.105	0.165	0.145	0.22	0.115	0.1	0.04	0.005	0.035	0.02	0.005	0.045
0.13	0.17	0.23	0.125	0.1	0.075	0.03	0.065	0.04	0.01	0.01	0.015
0.13	0.31	0.175	0.135	0.085	0.05	0.04	0.03	0.005	0.015	0.01	0.015
0.075	0.31	0.245	0.11	0.07	0.025	0.06	0.04	0.03	0.01	0.01	0.015
0.07	0.205	0.285	0.225	0.095	0.055	0.025	0.01	0.01	0	0.01	0.01
0.12	0.175	0.225	0.175	0.145	0.04	0.025	0.03	0.02	0.025	0.005	0.015
0.105	0.27	0.185	0.145	0.125	0.085	0.01	0.02	0.015	0.025	0	0.015
0.095	0.23	0.285	0.105	0.09	0.08	0.07	0.01	0.005	0	0.02	0.01
0.145	0.26	0.185	0.195	0.07	0.05	0.045	0.015	0.015	0	0.01	0.01
0.17	0.275	0.215	0.14	0.09	0.05	0.015	0.01	0.02	0.005	0.005	0.005
0.125	0.33	0.235	0.105	0.06	0.055	0.03	0.025	0.005	0.015	0.01	0.005
#######LANDINGS DATA#######
1
30
160.354519903235	466.878293050961	757.616139149317	1001.41381342653	762.749301010036	1331.8662365951	1274.62405435966	2493.20263881675	1334.49627670195	1530.90961220922	1637.59180828603	1614.10056461606	1106.97315885522	1538.55910238963	1509.19786938093	1275.59255744012	2253.26180929929	1603.20873349541	1456.55303951845	1310.63205182932	1632.28601503644	1071.42273452361	1634.06115178431	1207.87874913708	1114.8249113731	972.823815315772	933.60912185554	1212.25198651849	874.383706906168	1267.34561919382
0.01	0.01	0.01	0.01	0.01	0.01	0.01	0.01	0.01	0.01	0.01	0.01	0.01	0.01	0.01	0.01	0.01	0.01	0.01	0.01	0.01	0.01	0.01	0.01	0.01	0.01	0.01	0.01	0.01	0.01
30
1	2	3	4	5	6	7	8	9	10	11	12	13	14	15	16	17	18	19	20	21	22	23	24	25	26	27	28	29	30
200	200	200	200	200	200	200	200	200	200	200	200	200	200	200	200	200	200	200	200	200	200	200	200	200	200	200	200	200	200
200	200	200	200	200	200	200	200	200	200	200	200	200	200	200	200	200	200	200	200	200	200	200	200	200	200	200	200	200	200
0.05	0.105	0.115	0.115	0.09	0.09	0.11	0.075	0.035	0.055	0.035	0.125
0.065	0.1	0.105	0.095	0.115	0.105	0.08	0.06	0.065	0.055	0.03	0.125
0.055	0.16	0.125	0.115	0.135	0.075	0.035	0.095	0.025	0.055	0.025	0.1
0.055	0.08	0.19	0.13	0.11	0.055	0.1	0.055	0.035	0.03	0.01	0.15
0.1	0.075	0.115	0.125	0.11	0.1	0.095	0.05	0.04	0.045	0.035	0.11
0.075	0.2	0.12	0.13	0.115	0.065	0.045	0.04	0.04	0.035	0.04	0.095
0.055	0.16	0.175	0.07	0.095	0.115	0.045	0.05	0.02	0.02	0.045	0.15
0.095	0.12	0.19	0.11	0.105	0.08	0.04	0.06	0.045	0.035	0.025	0.095
0.12	0.125	0.125	0.155	0.155	0.06	0.05	0.025	0.045	0.015	0.03	0.095
0.075	0.165	0.17	0.12	0.095	0.1	0.035	0.065	0.03	0.04	0.03	0.075
0.11	0.13	0.205	0.135	0.065	0.09	0.085	0.025	0.015	0.035	0.02	0.085
0.085	0.13	0.165	0.165	0.1	0.055	0.075	0.07	0.035	0.015	0.025	0.08
0.095	0.115	0.15	0.195	0.09	0.095	0.045	0.06	0.045	0.005	0.045	0.06
0.105	0.115	0.185	0.145	0.14	0.07	0.055	0.04	0.02	0.025	0.02	0.08
0.105	0.175	0.195	0.1	0.1	0.09	0.045	0.045	0.04	0.035	0.02	0.05
0.09	0.16	0.215	0.14	0.095	0.065	0.07	0.025	0.04	0.02	0.025	0.055
0.135	0.18	0.11	0.17	0.095	0.065	0.07	0.05	0.04	0.04	0.005	0.04
0.12	0.14	0.19	0.17	0.11	0.075	0.055	0.025	0.03	0.03	0.01	0.045
0.135	0.14	0.26	0.145	0.075	0.07	0.055	0.035	0.035	0.02	0.005	0.025
0.135	0.185	0.165	0.115	0.135	0.065	0.04	0.04	0.055	0.01	0.015	0.04
0.12	0.115	0.2	0.12	0.155	0.115	0.045	0.04	0.025	0.015	0.02	0.03
0.18	0.2	0.145	0.11	0.125	0.07	0.075	0.02	0.03	0.015	0.015	0.015
0.135	0.19	0.28	0.11	0.06	0.055	0.065	0.015	0.035	0.015	0.005	0.035
0.135	0.17	0.22	0.2	0.055	0.095	0.04	0.035	0.02	0.005	0	0.025
0.16	0.175	0.18	0.15	0.16	0.035	0.035	0.015	0.04	0	0.015	0.035
0.135	0.23	0.155	0.135	0.14	0.105	0.045	0.02	0.005	0.005	0.01	0.015
0.1	0.18	0.3	0.155	0.065	0.07	0.055	0.03	0.005	0.005	0.01	0.025
0.175	0.195	0.165	0.21	0.09	0.06	0.035	0.02	0.01	0.02	0.005	0.015
0.165	0.2	0.24	0.1	0.13	0.07	0.025	0.025	0.02	0.005	0	0.02
0.145	0.285	0.19	0.135	0.06	0.09	0.035	0.015	0.03	0.01	0	0.005
#######PARAMETER SECTION#######
800	400	1200	-4	800	-0.25	1
0.18	0.01	1	-4	0.18	-0.25	1
-1.36	-5	-0.001	-4	-1.36	-0.25	1
0.1	0.05	0.3	-4	0.1	-0.25	1
0.2	0.01	0.5	-4	0.2	-0.25	1
0.75	0.20001	1	-3	0.75	-0.25	1
13.815511	-1	200	1	13.815511	-0.25	1
0	-1	1	-4	0	-0.25	1
0.2	1e-04	1.2	-3	0.2	-0.25	1
0	-10	10	-6	0	-1	1
0	-10	10	-6	0	-1	1
2	0	12	-2	2	-0.5	1
1	0	12	-2	1	-0.5	1
2	0	12	-2	2	-0.5	1
1	0	12	-2	1	-0.5	1
1.5	0	12	-2	1.5	-0.5	1
2	0	12	-2	2	-0.5	1
-14.8682006803499	-30	5	1	-14.8682006803499	-1	1
1	0.1	2	-1	1	-1	1
-1.51930887058023	-10	1.39	1	-1.51930887058023	-1	1
#######DEV CONSTRAINTS and DEVS#######
-15	15	2
-15	15	2
-15	15	2
0	0	0	0	0	0	0	0	0	0	0	0	0	0	0	0	0	0	0	0	0	0	0	0	0	0	0	0	0	0
0	0	0	0	0	0	0	0	0	0	0	0	0	0	0	0	0	0	0	0	0	0	0	0	0	0	0	0	0	0
0	0	0	0	0	0	0	0	0	0	0
#######LIKELIHOOD WEIGHTS#######
1
1
1
1
0
1
0
0
0
#######MISCELLANEOUS STUFF SECTION#######
2.5e-08
3
0.5	0.5	0.5	0.5	0.5	0.5	0.5	0.5	0.5	0.5	0.5	0.5
0.0229773699100256	0.320821300824607	0.904650535100891	0.994779874306442	0.999738809680904	0.999986992871533	0.999999352405202	0.999999967758134	0.999999998394772	0.99999999992008	0.999999999996021	0.999999999999802
0.2	0.2	0.2	0.2	0.2	0.2	0.2	0.2	0.2	0.2	0.2	0.2
0
1
10
0.2
1
1	0	0	0	0	0	0	0	0	0	0	0
0	1	0	0	0	0	0	0	0	0	0	0
0	0	1	0	0	0	0	0	0	0	0	0
0	0	0	1	0	0	0	0	0	0	0	0
0	0	0	0	1	0	0	0	0	0	0	0
0	0	0	0	0	1	0	0	0	0	0	0
0	0	0	0	0	0	1	0	0	0	0	0
0	0	0	0	0	0	0	1	0	0	0	0
0	0	0	0	0	0	0	0	1	0	0	0
0	0	0	0	0	0	0	0	0	1	0	0
0	0	0	0	0	0	0	0	0	0	1	0
0	0	0	0	0	0	0	0	0	0	0	1
40
31
2
1
#######END OF DATA FILE#######
999
