#######GENERAL HEADER INPUT#######
1
30
1
30
1
30
30
12
1	2	3	4	5	6	7	8	9	10	11	12
12
1	2	3	4	5	6	7	8	9	10	11	12
1
101
1
1
#######SURVEY DATA#######
30
1	2	3	4	5	6	7	8	9	10	11	12	13	14	15	16	17	18	19	20	21	22	23	24	25	26	27	28	29	30
1.57581901116494	1.54849846505748	1.75162295497971	1.51529126278401	1.36419798560306	1.65391615046275	1.55981463287355	1.40383635381918	1.15001095895428	1.27823671921463	1.32572068214832	1.12965133753768	1.11127550187505	1.19193489056916	1.00482243112047	1.05452234605285	0.807143708488509	0.861452057596358	0.788062263781669	0.727294984129273	0.696529628111135	0.62351494574265	0.841440813613854	0.591810023159159	0.540400407042914	0.523271093149851	0.510279323868382	0.507988219469066	0.502281058781276	0.646157140878372
0.2	0.2	0.2	0.2	0.2	0.2	0.2	0.2	0.2	0.2	0.2	0.2	0.2	0.2	0.2	0.2	0.2	0.2	0.2	0.2	0.2	0.2	0.2	0.2	0.2	0.2	0.2	0.2	0.2	0.2
30
1	2	3	4	5	6	7	8	9	10	11	12	13	14	15	16	17	18	19	20	21	22	23	24	25	26	27	28	29	30
200	200	200	200	200	200	200	200	200	200	200	200	200	200	200	200	200	200	200	200	200	200	200	200	200	200	200	200	200	200
200	200	200	200	200	200	200	200	200	200	200	200	200	200	200	200	200	200	200	200	200	200	200	200	200	200	200	200	200	200
0.065	0.12	0.125	0.14	0.08	0.11	0.07	0.055	0.025	0.06	0.05	0.1
0.075	0.16	0.145	0.08	0.115	0.085	0.075	0.05	0.03	0.02	0.04	0.125
0.05	0.13	0.115	0.185	0.145	0.095	0.045	0.045	0.025	0.04	0.035	0.09
0.045	0.14	0.175	0.11	0.11	0.12	0.06	0.045	0.03	0.04	0.005	0.12
0.105	0.105	0.14	0.145	0.11	0.07	0.065	0.035	0.04	0.035	0.015	0.135
0.085	0.195	0.115	0.105	0.125	0.075	0.045	0.05	0.065	0.015	0.03	0.095
0.065	0.165	0.22	0.065	0.085	0.11	0.11	0.04	0.03	0.025	0.015	0.07
0.095	0.12	0.135	0.21	0.055	0.07	0.055	0.06	0.07	0.02	0.015	0.095
0.075	0.12	0.215	0.205	0.1	0.055	0.03	0.05	0.02	0.025	0.035	0.07
0.055	0.17	0.18	0.1	0.125	0.145	0.02	0.06	0.055	0.02	0.02	0.05
0.075	0.195	0.22	0.145	0.085	0.055	0.045	0.025	0.035	0.035	0.015	0.07
0.07	0.175	0.175	0.13	0.145	0.04	0.09	0.055	0.025	0.01	0.035	0.05
0.05	0.12	0.155	0.155	0.135	0.095	0.075	0.065	0.055	0.015	0.01	0.07
0.075	0.16	0.165	0.195	0.1	0.055	0.065	0.025	0.06	0.035	0.015	0.05
0.08	0.18	0.155	0.14	0.13	0.105	0.07	0.05	0.015	0.015	0.015	0.045
0.165	0.18	0.165	0.11	0.1	0.06	0.035	0.07	0.03	0.01	0.02	0.055
0.085	0.215	0.115	0.175	0.105	0.06	0.09	0.035	0.025	0.005	0.035	0.055
0.065	0.22	0.205	0.11	0.105	0.1	0.065	0.04	0.035	0.01	0.015	0.03
0.125	0.17	0.28	0.125	0.06	0.07	0.06	0.035	0.02	0.015	0.015	0.025
0.065	0.215	0.185	0.195	0.125	0.08	0.055	0.025	0.02	0.02	0.005	0.01
0.12	0.18	0.205	0.155	0.13	0.08	0.045	0.025	0.015	0.015	0.005	0.025
0.1	0.295	0.125	0.17	0.095	0.075	0.05	0.02	0.035	0.01	0	0.025
0.1	0.255	0.305	0.105	0.065	0.055	0.03	0.045	0.01	0.005	0.005	0.02
0.085	0.18	0.245	0.23	0.08	0.04	0.035	0.04	0.035	0.01	0.01	0.01
0.155	0.19	0.24	0.195	0.065	0.055	0.03	0.03	0.015	0.005	0.01	0.01
0.08	0.315	0.21	0.165	0.1	0.05	0.025	0.025	0.005	0.015	0.005	0.005
0.135	0.215	0.265	0.12	0.085	0.07	0.04	0.045	0.005	0	0	0.02
0.165	0.2	0.205	0.15	0.1	0.055	0.045	0.035	0.025	0	0.01	0.01
0.155	0.26	0.215	0.12	0.095	0.035	0.055	0.01	0.03	0.005	0	0.02
0.125	0.365	0.23	0.12	0.05	0.03	0.03	0.01	0.015	0.015	0	0.01
#######LANDINGS DATA#######
1
30
160.722078752345	471.602933273918	763.079134429796	989.702962178884	757.806355260025	1327.51435453512	1279.79655031796	2490.73345175177	1318.86619690731	1529.80574883523	1615.88429873735	1621.00231894846	1106.06820302073	1527.20820005035	1504.78073317996	1279.26138608666	2240.50297965585	1614.49728390154	1463.1241860999	1317.47611007095	1625.01746518137	1072.32499477965	1622.01303215445	1208.06997727829	1119.07915692123	973.847619671905	923.970393251726	1209.223870446	878.225965323946	1273.4236562578
0.01	0.01	0.01	0.01	0.01	0.01	0.01	0.01	0.01	0.01	0.01	0.01	0.01	0.01	0.01	0.01	0.01	0.01	0.01	0.01	0.01	0.01	0.01	0.01	0.01	0.01	0.01	0.01	0.01	0.01
30
1	2	3	4	5	6	7	8	9	10	11	12	13	14	15	16	17	18	19	20	21	22	23	24	25	26	27	28	29	30
200	200	200	200	200	200	200	200	200	200	200	200	200	200	200	200	200	200	200	200	200	200	200	200	200	200	200	200	200	200
200	200	200	200	200	200	200	200	200	200	200	200	200	200	200	200	200	200	200	200	200	200	200	200	200	200	200	200	200	200
0.045	0.105	0.16	0.165	0.085	0.05	0.07	0.06	0.025	0.035	0.03	0.17
0.095	0.115	0.15	0.09	0.11	0.07	0.08	0.085	0.045	0.03	0.02	0.11
0.05	0.16	0.145	0.15	0.085	0.055	0.085	0.055	0.07	0.02	0.05	0.075
0.05	0.1	0.14	0.12	0.13	0.09	0.085	0.06	0.05	0.03	0.04	0.105
0.12	0.08	0.11	0.185	0.1	0.075	0.06	0.075	0.035	0.04	0.03	0.09
0.075	0.11	0.135	0.105	0.125	0.06	0.125	0.065	0.03	0.03	0.03	0.11
0.08	0.135	0.205	0.075	0.095	0.095	0.06	0.055	0.035	0.03	0.025	0.11
0.12	0.115	0.18	0.16	0.05	0.055	0.075	0.065	0.045	0.035	0.005	0.095
0.08	0.115	0.155	0.155	0.13	0.075	0.075	0.065	0.025	0.005	0.035	0.085
0.1	0.12	0.13	0.11	0.145	0.115	0.05	0.045	0.035	0.04	0.035	0.075
0.11	0.12	0.17	0.15	0.11	0.07	0.08	0.025	0.04	0.02	0.01	0.095
0.085	0.095	0.165	0.155	0.14	0.1	0.07	0.05	0.01	0.01	0.025	0.095
0.065	0.12	0.165	0.175	0.135	0.105	0.045	0.03	0.07	0.005	0.015	0.07
0.135	0.115	0.13	0.13	0.175	0.07	0.065	0.05	0.045	0.015	0.01	0.06
0.125	0.145	0.17	0.1	0.09	0.105	0.08	0.045	0.015	0.025	0.03	0.07
0.105	0.135	0.16	0.14	0.125	0.06	0.075	0.05	0.035	0.055	0.015	0.045
0.115	0.14	0.155	0.155	0.105	0.12	0.05	0.06	0.03	0.015	0.015	0.04
0.08	0.175	0.23	0.185	0.095	0.055	0.03	0.055	0.045	0.015	0.005	0.03
0.145	0.105	0.21	0.13	0.105	0.08	0.045	0.03	0.03	0.035	0.03	0.055
0.095	0.15	0.165	0.195	0.1	0.09	0.055	0.04	0.025	0.03	0.015	0.04
0.175	0.195	0.135	0.135	0.09	0.085	0.05	0.045	0.02	0.01	0.035	0.025
0.175	0.255	0.135	0.12	0.105	0.075	0.04	0.045	0.015	0.01	0.005	0.02
0.115	0.22	0.265	0.07	0.08	0.04	0.065	0.05	0.035	0.025	0.01	0.025
0.105	0.18	0.225	0.205	0.085	0.085	0.05	0.04	0.005	0	0	0.02
0.175	0.18	0.175	0.195	0.135	0.045	0.015	0.025	0.02	0.015	0.015	0.005
0.145	0.19	0.175	0.205	0.085	0.105	0.035	0.015	0.015	0.01	0.005	0.015
0.145	0.17	0.23	0.125	0.06	0.14	0.06	0.02	0	0.01	0.005	0.035
0.17	0.24	0.18	0.16	0.08	0.07	0.06	0.02	0.01	0.005	0	0.005
0.16	0.28	0.17	0.16	0.12	0.045	0.01	0.02	0.005	0.005	0.01	0.015
0.19	0.26	0.215	0.095	0.08	0.06	0.04	0.02	0.03	0	0	0.01
#######PARAMETER SECTION#######
800	400	1200	-4	800	-0.25	1
0.18	0.01	1	-4	0.18	-0.25	1
-1.36	-5	-0.001	-4	-1.36	-0.25	1
0.1	0.05	0.3	-4	0.1	-0.25	1
0.2	0.01	0.5	-4	0.2	-0.25	1
0.75	0.20001	1	-3	0.75	-0.25	1
13.815511	-1	200	1	13.815511	-0.25	1
0	-1	1	-4	0	-0.25	1
0.2	1e-04	1.2	-3	0.2	-0.25	1
0	-10	10	-6	0	-1	1
0	-10	10	-6	0	-1	1
2	0	12	-2	2	-0.5	1
1	0	12	-2	1	-0.5	1
2	0	12	-2	2	-0.5	1
1	0	12	-2	1	-0.5	1
1.5	0	12	-2	1.5	-0.5	1
2	0	12	-2	2	-0.5	1
-14.8682006803499	-30	5	1	-14.8682006803499	-1	1
1	0.1	2	-1	1	-1	1
-1.51930887058023	-10	1.39	1	-1.51930887058023	-1	1
#######DEV CONSTRAINTS and DEVS#######
-15	15	2
-15	15	2
-15	15	2
0	0	0	0	0	0	0	0	0	0	0	0	0	0	0	0	0	0	0	0	0	0	0	0	0	0	0	0	0	0
0	0	0	0	0	0	0	0	0	0	0	0	0	0	0	0	0	0	0	0	0	0	0	0	0	0	0	0	0	0
0	0	0	0	0	0	0	0	0	0	0
#######LIKELIHOOD WEIGHTS#######
1
1
1
1
0
1
0
0
0
#######MISCELLANEOUS STUFF SECTION#######
2.5e-08
3
0.5	0.5	0.5	0.5	0.5	0.5	0.5	0.5	0.5	0.5	0.5	0.5
0.0229773699100256	0.320821300824607	0.904650535100891	0.994779874306442	0.999738809680904	0.999986992871533	0.999999352405202	0.999999967758134	0.999999998394772	0.99999999992008	0.999999999996021	0.999999999999802
0.2	0.2	0.2	0.2	0.2	0.2	0.2	0.2	0.2	0.2	0.2	0.2
0
1
10
0.2
1
1	0	0	0	0	0	0	0	0	0	0	0
0	1	0	0	0	0	0	0	0	0	0	0
0	0	1	0	0	0	0	0	0	0	0	0
0	0	0	1	0	0	0	0	0	0	0	0
0	0	0	0	1	0	0	0	0	0	0	0
0	0	0	0	0	1	0	0	0	0	0	0
0	0	0	0	0	0	1	0	0	0	0	0
0	0	0	0	0	0	0	1	0	0	0	0
0	0	0	0	0	0	0	0	1	0	0	0
0	0	0	0	0	0	0	0	0	1	0	0
0	0	0	0	0	0	0	0	0	0	1	0
0	0	0	0	0	0	0	0	0	0	0	1
40
31
2
1
#######END OF DATA FILE#######
999
