# Number of parameters = 73  Objective function value = 26391.2  Maximum gradient component = 0.00179162
# sel_params[1]:
2.00000000000
# sel_params[2]:
1.00000000000
# log_Fmult_year1:
 -4.71429677359
# log_Fmult_devs:
 1.07561012740 0.512943978074 0.313716197120 -0.223504345020 0.606639749968 0.0135908241846 0.737528428006 -0.519318650494 0.197121617993 0.127103634104 0.0728490225385 -0.328004996622 0.367164664459 0.0561294047359 -0.102322232680 0.673560663509 -0.198419580654 -0.00797700767468 -0.0187373210579 0.331417659252 -0.330871960654 0.488068836258 -0.201573502698 -0.0245711208890 -0.105472416895 -0.0378370514982 0.325996294280 -0.290147399454 0.400642170064
# log_recruit_devs:
 0.0164740926171 0.171206313984 -0.100349108421 -0.282526678401 0.314616444420 0.215988593183 -0.0728375661283 0.0828156557099 -0.0557858742176 0.0655554027318 0.156178523890 -0.0607799031032 -0.105302665015 0.0303841923955 -0.117609716282 0.109452244660 0.0874116919248 -0.225056235317 -0.124540933804 -0.215959837055 0.141163793638 0.187815254484 -0.141954076855 -0.232418310684 0.101917853395 -0.223499109034 -0.0753816744973 0.0462349961355 0.145497079091 0.161289556553
# log_N_year1_devs:
 -0.0205493539423 -0.0733348930168 0.0106945013261 -0.0763052485581 -0.0362535453196 0.0956739573564 0.134002502961 -0.0539779806360 -0.0225402419738 -0.0790729073452 -0.0463120395142
# log_q_year1:
 -8.00401155890
# log_q_devs:
 0.00000000000 0.00000000000 0.00000000000 0.00000000000 0.00000000000 0.00000000000 0.00000000000 0.00000000000 0.00000000000 0.00000000000 0.00000000000 0.00000000000 0.00000000000 0.00000000000 0.00000000000 0.00000000000 0.00000000000 0.00000000000 0.00000000000 0.00000000000 0.00000000000 0.00000000000 0.00000000000 0.00000000000 0.00000000000 0.00000000000 0.00000000000 0.00000000000 0.00000000000
# index_sel_params[1]:
1.50000000000
# index_sel_params[2]:
0.500000000000
# log_SR_scaler:
6.91993029984
# SR_steepness:
0.750000000000
