# Number of parameters = 73  Objective function value = 26267.5  Maximum gradient component = 0.000846263
# sel_params[1]:
2.00000000000
# sel_params[2]:
1.00000000000
# log_Fmult_year1:
 -4.66549858853
# log_Fmult_devs:
 1.07385685710 0.506130771095 0.311284043688 -0.226026926937 0.586009707588 0.0137149051095 0.757304604621 -0.532674599708 0.193699070839 0.142365710925 0.0569861903751 -0.326595468741 0.366523383568 0.0609386876720 -0.112098649609 0.662856599750 -0.183726862778 0.00227808475972 -0.0195861971859 0.336566270315 -0.321175405680 0.490048979624 -0.203574852895 -0.00708285461807 -0.0793141714454 -0.0276456770000 0.333366237197 -0.280737175809 0.417311979087
# log_recruit_devs:
 0.0333153508133 0.190837947789 -0.0676963341280 -0.136273025777 0.252774258027 0.176132059708 -0.123048597728 0.129604142417 0.0155376740400 0.119905086388 0.113057799252 -0.0822320980036 -0.0238449216575 0.0522884862915 -0.0916791917907 0.119226678395 0.00162191037879 -0.256121316135 -0.134028092729 -0.213888009700 0.177905071997 0.184469990425 -0.123610806412 -0.296168349561 0.0807202260142 -0.277927808540 -0.0624586030329 0.116274975244 0.241387362623 -0.116081864607
# log_N_year1_devs:
 -0.00109987746842 -0.0791189852027 -0.0366215186650 -0.0131362901768 0.0212042637287 -0.000693965645521 -0.143967341185 0.103457032465 -0.319476359393 -0.455319063005 -0.0721218865552
# log_q_year1:
 -7.97818036019
# log_q_devs:
 0.00000000000 0.00000000000 0.00000000000 0.00000000000 0.00000000000 0.00000000000 0.00000000000 0.00000000000 0.00000000000 0.00000000000 0.00000000000 0.00000000000 0.00000000000 0.00000000000 0.00000000000 0.00000000000 0.00000000000 0.00000000000 0.00000000000 0.00000000000 0.00000000000 0.00000000000 0.00000000000 0.00000000000 0.00000000000 0.00000000000 0.00000000000 0.00000000000 0.00000000000
# index_sel_params[1]:
1.50000000000
# index_sel_params[2]:
0.500000000000
# log_SR_scaler:
6.91368043328
# SR_steepness:
0.750000000000
