#styr																																				
1
#endyr																																			
30
#rec_age																																	
1																																						#n_ages																																		
12
# numbers of length intervals
81
#Length	bin
10	11	12	13	14	15	16	17	18	19	20	21	22	23	24	25	26	27	28	29	30	31	32	33	34	35	36	37	38	39	40	41	42	43	44	45	46	47	48	49	50	51	52	53	54	55	56	57	58	59	60	61	62	63	64	65	66	67	68	69	70	71	72	73	74	75	76	77	78	79	80	81	82	83	84	85	86	87	88	89	90
#nfsh
1
#names_fsh
OM1																																				
#catch																																			
161.244579474782	467.688959208379	764.305603657514	1004.59262069588	768.089506411498	1323.22923970989	1283.55038716246	2480.1248992556	1331.09219887373	1526.84626763838	1639.8257749172	1621.48318609062	1111.98212901762	1526.81191971025	1518.11830610218	1274.75363876567	2254.49237514136	1633.09616483217	1462.28837642388	1318.6159986529	1635.62477550609	1075.91489859557	1631.69369293941	1200.88700451941	1112.09976305957	973.476592323038	928.288406639966	1205.41919848219	870.876122655101	1268.56069028559
#catch_cv																																		
0.01	0.01	0.01	0.01	0.01	0.01	0.01	0.01	0.01	0.01	0.01	0.01	0.01	0.01	0.01	0.01	0.01	0.01	0.01	0.01	0.01	0.01	0.01	0.01	0.01	0.01	0.01	0.01	0.01	0.01
#n_ages_fsh																															
30																			
#n_lengths_fsh																															
0																																						
#yrs_ages_fsh																																
1	2	3	4	5	6	7	8	9	10	11	12	13	14	15	16	17	18	19	20	21	22	23	24	25	26	27	28	29	30						
#sample_ages_fsh																														
200	200	200	200	200	200	200	200	200	200	200	200	200	200	200	200	200	200	200	200	200	200	200	200	200	200	200	200	200	200
#page_fsh	2	3	4	5	6	7	8	9	10	11																						
0.045	0.115	0.105	0.155	0.105	0.09	0.105	0.06	0.03	0.07	0.01	0.11
0.085	0.115	0.09	0.14	0.115	0.08	0.07	0.065	0.04	0.055	0.015	0.13
0.055	0.105	0.145	0.1	0.14	0.08	0.105	0.06	0.025	0.045	0.025	0.115
0.05	0.095	0.21	0.105	0.105	0.045	0.055	0.045	0.05	0.035	0.04	0.165
0.065	0.055	0.185	0.125	0.135	0.115	0.08	0.06	0.07	0.03	0.02	0.06
0.105	0.185	0.075	0.14	0.13	0.055	0.075	0.05	0.025	0.04	0.01	0.11
0.05	0.175	0.195	0.055	0.105	0.115	0.045	0.03	0.045	0.02	0.015	0.15
0.1	0.095	0.16	0.205	0.055	0.07	0.065	0.03	0.025	0.035	0.02	0.14
0.055	0.145	0.15	0.125	0.185	0.055	0.075	0.045	0.03	0.015	0.035	0.085
0.085	0.14	0.145	0.14	0.13	0.16	0.045	0.04	0.025	0.015	0.015	0.06
0.125	0.125	0.155	0.145	0.1	0.105	0.04	0.045	0.025	0.035	0.025	0.075
0.065	0.16	0.18	0.15	0.08	0.105	0.05	0.04	0.02	0.015	0.04	0.095
0.085	0.1	0.175	0.17	0.095	0.095	0.055	0.07	0.045	0.015	0.025	0.07
0.09	0.145	0.175	0.12	0.135	0.065	0.075	0.025	0.035	0.06	0.015	0.06
0.13	0.125	0.15	0.13	0.125	0.085	0.06	0.03	0.02	0.015	0.035	0.095
0.12	0.11	0.185	0.13	0.085	0.085	0.075	0.04	0.04	0.04	0.025	0.065
0.105	0.205	0.14	0.145	0.09	0.085	0.06	0.06	0.03	0.005	0.02	0.055
0.1	0.165	0.23	0.14	0.095	0.075	0.045	0.045	0.03	0.02	0.015	0.04
0.09	0.18	0.13	0.16	0.13	0.1	0.04	0.04	0.015	0.02	0.03	0.065
0.085	0.17	0.14	0.175	0.17	0.06	0.075	0.035	0.025	0.03	0.005	0.03
0.15	0.155	0.195	0.135	0.135	0.08	0.045	0.035	0.02	0.01	0.005	0.035
0.14	0.22	0.155	0.165	0.065	0.095	0.025	0.025	0.035	0.025	0.005	0.045
0.135	0.23	0.265	0.1	0.1	0.075	0.05	0.02	0.01	0.005	0	0.01
0.12	0.165	0.2	0.22	0.095	0.055	0.05	0.025	0.025	0.03	0	0.015
0.165	0.195	0.23	0.18	0.095	0.055	0.02	0.02	0.025	0	0.005	0.01
0.115	0.24	0.19	0.16	0.13	0.065	0.02	0.04	0.015	0.015	0.005	0.005
0.175	0.17	0.24	0.135	0.135	0.055	0.03	0.02	0.01	0.01	0.01	0.01
0.215	0.2	0.125	0.175	0.085	0.09	0.035	0.03	0.015	0.015	0.005	0.01
0.17	0.26	0.205	0.105	0.1	0.075	0.02	0.035	0.01	0.005	0.005	0.01
0.13	0.265	0.2	0.135	0.09	0.075	0.04	0.02	0.015	0.025	0.005	0
#wt_age_fsh	1 2	3	4	5	6	7	8	9	10	11																				
0.000530656	0.001196328	0.002058265	0.003034987	0.004055212	0.005064698	0.006026226	0.006916921	0.007724891	0.008446113	0.009081853	0.009636695
0.000530656	0.001196328	0.002058265	0.003034987	0.004055212	0.005064698	0.006026226	0.006916921	0.007724891	0.008446113	0.009081853	0.009636695
0.000530656	0.001196328	0.002058265	0.003034987	0.004055212	0.005064698	0.006026226	0.006916921	0.007724891	0.008446113	0.009081853	0.009636695
0.000530656	0.001196328	0.002058265	0.003034987	0.004055212	0.005064698	0.006026226	0.006916921	0.007724891	0.008446113	0.009081853	0.009636695
0.000530656	0.001196328	0.002058265	0.003034987	0.004055212	0.005064698	0.006026226	0.006916921	0.007724891	0.008446113	0.009081853	0.009636695
0.000530656	0.001196328	0.002058265	0.003034987	0.004055212	0.005064698	0.006026226	0.006916921	0.007724891	0.008446113	0.009081853	0.009636695
0.000530656	0.001196328	0.002058265	0.003034987	0.004055212	0.005064698	0.006026226	0.006916921	0.007724891	0.008446113	0.009081853	0.009636695
0.000530656	0.001196328	0.002058265	0.003034987	0.004055212	0.005064698	0.006026226	0.006916921	0.007724891	0.008446113	0.009081853	0.009636695
0.000530656	0.001196328	0.002058265	0.003034987	0.004055212	0.005064698	0.006026226	0.006916921	0.007724891	0.008446113	0.009081853	0.009636695
0.000530656	0.001196328	0.002058265	0.003034987	0.004055212	0.005064698	0.006026226	0.006916921	0.007724891	0.008446113	0.009081853	0.009636695
0.000530656	0.001196328	0.002058265	0.003034987	0.004055212	0.005064698	0.006026226	0.006916921	0.007724891	0.008446113	0.009081853	0.009636695
0.000530656	0.001196328	0.002058265	0.003034987	0.004055212	0.005064698	0.006026226	0.006916921	0.007724891	0.008446113	0.009081853	0.009636695
0.000530656	0.001196328	0.002058265	0.003034987	0.004055212	0.005064698	0.006026226	0.006916921	0.007724891	0.008446113	0.009081853	0.009636695
0.000530656	0.001196328	0.002058265	0.003034987	0.004055212	0.005064698	0.006026226	0.006916921	0.007724891	0.008446113	0.009081853	0.009636695
0.000530656	0.001196328	0.002058265	0.003034987	0.004055212	0.005064698	0.006026226	0.006916921	0.007724891	0.008446113	0.009081853	0.009636695
0.000530656	0.001196328	0.002058265	0.003034987	0.004055212	0.005064698	0.006026226	0.006916921	0.007724891	0.008446113	0.009081853	0.009636695
0.000530656	0.001196328	0.002058265	0.003034987	0.004055212	0.005064698	0.006026226	0.006916921	0.007724891	0.008446113	0.009081853	0.009636695
0.000530656	0.001196328	0.002058265	0.003034987	0.004055212	0.005064698	0.006026226	0.006916921	0.007724891	0.008446113	0.009081853	0.009636695
0.000530656	0.001196328	0.002058265	0.003034987	0.004055212	0.005064698	0.006026226	0.006916921	0.007724891	0.008446113	0.009081853	0.009636695
0.000530656	0.001196328	0.002058265	0.003034987	0.004055212	0.005064698	0.006026226	0.006916921	0.007724891	0.008446113	0.009081853	0.009636695
0.000530656	0.001196328	0.002058265	0.003034987	0.004055212	0.005064698	0.006026226	0.006916921	0.007724891	0.008446113	0.009081853	0.009636695
0.000530656	0.001196328	0.002058265	0.003034987	0.004055212	0.005064698	0.006026226	0.006916921	0.007724891	0.008446113	0.009081853	0.009636695
0.000530656	0.001196328	0.002058265	0.003034987	0.004055212	0.005064698	0.006026226	0.006916921	0.007724891	0.008446113	0.009081853	0.009636695
0.000530656	0.001196328	0.002058265	0.003034987	0.004055212	0.005064698	0.006026226	0.006916921	0.007724891	0.008446113	0.009081853	0.009636695
0.000530656	0.001196328	0.002058265	0.003034987	0.004055212	0.005064698	0.006026226	0.006916921	0.007724891	0.008446113	0.009081853	0.009636695
0.000530656	0.001196328	0.002058265	0.003034987	0.004055212	0.005064698	0.006026226	0.006916921	0.007724891	0.008446113	0.009081853	0.009636695
0.000530656	0.001196328	0.002058265	0.003034987	0.004055212	0.005064698	0.006026226	0.006916921	0.007724891	0.008446113	0.009081853	0.009636695
0.000530656	0.001196328	0.002058265	0.003034987	0.004055212	0.005064698	0.006026226	0.006916921	0.007724891	0.008446113	0.009081853	0.009636695
0.000530656	0.001196328	0.002058265	0.003034987	0.004055212	0.005064698	0.006026226	0.006916921	0.007724891	0.008446113	0.009081853	0.009636695
0.000530656	0.001196328	0.002058265	0.003034987	0.004055212	0.005064698	0.006026226	0.006916921	0.007724891	0.008446113	0.009081853	0.009636695

#nind
1
#ind_names																																	
survey_index1																																
#nobs_ind
30
#yrs_ind																																		
1	2	3	4	5	6	7	8	9	10	11	12	13	14	15	16	17	18	19	20	21	22	23	24	25	26	27	28	29	30	
#month_ind																																	
1																																						
#biom_ind																																		
1.56568745709798	1.41740735319902	1.43444366404415	1.52107413174428	1.54504562437736	1.51516522681409	1.30032569870453	1.82035988911888	1.34268739065839	1.34521195133657	1.10935486654033	1.25833999512975	0.901738182667054	0.94740158386218	0.995212480587359	1.06181266963184	1.05421583209763	0.830609631043608	0.945146866913413	0.750955436075301	0.692528406460015	0.739378218612726	0.643407294950767	0.662950756984457	0.656777137785341	0.560951025470763	0.555100082866253	0.496694393023973	0.430761954195841	0.631125973718492
#biom_cv																				
0.313137491419597	0.283481470639803	0.286888732808831	0.304214826348855	0.309009124875472	0.303033045362818	0.260065139740906	0.364071977823776	0.268537478131679	0.269042390267314	0.221870973308066	0.25166799902595	0.180347636533411	0.189480316772436	0.199042496117472	0.212362533926368	0.210843166419525	0.166121926208722	0.189029373382683	0.15019108721506	0.138505681292003	0.147875643722545	0.128681458990153	0.132590151396891	0.131355427557068	0.112190205094153	0.111020016573251	0.0993388786047946	0.0861523908391681	0.126225194743699
#n_ages_ind																																	
30			
#n_lengths_ind																															
0																																						
#yrs_ages_ind																																
1	2	3	4	5	6	7	8	9	10	11	12	13	14	15	16	17	18	19	20	21	22	23	24	25	26	27	28	29	30																						
#sample_ages_ind																														
200	200	200	200	200	200	200	200	200	200	200	200	200	200	200	200	200	200	200	200	200	200	200	200	200	200	200	200	200	200
#page_ind																																		
0.045	0.165	0.18	0.1	0.095	0.075	0.045	0.045	0.05	0.035	0.035	0.13
0.1	0.095	0.16	0.085	0.165	0.055	0.06	0.04	0.06	0.04	0.01	0.13
0.045	0.21	0.14	0.11	0.095	0.07	0.055	0.055	0.04	0.03	0.03	0.12
0.055	0.16	0.17	0.115	0.145	0.045	0.08	0.06	0.045	0.01	0.01	0.105
0.045	0.1	0.12	0.19	0.095	0.085	0.08	0.055	0.025	0.025	0.025	0.155
0.05	0.19	0.11	0.16	0.105	0.075	0.05	0.045	0.025	0.04	0.03	0.12
0.05	0.19	0.2	0.095	0.105	0.085	0.055	0.05	0.055	0.005	0.025	0.085
0.07	0.135	0.215	0.155	0.07	0.065	0.06	0.025	0.035	0.035	0.015	0.12
0.08	0.165	0.165	0.19	0.1	0.065	0.025	0.035	0.035	0.03	0.015	0.095
0.11	0.18	0.145	0.105	0.145	0.09	0.045	0.035	0.025	0.03	0.035	0.055
0.075	0.205	0.15	0.155	0.065	0.065	0.08	0.05	0.055	0.005	0.01	0.085
0.06	0.165	0.2	0.15	0.095	0.07	0.065	0.065	0.035	0.015	0.025	0.055
0.08	0.16	0.19	0.185	0.12	0.085	0.045	0.055	0.02	0.015	0.01	0.035
0.06	0.145	0.155	0.185	0.145	0.045	0.075	0.05	0.035	0.03	0	0.075
0.07	0.175	0.145	0.12	0.17	0.075	0.055	0.055	0.025	0.03	0.025	0.055
0.13	0.175	0.195	0.11	0.1	0.08	0.05	0.015	0.03	0.035	0.02	0.06
0.115	0.185	0.16	0.185	0.07	0.07	0.065	0.065	0.03	0.015	0.01	0.03
0.085	0.27	0.175	0.155	0.085	0.08	0.06	0.03	0.01	0.005	0.01	0.035
0.065	0.175	0.225	0.16	0.11	0.11	0.03	0.03	0.02	0.02	0.02	0.035
0.08	0.185	0.145	0.24	0.115	0.085	0.035	0.02	0.015	0.03	0.02	0.03
0.11	0.21	0.17	0.175	0.12	0.055	0.055	0.04	0.005	0.015	0.005	0.04
0.09	0.295	0.135	0.16	0.075	0.095	0.035	0.02	0.02	0.02	0.01	0.045
0.14	0.27	0.25	0.12	0.065	0.045	0.06	0.01	0.005	0.01	0.005	0.02
0.09	0.235	0.215	0.2	0.07	0.095	0.05	0.025	0.015	0	0	0.005
0.18	0.225	0.18	0.2	0.085	0.03	0.035	0.025	0.02	0.005	0.005	0.01
0.105	0.265	0.215	0.15	0.125	0.08	0.01	0.01	0.02	0	0.01	0.01
0.085	0.2	0.36	0.125	0.095	0.04	0.045	0	0.02	0.005	0	0.025
0.14	0.25	0.175	0.215	0.085	0.045	0.045	0.01	0.01	0.015	0.005	0.005
0.165	0.215	0.225	0.14	0.14	0.02	0.03	0.02	0.015	0.005	0.005	0.02
0.13	0.27	0.27	0.115	0.08	0.065	0.035	0	0.015	0.01	0	0.01
#wt_age_ind																																	
1 1 1 1 1 1 1 1 1 1 1 1 
1 1 1 1 1 1 1 1 1 1 1 1 
1 1 1 1 1 1 1 1 1 1 1 1 
1 1 1 1 1 1 1 1 1 1 1 1 
1 1 1 1 1 1 1 1 1 1 1 1 
1 1 1 1 1 1 1 1 1 1 1 1 
1 1 1 1 1 1 1 1 1 1 1 1 
1 1 1 1 1 1 1 1 1 1 1 1 
1 1 1 1 1 1 1 1 1 1 1 1 
1 1 1 1 1 1 1 1 1 1 1 1 
1 1 1 1 1 1 1 1 1 1 1 1 
1 1 1 1 1 1 1 1 1 1 1 1 
1 1 1 1 1 1 1 1 1 1 1 1 
1 1 1 1 1 1 1 1 1 1 1 1 
1 1 1 1 1 1 1 1 1 1 1 1 
1 1 1 1 1 1 1 1 1 1 1 1 
1 1 1 1 1 1 1 1 1 1 1 1 
1 1 1 1 1 1 1 1 1 1 1 1 
1 1 1 1 1 1 1 1 1 1 1 1 
1 1 1 1 1 1 1 1 1 1 1 1 
1 1 1 1 1 1 1 1 1 1 1 1 
1 1 1 1 1 1 1 1 1 1 1 1 
1 1 1 1 1 1 1 1 1 1 1 1 
1 1 1 1 1 1 1 1 1 1 1 1 
1 1 1 1 1 1 1 1 1 1 1 1 
1 1 1 1 1 1 1 1 1 1 1 1 
1 1 1 1 1 1 1 1 1 1 1 1 
1 1 1 1 1 1 1 1 1 1 1 1 
1 1 1 1 1 1 1 1 1 1 1 1 
1 1 1 1 1 1 1 1 1 1 1 1 
# wt_pop
0.000530656	0.001196328	0.002058265	0.003034987	0.004055212	0.005064698	0.006026226	0.006916921	0.007724891	0.008446113	0.009081853	0.009636695
#maturity
0.02297737 0.32082130 0.90465054 0.99477987 0.99973881 0.99998699 0.99999935 0.99999997 1 1 1 1
#spmonth																																		
1		
#age_err																																		
1	0	0	0	0	0	0	0	0	0	0	0
0	1	0	0	0	0	0	0	0	0	0	0
0	0	1	0	0	0	0	0	0	0	0	0
0	0	0	1	0	0	0	0	0	0	0	0
0	0	0	0	1	0	0	0	0	0	0	0
0	0	0	0	0	1	0	0	0	0	0	0
0	0	0	0	0	0	1	0	0	0	0	0
0	0	0	0	0	0	0	1	0	0	0	0
0	0	0	0	0	0	0	0	1	0	0	0
0	0	0	0	0	0	0	0	0	1	0	0
0	0	0	0	0	0	0	0	0	0	1	0
0	0	0	0	0	0	0	0	0	0	0	1																														
