#######GENERAL HEADER INPUT#######
1
30
1
30
1
30
30
12
1	2	3	4	5	6	7	8	9	10	11	12
12
1	2	3	4	5	6	7	8	9	10	11	12
1
101
1
1
#######SURVEY DATA#######
30
1	2	3	4	5	6	7	8	9	10	11	12	13	14	15	16	17	18	19	20	21	22	23	24	25	26	27	28	29	30
1.299081040915	1.6205794479631	1.58685136235937	1.38060695152244	1.55529315740418	1.48657070282373	1.25989708690112	1.45009893612066	1.2166397699047	1.17547636155312	1.19877960706551	1.18566584751564	1.09810251943039	1.31953422691631	0.905503993491944	0.986320062026501	1.14486778899665	0.810411665224783	0.877168631748179	0.728854386084073	0.647630869786793	0.75897689384474	0.717215024871516	0.523351655019945	0.590835239198847	0.61996325983932	0.430659002424594	0.555038795131448	0.559066838110024	0.555108477899378
0.2	0.2	0.2	0.2	0.2	0.2	0.2	0.2	0.2	0.2	0.2	0.2	0.2	0.2	0.2	0.2	0.2	0.2	0.2	0.2	0.2	0.2	0.2	0.2	0.2	0.2	0.2	0.2	0.2	0.2
30
1	2	3	4	5	6	7	8	9	10	11	12	13	14	15	16	17	18	19	20	21	22	23	24	25	26	27	28	29	30
200	200	200	200	200	200	200	200	200	200	200	200	200	200	200	200	200	200	200	200	200	200	200	200	200	200	200	200	200	200
200	200	200	200	200	200	200	200	200	200	200	200	200	200	200	200	200	200	200	200	200	200	200	200	200	200	200	200	200	200
0.075	0.12	0.145	0.085	0.08	0.12	0.09	0.07	0.05	0.035	0.01	0.12
0.07	0.13	0.135	0.11	0.1	0.08	0.07	0.08	0.05	0.015	0.04	0.12
0.065	0.135	0.145	0.09	0.08	0.075	0.065	0.055	0.11	0.045	0.025	0.11
0.07	0.095	0.195	0.11	0.07	0.1	0.075	0.065	0.04	0.035	0.025	0.12
0.075	0.12	0.155	0.125	0.1	0.065	0.06	0.035	0.08	0.03	0.02	0.135
0.07	0.215	0.125	0.11	0.135	0.06	0.055	0.06	0.055	0.03	0.01	0.075
0.06	0.175	0.21	0.09	0.09	0.1	0.04	0.03	0.07	0.055	0.01	0.07
0.08	0.105	0.185	0.16	0.07	0.06	0.055	0.04	0.06	0.04	0.015	0.13
0.065	0.21	0.17	0.145	0.1	0.06	0.035	0.06	0.04	0.03	0.015	0.07
0.095	0.185	0.15	0.08	0.13	0.125	0.025	0.055	0.03	0.05	0.015	0.06
0.075	0.23	0.175	0.145	0.08	0.1	0.035	0.035	0.04	0.02	0.01	0.055
0.06	0.16	0.19	0.17	0.095	0.09	0.05	0.035	0.025	0.02	0.02	0.085
0.07	0.155	0.16	0.16	0.13	0.085	0.04	0.055	0.04	0.005	0.015	0.085
0.05	0.165	0.175	0.15	0.1	0.075	0.085	0.045	0.035	0.04	0.01	0.07
0.12	0.15	0.165	0.12	0.105	0.105	0.07	0.04	0.03	0.03	0.02	0.045
0.13	0.18	0.215	0.095	0.1	0.095	0.05	0.03	0.015	0.01	0.025	0.055
0.1	0.21	0.165	0.13	0.095	0.08	0.06	0.07	0.015	0.04	0.01	0.025
0.08	0.255	0.18	0.13	0.095	0.08	0.055	0.045	0.03	0.015	0.005	0.03
0.125	0.155	0.2	0.195	0.1	0.07	0.05	0.02	0.015	0.005	0.01	0.055
0.1	0.15	0.14	0.155	0.155	0.075	0.045	0.05	0.03	0.025	0.025	0.05
0.155	0.16	0.195	0.11	0.095	0.105	0.05	0.035	0.01	0.015	0.035	0.035
0.155	0.29	0.19	0.11	0.065	0.085	0.035	0.025	0.025	0.005	0	0.015
0.105	0.24	0.22	0.13	0.11	0.075	0.035	0.025	0.025	0.03	0.005	0
0.095	0.225	0.235	0.205	0.065	0.07	0.035	0.02	0.02	0.01	0.005	0.015
0.13	0.195	0.28	0.185	0.09	0.05	0.025	0.01	0.015	0.005	0	0.015
0.105	0.295	0.195	0.1	0.155	0.065	0.025	0.02	0	0.015	0.015	0.01
0.13	0.23	0.25	0.105	0.09	0.075	0.035	0.02	0.01	0.025	0.01	0.02
0.155	0.26	0.195	0.185	0.075	0.045	0.04	0.02	0.005	0.005	0	0.015
0.16	0.275	0.22	0.135	0.095	0.065	0.025	0.005	0.01	0	0	0.01
0.065	0.28	0.255	0.155	0.1	0.05	0.03	0.01	0.025	0.015	0	0.015
#######LANDINGS DATA#######
1
30
160.280535554429	465.31914939686	757.969237860117	994.626085941555	775.156936589364	1327.27193718088	1265.50730477881	2477.79790902474	1331.87688822307	1518.24723209436	1617.30614623896	1612.67618957078	1104.93148731216	1527.44034441299	1500.96197056218	1276.21012134165	2235.71779329399	1597.9714999118	1454.87066156771	1320.01586310594	1630.08194188155	1078.98953738361	1627.67785997169	1206.81751049219	1117.33936290853	966.495143765759	920.224041999613	1220.56275244802	875.879247128036	1278.20019376054
0.01	0.01	0.01	0.01	0.01	0.01	0.01	0.01	0.01	0.01	0.01	0.01	0.01	0.01	0.01	0.01	0.01	0.01	0.01	0.01	0.01	0.01	0.01	0.01	0.01	0.01	0.01	0.01	0.01	0.01
30
1	2	3	4	5	6	7	8	9	10	11	12	13	14	15	16	17	18	19	20	21	22	23	24	25	26	27	28	29	30
200	200	200	200	200	200	200	200	200	200	200	200	200	200	200	200	200	200	200	200	200	200	200	200	200	200	200	200	200	200
200	200	200	200	200	200	200	200	200	200	200	200	200	200	200	200	200	200	200	200	200	200	200	200	200	200	200	200	200	200
0.075	0.12	0.13	0.08	0.125	0.075	0.075	0.08	0.055	0.02	0.035	0.13
0.12	0.105	0.15	0.115	0.1	0.07	0.05	0.06	0.04	0.035	0.035	0.12
0.04	0.145	0.105	0.115	0.13	0.06	0.075	0.07	0.04	0.04	0.02	0.16
0.05	0.08	0.175	0.145	0.085	0.07	0.08	0.06	0.03	0.035	0.05	0.14
0.135	0.1	0.115	0.12	0.055	0.12	0.08	0.025	0.06	0.05	0.04	0.1
0.055	0.135	0.105	0.13	0.135	0.115	0.05	0.035	0.065	0.025	0.03	0.12
0.11	0.135	0.15	0.065	0.09	0.12	0.065	0.035	0.035	0.045	0.04	0.11
0.09	0.085	0.15	0.195	0.09	0.07	0.06	0.035	0.045	0.03	0.015	0.135
0.035	0.14	0.1	0.17	0.13	0.065	0.1	0.065	0.05	0.03	0.02	0.095
0.09	0.11	0.195	0.135	0.105	0.105	0.04	0.045	0.065	0.015	0.02	0.075
0.105	0.13	0.135	0.105	0.1	0.115	0.135	0.035	0.035	0.035	0.015	0.055
0.11	0.145	0.16	0.105	0.14	0.055	0.085	0.035	0.025	0.035	0.025	0.08
0.07	0.145	0.17	0.17	0.105	0.095	0.065	0.02	0.035	0.015	0.015	0.095
0.14	0.12	0.155	0.155	0.095	0.07	0.11	0.05	0.05	0.015	0.005	0.035
0.11	0.13	0.2	0.125	0.1	0.11	0.085	0.04	0.02	0.02	0.025	0.035
0.095	0.115	0.205	0.17	0.115	0.065	0.045	0.03	0.025	0.025	0.035	0.075
0.135	0.2	0.14	0.15	0.06	0.085	0.06	0.035	0.035	0.025	0.025	0.05
0.1	0.19	0.25	0.145	0.115	0.06	0.04	0.025	0.015	0.005	0.015	0.04
0.065	0.11	0.24	0.21	0.105	0.095	0.05	0.035	0.015	0.025	0.015	0.035
0.08	0.165	0.155	0.185	0.145	0.085	0.065	0.035	0.025	0.01	0	0.05
0.155	0.135	0.16	0.135	0.11	0.07	0.07	0.055	0.045	0.01	0.01	0.045
0.195	0.25	0.145	0.16	0.095	0.045	0.04	0.02	0.025	0.005	0.01	0.01
0.115	0.215	0.32	0.095	0.05	0.07	0.05	0.015	0.015	0.01	0.015	0.03
0.15	0.175	0.24	0.18	0.09	0.05	0.035	0.025	0.03	0.01	0.005	0.01
0.14	0.17	0.185	0.175	0.125	0.065	0.025	0.02	0.025	0.015	0.005	0.05
0.15	0.26	0.15	0.135	0.14	0.085	0.02	0.005	0.005	0.025	0.02	0.005
0.155	0.155	0.28	0.115	0.15	0.08	0.035	0.01	0	0.005	0.01	0.005
0.23	0.175	0.115	0.195	0.07	0.055	0.055	0.05	0.005	0.01	0.015	0.025
0.205	0.245	0.165	0.13	0.145	0.035	0.01	0.035	0	0.02	0.01	0
0.105	0.23	0.31	0.11	0.095	0.055	0.035	0.01	0.03	0.01	0	0.01
#######PARAMETER SECTION#######
800	400	1200	-4	800	-0.25	1
0.18	0.01	1	-4	0.18	-0.25	1
-1.36	-5	-0.001	-4	-1.36	-0.25	1
0.1	0.05	0.3	-4	0.1	-0.25	1
0.2	0.01	0.5	-4	0.2	-0.25	1
0.75	0.20001	1	-3	0.75	-0.25	1
13.815511	-1	200	1	13.815511	-0.25	1
0	-1	1	-4	0	-0.25	1
0.2	1e-04	1.2	-3	0.2	-0.25	1
0	-10	10	-6	0	-1	1
0	-10	10	-6	0	-1	1
2	0	12	-2	2	-0.5	1
1	0	12	-2	1	-0.5	1
2	0	12	-2	2	-0.5	1
1	0	12	-2	1	-0.5	1
1.5	0	12	-2	1.5	-0.5	1
2	0	12	-2	2	-0.5	1
-14.8682006803499	-30	5	1	-14.8682006803499	-1	1
1	0.1	2	-1	1	-1	1
-1.51930887058023	-10	1.39	1	-1.51930887058023	-1	1
#######DEV CONSTRAINTS and DEVS#######
-15	15	2
-15	15	2
-15	15	2
0	0	0	0	0	0	0	0	0	0	0	0	0	0	0	0	0	0	0	0	0	0	0	0	0	0	0	0	0	0
0	0	0	0	0	0	0	0	0	0	0	0	0	0	0	0	0	0	0	0	0	0	0	0	0	0	0	0	0	0
0	0	0	0	0	0	0	0	0	0	0
#######LIKELIHOOD WEIGHTS#######
1
1
1
1
0
1
0
0
0
#######MISCELLANEOUS STUFF SECTION#######
2.5e-08
3
0.5	0.5	0.5	0.5	0.5	0.5	0.5	0.5	0.5	0.5	0.5	0.5
0.0229773699100256	0.320821300824607	0.904650535100891	0.994779874306442	0.999738809680904	0.999986992871533	0.999999352405202	0.999999967758134	0.999999998394772	0.99999999992008	0.999999999996021	0.999999999999802
0.2	0.2	0.2	0.2	0.2	0.2	0.2	0.2	0.2	0.2	0.2	0.2
0
1
10
0.2
1
1	0	0	0	0	0	0	0	0	0	0	0
0	1	0	0	0	0	0	0	0	0	0	0
0	0	1	0	0	0	0	0	0	0	0	0
0	0	0	1	0	0	0	0	0	0	0	0
0	0	0	0	1	0	0	0	0	0	0	0
0	0	0	0	0	1	0	0	0	0	0	0
0	0	0	0	0	0	1	0	0	0	0	0
0	0	0	0	0	0	0	1	0	0	0	0
0	0	0	0	0	0	0	0	1	0	0	0
0	0	0	0	0	0	0	0	0	1	0	0
0	0	0	0	0	0	0	0	0	0	1	0
0	0	0	0	0	0	0	0	0	0	0	1
40
31
2
1
#######END OF DATA FILE#######
999
