#######GENERAL HEADER INPUT#######
1
30
1
30
1
30
30
12
1	2	3	4	5	6	7	8	9	10	11	12
12
1	2	3	4	5	6	7	8	9	10	11	12
1
101
1
1
#######SURVEY DATA#######
30
1	2	3	4	5	6	7	8	9	10	11	12	13	14	15	16	17	18	19	20	21	22	23	24	25	26	27	28	29	30
1.86260601149519	1.09124411182088	1.52245216962645	1.57420621382276	1.37420029645198	1.32767591632726	1.35124730316663	1.28438153812902	1.29821729898057	1.28286805424256	1.09964257519671	1.25206953277618	0.978679854648834	1.06489990769662	1.0371667747488	0.846678844657704	0.812082006165131	0.747371487254955	0.781514326658827	0.581173921977105	0.780693383711779	0.658967194091255	0.730643578864446	0.618811503333866	0.604473190545983	0.614455133434563	0.620970293762772	0.507485971771487	0.468472960132384	0.58195064587543
0.2	0.2	0.2	0.2	0.2	0.2	0.2	0.2	0.2	0.2	0.2	0.2	0.2	0.2	0.2	0.2	0.2	0.2	0.2	0.2	0.2	0.2	0.2	0.2	0.2	0.2	0.2	0.2	0.2	0.2
30
1	2	3	4	5	6	7	8	9	10	11	12	13	14	15	16	17	18	19	20	21	22	23	24	25	26	27	28	29	30
200	200	200	200	200	200	200	200	200	200	200	200	200	200	200	200	200	200	200	200	200	200	200	200	200	200	200	200	200	200
200	200	200	200	200	200	200	200	200	200	200	200	200	200	200	200	200	200	200	200	200	200	200	200	200	200	200	200	200	200
0.065	0.16	0.12	0.115	0.145	0.075	0.06	0.04	0.025	0.05	0.035	0.11
0.06	0.125	0.165	0.135	0.1	0.075	0.08	0.08	0.035	0.03	0.02	0.095
0.05	0.15	0.14	0.085	0.095	0.1	0.045	0.03	0.065	0.05	0.055	0.135
0.03	0.135	0.185	0.135	0.085	0.07	0.07	0.02	0.03	0.035	0.035	0.17
0.095	0.13	0.11	0.13	0.085	0.09	0.06	0.065	0.03	0.035	0.03	0.14
0.07	0.175	0.12	0.135	0.12	0.07	0.045	0.05	0.04	0.04	0.02	0.115
0.045	0.22	0.195	0.14	0.085	0.055	0.045	0.04	0.035	0.025	0.03	0.085
0.065	0.145	0.16	0.16	0.1	0.035	0.055	0.06	0.05	0.035	0.02	0.115
0.1	0.165	0.135	0.15	0.13	0.06	0.045	0.06	0.03	0.015	0.005	0.105
0.065	0.16	0.18	0.135	0.125	0.11	0.02	0.05	0.03	0.025	0.02	0.08
0.115	0.165	0.19	0.145	0.065	0.09	0.055	0.03	0.01	0.05	0.015	0.07
0.05	0.21	0.175	0.135	0.095	0.075	0.045	0.065	0.055	0.025	0.015	0.055
0.05	0.16	0.185	0.155	0.095	0.12	0.07	0.05	0.025	0.01	0.015	0.065
0.09	0.17	0.21	0.15	0.125	0.06	0.06	0.035	0.02	0.04	0.005	0.035
0.09	0.23	0.135	0.15	0.13	0.09	0.045	0.035	0.02	0.02	0.015	0.04
0.08	0.205	0.185	0.16	0.12	0.07	0.085	0.025	0.015	0.01	0.01	0.035
0.07	0.22	0.155	0.125	0.095	0.09	0.085	0.035	0.02	0.035	0.02	0.05
0.11	0.22	0.22	0.18	0.05	0.065	0.02	0.04	0.01	0.025	0.025	0.035
0.085	0.16	0.155	0.22	0.125	0.09	0.05	0.03	0.02	0.005	0.02	0.04
0.095	0.2	0.165	0.2	0.125	0.055	0.04	0.04	0.025	0.015	0.01	0.03
0.14	0.18	0.185	0.125	0.12	0.06	0.035	0.06	0.035	0.01	0.01	0.04
0.095	0.29	0.175	0.15	0.085	0.06	0.05	0.025	0.03	0.01	0	0.03
0.075	0.275	0.24	0.16	0.085	0.03	0.03	0.035	0.02	0.005	0.01	0.035
0.105	0.165	0.3	0.18	0.055	0.065	0.045	0.035	0.03	0	0	0.02
0.125	0.205	0.255	0.185	0.075	0.07	0.035	0.01	0.015	0.005	0	0.02
0.155	0.33	0.14	0.09	0.105	0.09	0.025	0.02	0.02	0.02	0.005	0
0.08	0.18	0.29	0.155	0.115	0.09	0.03	0.02	0.005	0.01	0.01	0.015
0.095	0.27	0.17	0.22	0.09	0.065	0.035	0.03	0.005	0	0.005	0.015
0.17	0.28	0.215	0.09	0.11	0.065	0.03	0.02	0.005	0	0	0.015
0.16	0.285	0.22	0.12	0.06	0.065	0.035	0.02	0.015	0.01	0.005	0.005
#######LANDINGS DATA#######
1
30
161.148885028562	472.309967502864	760.443506136861	986.124219365407	768.138050967265	1325.96180139067	1271.0131856327	2474.52293852927	1328.50261847265	1523.9567928118	1623.33492726661	1610.53716073995	1107.65917992445	1533.75847841803	1508.51972446933	1277.84934036957	2253.00902218035	1619.64863346146	1460.80220418964	1316.85793768641	1620.39488155591	1079.97615948998	1635.95684503271	1208.56411517072	1119.07749102368	979.196101146098	927.28261822554	1202.32367897751	881.272587046502	1272.70746036899
0.01	0.01	0.01	0.01	0.01	0.01	0.01	0.01	0.01	0.01	0.01	0.01	0.01	0.01	0.01	0.01	0.01	0.01	0.01	0.01	0.01	0.01	0.01	0.01	0.01	0.01	0.01	0.01	0.01	0.01
30
1	2	3	4	5	6	7	8	9	10	11	12	13	14	15	16	17	18	19	20	21	22	23	24	25	26	27	28	29	30
200	200	200	200	200	200	200	200	200	200	200	200	200	200	200	200	200	200	200	200	200	200	200	200	200	200	200	200	200	200
200	200	200	200	200	200	200	200	200	200	200	200	200	200	200	200	200	200	200	200	200	200	200	200	200	200	200	200	200	200
0.09	0.1	0.12	0.115	0.14	0.07	0.08	0.05	0.05	0.035	0.045	0.105
0.135	0.095	0.095	0.09	0.105	0.115	0.07	0.04	0.035	0.055	0.015	0.15
0.045	0.135	0.105	0.145	0.115	0.09	0.075	0.02	0.05	0.035	0.04	0.145
0.06	0.07	0.175	0.15	0.12	0.08	0.08	0.05	0.04	0.03	0.015	0.13
0.08	0.095	0.095	0.12	0.105	0.125	0.055	0.09	0.045	0.03	0.025	0.135
0.08	0.155	0.085	0.12	0.1	0.095	0.05	0.04	0.09	0.03	0.025	0.13
0.06	0.125	0.205	0.11	0.11	0.09	0.08	0.03	0.03	0.025	0.035	0.1
0.05	0.075	0.195	0.15	0.08	0.045	0.12	0.03	0.02	0.07	0.03	0.135
0.085	0.18	0.095	0.1	0.155	0.065	0.075	0.065	0.05	0.01	0.01	0.11
0.09	0.15	0.165	0.13	0.1	0.115	0.015	0.035	0.035	0.045	0.02	0.1
0.06	0.14	0.155	0.165	0.09	0.12	0.075	0.025	0.035	0.06	0.02	0.055
0.06	0.18	0.145	0.135	0.135	0.04	0.08	0.055	0.02	0.025	0.04	0.085
0.08	0.125	0.135	0.18	0.14	0.085	0.065	0.04	0.06	0.025	0.02	0.045
0.075	0.095	0.16	0.225	0.105	0.07	0.08	0.03	0.055	0.015	0.015	0.075
0.105	0.21	0.14	0.105	0.125	0.085	0.045	0.045	0.01	0.03	0.03	0.07
0.145	0.125	0.2	0.135	0.06	0.075	0.11	0.04	0.04	0.02	0.005	0.045
0.1	0.155	0.17	0.125	0.105	0.07	0.07	0.07	0.04	0.035	0.01	0.05
0.075	0.195	0.205	0.14	0.125	0.04	0.055	0.04	0.045	0.005	0.005	0.07
0.085	0.155	0.23	0.19	0.085	0.06	0.065	0.03	0.025	0.02	0.02	0.035
0.1	0.215	0.14	0.155	0.115	0.075	0.065	0.035	0.03	0.02	0.01	0.04
0.17	0.145	0.175	0.12	0.15	0.095	0.055	0.02	0.02	0.015	0	0.035
0.155	0.16	0.135	0.175	0.11	0.07	0.08	0.02	0.04	0.015	0.01	0.03
0.13	0.19	0.25	0.135	0.08	0.055	0.045	0.06	0.01	0.03	0.005	0.01
0.12	0.17	0.3	0.165	0.095	0.035	0.04	0.025	0.025	0	0.01	0.015
0.14	0.165	0.165	0.19	0.115	0.065	0.03	0.035	0.035	0.025	0.02	0.015
0.09	0.235	0.185	0.185	0.135	0.07	0.03	0.015	0.005	0.02	0.015	0.015
0.14	0.2	0.23	0.19	0.12	0.06	0.045	0	0	0	0.01	0.005
0.205	0.2	0.145	0.185	0.105	0.07	0.045	0.025	0	0.005	0	0.015
0.21	0.255	0.115	0.135	0.13	0.06	0.03	0.015	0.025	0.01	0	0.015
0.18	0.235	0.19	0.13	0.05	0.075	0.05	0.04	0.025	0.005	0.01	0.01
#######PARAMETER SECTION#######
800	400	1200	-4	800	-0.25	1
0.18	0.01	1	-4	0.18	-0.25	1
-1.36	-5	-0.001	-4	-1.36	-0.25	1
0.1	0.05	0.3	-4	0.1	-0.25	1
0.2	0.01	0.5	-4	0.2	-0.25	1
0.75	0.20001	1	-3	0.75	-0.25	1
13.815511	-1	200	1	13.815511	-0.25	1
0	-1	1	-4	0	-0.25	1
0.2	1e-04	1.2	-3	0.2	-0.25	1
0	-10	10	-6	0	-1	1
0	-10	10	-6	0	-1	1
2	0	12	-2	2	-0.5	1
1	0	12	-2	1	-0.5	1
2	0	12	-2	2	-0.5	1
1	0	12	-2	1	-0.5	1
1.5	0	12	-2	1.5	-0.5	1
2	0	12	-2	2	-0.5	1
-14.8682006803499	-30	5	1	-14.8682006803499	-1	1
1	0.1	2	-1	1	-1	1
-1.51930887058023	-10	1.39	1	-1.51930887058023	-1	1
#######DEV CONSTRAINTS and DEVS#######
-15	15	2
-15	15	2
-15	15	2
0	0	0	0	0	0	0	0	0	0	0	0	0	0	0	0	0	0	0	0	0	0	0	0	0	0	0	0	0	0
0	0	0	0	0	0	0	0	0	0	0	0	0	0	0	0	0	0	0	0	0	0	0	0	0	0	0	0	0	0
0	0	0	0	0	0	0	0	0	0	0
#######LIKELIHOOD WEIGHTS#######
1
1
1
1
0
1
0
0
0
#######MISCELLANEOUS STUFF SECTION#######
2.5e-08
3
0.5	0.5	0.5	0.5	0.5	0.5	0.5	0.5	0.5	0.5	0.5	0.5
0.0229773699100256	0.320821300824607	0.904650535100891	0.994779874306442	0.999738809680904	0.999986992871533	0.999999352405202	0.999999967758134	0.999999998394772	0.99999999992008	0.999999999996021	0.999999999999802
0.2	0.2	0.2	0.2	0.2	0.2	0.2	0.2	0.2	0.2	0.2	0.2
0
1
10
0.2
1
1	0	0	0	0	0	0	0	0	0	0	0
0	1	0	0	0	0	0	0	0	0	0	0
0	0	1	0	0	0	0	0	0	0	0	0
0	0	0	1	0	0	0	0	0	0	0	0
0	0	0	0	1	0	0	0	0	0	0	0
0	0	0	0	0	1	0	0	0	0	0	0
0	0	0	0	0	0	1	0	0	0	0	0
0	0	0	0	0	0	0	1	0	0	0	0
0	0	0	0	0	0	0	0	1	0	0	0
0	0	0	0	0	0	0	0	0	1	0	0
0	0	0	0	0	0	0	0	0	0	1	0
0	0	0	0	0	0	0	0	0	0	0	1
40
31
2
1
#######END OF DATA FILE#######
999
