# Number of parameters = 73  Objective function value = 26227.0  Maximum gradient component = 0.00380667
# sel_params[1]:
2.00000000000
# sel_params[2]:
1.00000000000
# log_Fmult_year1:
 -4.65071714281
# log_Fmult_devs:
 1.08361855629 0.508243354410 0.313292315406 -0.225752325736 0.595734750651 0.0147764754170 0.750650442927 -0.544177114165 0.200294396544 0.121256984454 0.0687672596615 -0.324750773562 0.368128947466 0.0796325172946 -0.122738657100 0.677974358635 -0.197257184872 -0.0106757507606 -0.0150066579009 0.329085891980 -0.330273791268 0.498132781529 -0.188364888811 0.00404666650935 -0.0866225200588 -0.00207559457727 0.339161218795 -0.268591660920 0.441317185588
# log_recruit_devs:
 -0.0757240621875 0.0690142766752 0.0174753115442 -0.314245285698 0.317261878250 0.270198329162 0.0200393830446 0.179180288060 -0.0129755493103 0.146952953043 0.00743660099117 -0.0849401930264 -0.0323753318461 0.00603142112325 -0.0610809436709 0.153644972610 0.151958492549 -0.351851518485 -0.00818076068442 -0.189043853152 0.262977891660 0.0355242273508 -0.120489364433 -0.280778369948 0.0800803376789 -0.291805058556 -0.0385103542149 0.0875439455841 0.170803870927 -0.114123535039
# log_N_year1_devs:
 -0.0704280126624 -0.00664109731891 -0.0350606116771 0.0295389308250 0.0524959655395 -0.124836924269 -0.162254337941 -0.0790361234833 0.0711522215947 -0.337053803242 -0.158487045090
# log_q_year1:
 -7.91120383664
# log_q_devs:
 0.00000000000 0.00000000000 0.00000000000 0.00000000000 0.00000000000 0.00000000000 0.00000000000 0.00000000000 0.00000000000 0.00000000000 0.00000000000 0.00000000000 0.00000000000 0.00000000000 0.00000000000 0.00000000000 0.00000000000 0.00000000000 0.00000000000 0.00000000000 0.00000000000 0.00000000000 0.00000000000 0.00000000000 0.00000000000 0.00000000000 0.00000000000 0.00000000000 0.00000000000
# index_sel_params[1]:
1.50000000000
# index_sel_params[2]:
0.500000000000
# log_SR_scaler:
6.89814092468
# SR_steepness:
0.750000000000
