#######GENERAL HEADER INPUT#######
1
30
1
30
1
30
30
12
1	2	3	4	5	6	7	8	9	10	11	12
12
1	2	3	4	5	6	7	8	9	10	11	12
1
101
1
1
#######SURVEY DATA#######
30
1	2	3	4	5	6	7	8	9	10	11	12	13	14	15	16	17	18	19	20	21	22	23	24	25	26	27	28	29	30
1.56499419961497	1.66340404114685	1.66250751904379	1.58639235646895	1.49422966757599	1.57068392518578	1.44829353973615	1.5191767188966	1.15346045834794	1.3629908453437	1.24454415805144	1.39284018473997	0.97719576560908	1.02186355990728	0.970591457249112	1.03301462904958	1.00826069265902	0.817792737845633	0.745030627144733	0.635934454633208	0.592720954179664	0.651661070611994	0.673028727547749	0.587482203039225	0.525604781764722	0.437925750139486	0.633896019799413	0.614822318143316	0.57963556714692	0.570738503807143
0.2	0.2	0.2	0.2	0.2	0.2	0.2	0.2	0.2	0.2	0.2	0.2	0.2	0.2	0.2	0.2	0.2	0.2	0.2	0.2	0.2	0.2	0.2	0.2	0.2	0.2	0.2	0.2	0.2	0.2
30
1	2	3	4	5	6	7	8	9	10	11	12	13	14	15	16	17	18	19	20	21	22	23	24	25	26	27	28	29	30
200	200	200	200	200	200	200	200	200	200	200	200	200	200	200	200	200	200	200	200	200	200	200	200	200	200	200	200	200	200
200	200	200	200	200	200	200	200	200	200	200	200	200	200	200	200	200	200	200	200	200	200	200	200	200	200	200	200	200	200
0.07	0.1	0.1	0.175	0.115	0.08	0.09	0.06	0.04	0.035	0.02	0.115
0.075	0.115	0.19	0.13	0.075	0.055	0.105	0.04	0.03	0.055	0.03	0.1
0.055	0.19	0.14	0.11	0.07	0.085	0.065	0.065	0.055	0.055	0.025	0.085
0.045	0.155	0.205	0.135	0.09	0.1	0.065	0.045	0.05	0.025	0.01	0.075
0.11	0.14	0.135	0.115	0.115	0.075	0.05	0.03	0.06	0.03	0.04	0.1
0.12	0.125	0.125	0.12	0.175	0.06	0.035	0.055	0.03	0.04	0.02	0.095
0.055	0.135	0.2	0.12	0.1	0.08	0.06	0.04	0.06	0.03	0.02	0.1
0.07	0.17	0.145	0.21	0.08	0.05	0.065	0.045	0.05	0.01	0.02	0.085
0.09	0.17	0.14	0.155	0.11	0.08	0.035	0.02	0.02	0.025	0.02	0.135
0.05	0.155	0.215	0.11	0.095	0.095	0.045	0.055	0.05	0.035	0.01	0.085
0.08	0.19	0.165	0.125	0.05	0.075	0.09	0.045	0.03	0.04	0.02	0.09
0.055	0.175	0.195	0.105	0.125	0.055	0.085	0.06	0.05	0.015	0.03	0.05
0.055	0.185	0.22	0.115	0.1	0.085	0.03	0.08	0.03	0	0.035	0.065
0.1	0.165	0.155	0.195	0.135	0.05	0.05	0.025	0.035	0.01	0.005	0.075
0.085	0.195	0.155	0.135	0.13	0.09	0.03	0.045	0.03	0.03	0.04	0.035
0.08	0.21	0.195	0.17	0.085	0.05	0.04	0.04	0.04	0.01	0.02	0.06
0.1	0.185	0.205	0.165	0.07	0.06	0.07	0.04	0.01	0.03	0.005	0.06
0.065	0.24	0.235	0.115	0.11	0.05	0.045	0.035	0.015	0.02	0.02	0.05
0.125	0.19	0.22	0.16	0.07	0.08	0.03	0.015	0.04	0.015	0.01	0.045
0.075	0.205	0.185	0.22	0.125	0.07	0.03	0.02	0.015	0.005	0.01	0.04
0.1	0.165	0.17	0.17	0.14	0.065	0.06	0.025	0.05	0.015	0.015	0.025
0.15	0.23	0.135	0.19	0.12	0.08	0.03	0.03	0.01	0	0	0.025
0.095	0.255	0.32	0.085	0.085	0.055	0.025	0.02	0.025	0.02	0.01	0.005
0.115	0.17	0.25	0.21	0.075	0.05	0.025	0.045	0.03	0.005	0.005	0.02
0.14	0.205	0.21	0.125	0.135	0.05	0.055	0.015	0.015	0.025	0.005	0.02
0.125	0.285	0.18	0.16	0.11	0.07	0.025	0.01	0.01	0.01	0.01	0.005
0.135	0.265	0.25	0.115	0.09	0.055	0.025	0.02	0.005	0.01	0.02	0.01
0.11	0.23	0.175	0.185	0.15	0.075	0.025	0.005	0.02	0	0.005	0.02
0.205	0.3	0.23	0.105	0.075	0.025	0.02	0.025	0.01	0	0	0.005
0.115	0.3	0.265	0.13	0.06	0.055	0.02	0.035	0	0.01	0	0.01
#######LANDINGS DATA#######
1
30
160.959439804605	466.707644217589	759.818496079288	994.724883069063	766.647817507814	1331.5737097803	1281.26486894851	2481.80112868033	1319.0008752399	1532.16631716642	1621.50513766051	1612.37212558184	1104.68759033413	1514.94366821273	1512.50127350835	1267.2423740101	2257.51151765811	1610.85848942265	1452.8596925622	1307.72523839643	1625.63979184608	1084.6561148591	1625.73645717542	1203.82799443854	1115.44115106493	972.234813493493	928.118372138199	1207.60186579921	878.3375901217	1272.1082843228
0.01	0.01	0.01	0.01	0.01	0.01	0.01	0.01	0.01	0.01	0.01	0.01	0.01	0.01	0.01	0.01	0.01	0.01	0.01	0.01	0.01	0.01	0.01	0.01	0.01	0.01	0.01	0.01	0.01	0.01
30
1	2	3	4	5	6	7	8	9	10	11	12	13	14	15	16	17	18	19	20	21	22	23	24	25	26	27	28	29	30
200	200	200	200	200	200	200	200	200	200	200	200	200	200	200	200	200	200	200	200	200	200	200	200	200	200	200	200	200	200
200	200	200	200	200	200	200	200	200	200	200	200	200	200	200	200	200	200	200	200	200	200	200	200	200	200	200	200	200	200
0.065	0.165	0.14	0.09	0.095	0.065	0.06	0.045	0.04	0.045	0.025	0.165
0.07	0.09	0.16	0.105	0.105	0.085	0.1	0.03	0.035	0.035	0.045	0.14
0.075	0.13	0.2	0.065	0.065	0.07	0.075	0.04	0.08	0.035	0.03	0.135
0.055	0.145	0.14	0.145	0.145	0.06	0.035	0.075	0.03	0.04	0.025	0.105
0.085	0.125	0.1	0.1	0.11	0.085	0.07	0.05	0.045	0.025	0.035	0.17
0.115	0.17	0.12	0.105	0.1	0.085	0.035	0.055	0.04	0.03	0.01	0.135
0.065	0.19	0.14	0.07	0.09	0.085	0.055	0.045	0.045	0.04	0.035	0.14
0.105	0.155	0.185	0.12	0.075	0.085	0.08	0.04	0.01	0.02	0.035	0.09
0.065	0.115	0.15	0.125	0.12	0.045	0.045	0.065	0.06	0.035	0.03	0.145
0.095	0.13	0.17	0.145	0.09	0.09	0.045	0.03	0.04	0.035	0.01	0.12
0.065	0.12	0.135	0.125	0.1	0.125	0.085	0.03	0.035	0.05	0.015	0.115
0.08	0.145	0.15	0.135	0.135	0.075	0.045	0.055	0.04	0.02	0.035	0.085
0.07	0.135	0.15	0.155	0.145	0.115	0.055	0.03	0.035	0.015	0.02	0.075
0.1	0.135	0.15	0.19	0.1	0.055	0.065	0.02	0.015	0.045	0.02	0.105
0.105	0.165	0.185	0.13	0.115	0.1	0.03	0.03	0.045	0.035	0.025	0.035
0.1	0.115	0.17	0.16	0.125	0.11	0.06	0.035	0.02	0.02	0.02	0.065
0.125	0.135	0.155	0.135	0.11	0.09	0.065	0.045	0.05	0.035	0.005	0.05
0.085	0.18	0.18	0.16	0.125	0.065	0.045	0.05	0.025	0.02	0.015	0.05
0.155	0.125	0.215	0.14	0.075	0.1	0.06	0.025	0.045	0.015	0.01	0.035
0.11	0.15	0.125	0.215	0.15	0.11	0.025	0.015	0.04	0.015	0.01	0.035
0.175	0.16	0.175	0.14	0.1	0.08	0.055	0.05	0.02	0.005	0.015	0.025
0.155	0.28	0.11	0.125	0.085	0.125	0.065	0.025	0.02	0.01	0	0
0.14	0.195	0.23	0.12	0.085	0.07	0.07	0.03	0.03	0.015	0.005	0.01
0.095	0.21	0.24	0.19	0.07	0.085	0.02	0.045	0.005	0.015	0.01	0.015
0.185	0.145	0.15	0.185	0.145	0.045	0.045	0.02	0.025	0.02	0.01	0.025
0.11	0.225	0.215	0.14	0.095	0.09	0.05	0.015	0.015	0.015	0.01	0.02
0.115	0.185	0.3	0.145	0.095	0.06	0.065	0.01	0.01	0	0	0.015
0.23	0.185	0.18	0.18	0.085	0.05	0.065	0.02	0	0	0.005	0
0.205	0.255	0.21	0.1	0.075	0.075	0.02	0.01	0.025	0.01	0.005	0.01
0.125	0.285	0.22	0.115	0.095	0.08	0.03	0.015	0.02	0.005	0	0.01
#######PARAMETER SECTION#######
800	400	1200	-4	800	-0.25	1
0.18	0.01	1	-4	0.18	-0.25	1
-1.36	-5	-0.001	-4	-1.36	-0.25	1
0.1	0.05	0.3	-4	0.1	-0.25	1
0.2	0.01	0.5	-4	0.2	-0.25	1
0.75	0.20001	1	-3	0.75	-0.25	1
13.815511	-1	200	1	13.815511	-0.25	1
0	-1	1	-4	0	-0.25	1
0.2	1e-04	1.2	-3	0.2	-0.25	1
0	-10	10	-6	0	-1	1
0	-10	10	-6	0	-1	1
2	0	12	-2	2	-0.5	1
1	0	12	-2	1	-0.5	1
2	0	12	-2	2	-0.5	1
1	0	12	-2	1	-0.5	1
1.5	0	12	-2	1.5	-0.5	1
2	0	12	-2	2	-0.5	1
-14.8682006803499	-30	5	1	-14.8682006803499	-1	1
1	0.1	2	-1	1	-1	1
-1.51930887058023	-10	1.39	1	-1.51930887058023	-1	1
#######DEV CONSTRAINTS and DEVS#######
-15	15	2
-15	15	2
-15	15	2
0	0	0	0	0	0	0	0	0	0	0	0	0	0	0	0	0	0	0	0	0	0	0	0	0	0	0	0	0	0
0	0	0	0	0	0	0	0	0	0	0	0	0	0	0	0	0	0	0	0	0	0	0	0	0	0	0	0	0	0
0	0	0	0	0	0	0	0	0	0	0
#######LIKELIHOOD WEIGHTS#######
1
1
1
1
0
1
0
0
0
#######MISCELLANEOUS STUFF SECTION#######
2.5e-08
3
0.5	0.5	0.5	0.5	0.5	0.5	0.5	0.5	0.5	0.5	0.5	0.5
0.0229773699100256	0.320821300824607	0.904650535100891	0.994779874306442	0.999738809680904	0.999986992871533	0.999999352405202	0.999999967758134	0.999999998394772	0.99999999992008	0.999999999996021	0.999999999999802
0.2	0.2	0.2	0.2	0.2	0.2	0.2	0.2	0.2	0.2	0.2	0.2
0
1
10
0.2
1
1	0	0	0	0	0	0	0	0	0	0	0
0	1	0	0	0	0	0	0	0	0	0	0
0	0	1	0	0	0	0	0	0	0	0	0
0	0	0	1	0	0	0	0	0	0	0	0
0	0	0	0	1	0	0	0	0	0	0	0
0	0	0	0	0	1	0	0	0	0	0	0
0	0	0	0	0	0	1	0	0	0	0	0
0	0	0	0	0	0	0	1	0	0	0	0
0	0	0	0	0	0	0	0	1	0	0	0
0	0	0	0	0	0	0	0	0	1	0	0
0	0	0	0	0	0	0	0	0	0	1	0
0	0	0	0	0	0	0	0	0	0	0	1
40
31
2
1
#######END OF DATA FILE#######
999
