#styr																																				
1
#endyr																																			
30
#rec_age																																	
1																																						#n_ages																																		
12
# numbers of length intervals
81
#Length	bin
10	11	12	13	14	15	16	17	18	19	20	21	22	23	24	25	26	27	28	29	30	31	32	33	34	35	36	37	38	39	40	41	42	43	44	45	46	47	48	49	50	51	52	53	54	55	56	57	58	59	60	61	62	63	64	65	66	67	68	69	70	71	72	73	74	75	76	77	78	79	80	81	82	83	84	85	86	87	88	89	90
#nfsh
1
#names_fsh
OM1																																				
#catch																																			
161.036169910572	470.991243929468	763.422368391145	1003.73447392764	768.846313083321	1327.64638655774	1276.26597987789	2482.56300876831	1340.74214996883	1516.14404405376	1624.72376724544	1618.69362697242	1101.93101487658	1536.73780283524	1479.90824927926	1275.51410694774	2244.91138594605	1605.09240663418	1466.49403441821	1315.54997751889	1627.08677442339	1075.26731058192	1628.35448111136	1202.00412941707	1119.29622605738	971.617889103558	932.49587196301	1207.14463180125	866.790078915436	1276.39625555573
#catch_cv																																		
0.01	0.01	0.01	0.01	0.01	0.01	0.01	0.01	0.01	0.01	0.01	0.01	0.01	0.01	0.01	0.01	0.01	0.01	0.01	0.01	0.01	0.01	0.01	0.01	0.01	0.01	0.01	0.01	0.01	0.01
#n_ages_fsh																															
30																			
#n_lengths_fsh																															
0																																						
#yrs_ages_fsh																																
1	2	3	4	5	6	7	8	9	10	11	12	13	14	15	16	17	18	19	20	21	22	23	24	25	26	27	28	29	30						
#sample_ages_fsh																														
200	200	200	200	200	200	200	200	200	200	200	200	200	200	200	200	200	200	200	200	200	200	200	200	200	200	200	200	200	200
#page_fsh	2	3	4	5	6	7	8	9	10	11																						
0.045	0.11	0.155	0.13	0.14	0.09	0.05	0.025	0.055	0.01	0.04	0.15
0.085	0.135	0.135	0.15	0.09	0.085	0.07	0.06	0.02	0.05	0.01	0.11
0.07	0.065	0.13	0.14	0.06	0.11	0.055	0.06	0.04	0.055	0.03	0.185
0.065	0.085	0.175	0.09	0.14	0.115	0.045	0.04	0.04	0.04	0.025	0.14
0.06	0.1	0.12	0.195	0.11	0.06	0.075	0.065	0.055	0.015	0.025	0.12
0.11	0.15	0.115	0.105	0.075	0.075	0.06	0.03	0.05	0.045	0.015	0.17
0.06	0.11	0.185	0.12	0.095	0.085	0.08	0.035	0.04	0.035	0.015	0.14
0.09	0.08	0.185	0.17	0.115	0.065	0.06	0.06	0.055	0.025	0.01	0.085
0.095	0.11	0.135	0.15	0.155	0.055	0.05	0.045	0.04	0.035	0.015	0.115
0.105	0.09	0.165	0.105	0.13	0.09	0.07	0.04	0.03	0.02	0.02	0.135
0.085	0.16	0.07	0.14	0.12	0.11	0.06	0.015	0.03	0.04	0.025	0.145
0.07	0.13	0.165	0.095	0.135	0.105	0.075	0.04	0.015	0.035	0.03	0.105
0.065	0.11	0.17	0.2	0.1	0.12	0.065	0.03	0.025	0.025	0.03	0.06
0.125	0.115	0.13	0.205	0.11	0.06	0.075	0.04	0.05	0.025	0.015	0.05
0.105	0.175	0.135	0.115	0.105	0.085	0.09	0.045	0.025	0.02	0.025	0.075
0.125	0.135	0.215	0.15	0.075	0.07	0.07	0.03	0.055	0.01	0.02	0.045
0.135	0.145	0.19	0.12	0.14	0.085	0.04	0.04	0.035	0.02	0.01	0.04
0.105	0.17	0.24	0.12	0.11	0.075	0.035	0.045	0.035	0.015	0.005	0.045
0.08	0.155	0.21	0.225	0.105	0.075	0.04	0.025	0.03	0.015	0.015	0.025
0.12	0.21	0.15	0.145	0.12	0.09	0.05	0.01	0.045	0.015	0.015	0.03
0.165	0.185	0.16	0.135	0.135	0.075	0.03	0.04	0.02	0.01	0.005	0.04
0.16	0.28	0.135	0.15	0.07	0.06	0.045	0.04	0.02	0.015	0.005	0.02
0.085	0.21	0.205	0.155	0.125	0.075	0.05	0.05	0.01	0.005	0.005	0.025
0.095	0.215	0.25	0.21	0.07	0.055	0.015	0.04	0.02	0.015	0.005	0.01
0.145	0.145	0.215	0.175	0.155	0.05	0.02	0.02	0.03	0.025	0	0.02
0.095	0.175	0.24	0.14	0.175	0.06	0.04	0.025	0.005	0.015	0.005	0.025
0.165	0.15	0.265	0.16	0.095	0.07	0.035	0.01	0.015	0.015	0.005	0.015
0.16	0.205	0.17	0.15	0.08	0.105	0.06	0.03	0.025	0.005	0.005	0.005
0.155	0.255	0.22	0.1	0.12	0.06	0.04	0.02	0.015	0.005	0	0.01
0.19	0.275	0.225	0.125	0.04	0.045	0.04	0.01	0.015	0.02	0.005	0.01
#wt_age_fsh	1 2	3	4	5	6	7	8	9	10	11																				
0.000530656	0.001196328	0.002058265	0.003034987	0.004055212	0.005064698	0.006026226	0.006916921	0.007724891	0.008446113	0.009081853	0.009636695
0.000530656	0.001196328	0.002058265	0.003034987	0.004055212	0.005064698	0.006026226	0.006916921	0.007724891	0.008446113	0.009081853	0.009636695
0.000530656	0.001196328	0.002058265	0.003034987	0.004055212	0.005064698	0.006026226	0.006916921	0.007724891	0.008446113	0.009081853	0.009636695
0.000530656	0.001196328	0.002058265	0.003034987	0.004055212	0.005064698	0.006026226	0.006916921	0.007724891	0.008446113	0.009081853	0.009636695
0.000530656	0.001196328	0.002058265	0.003034987	0.004055212	0.005064698	0.006026226	0.006916921	0.007724891	0.008446113	0.009081853	0.009636695
0.000530656	0.001196328	0.002058265	0.003034987	0.004055212	0.005064698	0.006026226	0.006916921	0.007724891	0.008446113	0.009081853	0.009636695
0.000530656	0.001196328	0.002058265	0.003034987	0.004055212	0.005064698	0.006026226	0.006916921	0.007724891	0.008446113	0.009081853	0.009636695
0.000530656	0.001196328	0.002058265	0.003034987	0.004055212	0.005064698	0.006026226	0.006916921	0.007724891	0.008446113	0.009081853	0.009636695
0.000530656	0.001196328	0.002058265	0.003034987	0.004055212	0.005064698	0.006026226	0.006916921	0.007724891	0.008446113	0.009081853	0.009636695
0.000530656	0.001196328	0.002058265	0.003034987	0.004055212	0.005064698	0.006026226	0.006916921	0.007724891	0.008446113	0.009081853	0.009636695
0.000530656	0.001196328	0.002058265	0.003034987	0.004055212	0.005064698	0.006026226	0.006916921	0.007724891	0.008446113	0.009081853	0.009636695
0.000530656	0.001196328	0.002058265	0.003034987	0.004055212	0.005064698	0.006026226	0.006916921	0.007724891	0.008446113	0.009081853	0.009636695
0.000530656	0.001196328	0.002058265	0.003034987	0.004055212	0.005064698	0.006026226	0.006916921	0.007724891	0.008446113	0.009081853	0.009636695
0.000530656	0.001196328	0.002058265	0.003034987	0.004055212	0.005064698	0.006026226	0.006916921	0.007724891	0.008446113	0.009081853	0.009636695
0.000530656	0.001196328	0.002058265	0.003034987	0.004055212	0.005064698	0.006026226	0.006916921	0.007724891	0.008446113	0.009081853	0.009636695
0.000530656	0.001196328	0.002058265	0.003034987	0.004055212	0.005064698	0.006026226	0.006916921	0.007724891	0.008446113	0.009081853	0.009636695
0.000530656	0.001196328	0.002058265	0.003034987	0.004055212	0.005064698	0.006026226	0.006916921	0.007724891	0.008446113	0.009081853	0.009636695
0.000530656	0.001196328	0.002058265	0.003034987	0.004055212	0.005064698	0.006026226	0.006916921	0.007724891	0.008446113	0.009081853	0.009636695
0.000530656	0.001196328	0.002058265	0.003034987	0.004055212	0.005064698	0.006026226	0.006916921	0.007724891	0.008446113	0.009081853	0.009636695
0.000530656	0.001196328	0.002058265	0.003034987	0.004055212	0.005064698	0.006026226	0.006916921	0.007724891	0.008446113	0.009081853	0.009636695
0.000530656	0.001196328	0.002058265	0.003034987	0.004055212	0.005064698	0.006026226	0.006916921	0.007724891	0.008446113	0.009081853	0.009636695
0.000530656	0.001196328	0.002058265	0.003034987	0.004055212	0.005064698	0.006026226	0.006916921	0.007724891	0.008446113	0.009081853	0.009636695
0.000530656	0.001196328	0.002058265	0.003034987	0.004055212	0.005064698	0.006026226	0.006916921	0.007724891	0.008446113	0.009081853	0.009636695
0.000530656	0.001196328	0.002058265	0.003034987	0.004055212	0.005064698	0.006026226	0.006916921	0.007724891	0.008446113	0.009081853	0.009636695
0.000530656	0.001196328	0.002058265	0.003034987	0.004055212	0.005064698	0.006026226	0.006916921	0.007724891	0.008446113	0.009081853	0.009636695
0.000530656	0.001196328	0.002058265	0.003034987	0.004055212	0.005064698	0.006026226	0.006916921	0.007724891	0.008446113	0.009081853	0.009636695
0.000530656	0.001196328	0.002058265	0.003034987	0.004055212	0.005064698	0.006026226	0.006916921	0.007724891	0.008446113	0.009081853	0.009636695
0.000530656	0.001196328	0.002058265	0.003034987	0.004055212	0.005064698	0.006026226	0.006916921	0.007724891	0.008446113	0.009081853	0.009636695
0.000530656	0.001196328	0.002058265	0.003034987	0.004055212	0.005064698	0.006026226	0.006916921	0.007724891	0.008446113	0.009081853	0.009636695
0.000530656	0.001196328	0.002058265	0.003034987	0.004055212	0.005064698	0.006026226	0.006916921	0.007724891	0.008446113	0.009081853	0.009636695

#nind
1
#ind_names																																	
survey_index1																																
#nobs_ind
30
#yrs_ind																																		
1	2	3	4	5	6	7	8	9	10	11	12	13	14	15	16	17	18	19	20	21	22	23	24	25	26	27	28	29	30	
#month_ind																																	
1																																						
#biom_ind																																		
1.63279942908872	1.45362583664577	1.5241550153623	1.7933528023041	1.56409892212136	1.47668453571297	1.66649907761345	1.3628480524366	1.27233893093434	1.18726544272447	1.07337809463887	1.0793283605844	1.19796589348071	1.14842397499013	1.01606093298722	0.856213724491796	0.897112871091448	0.823954880818798	0.765531575774031	0.64474737747452	0.791921822404617	0.665068590514559	0.624232744165249	0.560431047253142	0.688820385338689	0.457483347200179	0.495284134163088	0.502286960526192	0.501330978021505	0.540384778803143
#biom_cv																				
0.326559885817743	0.290725167329154	0.304831003072459	0.35867056046082	0.312819784424271	0.295336907142595	0.33329981552269	0.27256961048732	0.254467786186868	0.237453088544895	0.214675618927774	0.21586567211688	0.239593178696142	0.229684794998026	0.203212186597443	0.171242744898359	0.17942257421829	0.16479097616376	0.153106315154806	0.128949475494904	0.158384364480923	0.133013718102912	0.12484654883305	0.112086209450628	0.137764077067738	0.0914966694400358	0.0990568268326175	0.100457392105238	0.100266195604301	0.108076955760629
#n_ages_ind																																	
30			
#n_lengths_ind																															
0																																						
#yrs_ages_ind																																
1	2	3	4	5	6	7	8	9	10	11	12	13	14	15	16	17	18	19	20	21	22	23	24	25	26	27	28	29	30																						
#sample_ages_ind																														
200	200	200	200	200	200	200	200	200	200	200	200	200	200	200	200	200	200	200	200	200	200	200	200	200	200	200	200	200	200
#page_ind																																		
0.1	0.13	0.135	0.135	0.105	0.065	0.07	0.05	0.05	0.025	0.035	0.1
0.07	0.135	0.15	0.18	0.08	0.07	0.065	0.06	0.05	0.035	0.015	0.09
0.06	0.16	0.115	0.12	0.11	0.13	0.05	0.06	0.04	0.025	0.02	0.11
0.08	0.15	0.14	0.14	0.08	0.075	0.07	0.07	0.025	0.055	0.015	0.1
0.155	0.125	0.095	0.12	0.1	0.11	0.065	0.055	0.015	0.01	0.045	0.105
0.09	0.185	0.115	0.12	0.135	0.095	0.055	0.04	0.035	0.035	0.03	0.065
0.09	0.215	0.18	0.09	0.08	0.11	0.025	0.04	0.035	0.02	0.03	0.085
0.065	0.13	0.255	0.135	0.075	0.055	0.065	0.05	0.02	0.01	0.055	0.085
0.095	0.145	0.115	0.145	0.155	0.075	0.04	0.04	0.035	0.045	0.015	0.095
0.075	0.145	0.24	0.12	0.085	0.09	0.03	0.03	0.045	0.015	0.03	0.095
0.07	0.22	0.205	0.135	0.085	0.075	0.04	0.025	0.015	0.04	0.015	0.075
0.07	0.195	0.17	0.14	0.135	0.045	0.045	0.065	0.02	0.005	0.02	0.09
0.035	0.165	0.19	0.105	0.145	0.045	0.06	0.08	0.04	0.03	0.02	0.085
0.07	0.175	0.19	0.175	0.085	0.07	0.065	0.025	0.035	0.04	0.015	0.055
0.085	0.2	0.17	0.15	0.09	0.1	0.02	0.055	0.02	0.035	0.015	0.06
0.095	0.16	0.2	0.105	0.14	0.06	0.07	0.03	0.03	0.03	0.015	0.065
0.08	0.215	0.23	0.145	0.09	0.045	0.065	0.04	0.015	0.035	0.005	0.035
0.03	0.245	0.285	0.105	0.115	0.04	0.04	0.03	0.03	0.015	0.005	0.06
0.11	0.125	0.245	0.165	0.065	0.1	0.04	0.02	0.025	0.025	0.03	0.05
0.085	0.22	0.205	0.18	0.085	0.03	0.065	0.045	0.03	0.015	0.01	0.03
0.11	0.2	0.185	0.15	0.135	0.07	0.035	0.035	0.03	0.02	0.015	0.015
0.17	0.305	0.17	0.125	0.065	0.055	0.025	0.01	0.025	0.01	0.015	0.025
0.095	0.245	0.28	0.085	0.085	0.04	0.06	0.04	0.025	0.005	0	0.04
0.095	0.215	0.26	0.16	0.09	0.07	0.02	0.03	0.03	0.01	0.01	0.01
0.16	0.2	0.2	0.155	0.12	0.06	0.035	0.025	0.015	0.015	0.01	0.005
0.15	0.24	0.205	0.1	0.15	0.075	0.025	0.015	0.005	0.015	0.01	0.01
0.12	0.25	0.26	0.115	0.1	0.07	0.04	0.005	0.005	0.01	0.01	0.015
0.165	0.195	0.195	0.215	0.085	0.045	0.045	0.015	0.015	0.005	0.01	0.01
0.145	0.21	0.215	0.135	0.15	0.055	0.03	0.03	0.01	0.005	0.005	0.01
0.115	0.275	0.24	0.12	0.105	0.06	0.025	0.015	0.02	0.02	0	0.005
#wt_age_ind																																	
1 1 1 1 1 1 1 1 1 1 1 1 
1 1 1 1 1 1 1 1 1 1 1 1 
1 1 1 1 1 1 1 1 1 1 1 1 
1 1 1 1 1 1 1 1 1 1 1 1 
1 1 1 1 1 1 1 1 1 1 1 1 
1 1 1 1 1 1 1 1 1 1 1 1 
1 1 1 1 1 1 1 1 1 1 1 1 
1 1 1 1 1 1 1 1 1 1 1 1 
1 1 1 1 1 1 1 1 1 1 1 1 
1 1 1 1 1 1 1 1 1 1 1 1 
1 1 1 1 1 1 1 1 1 1 1 1 
1 1 1 1 1 1 1 1 1 1 1 1 
1 1 1 1 1 1 1 1 1 1 1 1 
1 1 1 1 1 1 1 1 1 1 1 1 
1 1 1 1 1 1 1 1 1 1 1 1 
1 1 1 1 1 1 1 1 1 1 1 1 
1 1 1 1 1 1 1 1 1 1 1 1 
1 1 1 1 1 1 1 1 1 1 1 1 
1 1 1 1 1 1 1 1 1 1 1 1 
1 1 1 1 1 1 1 1 1 1 1 1 
1 1 1 1 1 1 1 1 1 1 1 1 
1 1 1 1 1 1 1 1 1 1 1 1 
1 1 1 1 1 1 1 1 1 1 1 1 
1 1 1 1 1 1 1 1 1 1 1 1 
1 1 1 1 1 1 1 1 1 1 1 1 
1 1 1 1 1 1 1 1 1 1 1 1 
1 1 1 1 1 1 1 1 1 1 1 1 
1 1 1 1 1 1 1 1 1 1 1 1 
1 1 1 1 1 1 1 1 1 1 1 1 
1 1 1 1 1 1 1 1 1 1 1 1 
# wt_pop
0.000530656	0.001196328	0.002058265	0.003034987	0.004055212	0.005064698	0.006026226	0.006916921	0.007724891	0.008446113	0.009081853	0.009636695
#maturity
0.02297737 0.32082130 0.90465054 0.99477987 0.99973881 0.99998699 0.99999935 0.99999997 1 1 1 1
#spmonth																																		
1		
#age_err																																		
1	0	0	0	0	0	0	0	0	0	0	0
0	1	0	0	0	0	0	0	0	0	0	0
0	0	1	0	0	0	0	0	0	0	0	0
0	0	0	1	0	0	0	0	0	0	0	0
0	0	0	0	1	0	0	0	0	0	0	0
0	0	0	0	0	1	0	0	0	0	0	0
0	0	0	0	0	0	1	0	0	0	0	0
0	0	0	0	0	0	0	1	0	0	0	0
0	0	0	0	0	0	0	0	1	0	0	0
0	0	0	0	0	0	0	0	0	1	0	0
0	0	0	0	0	0	0	0	0	0	1	0
0	0	0	0	0	0	0	0	0	0	0	1																														
