#styr												
1
#endyr												
30
#rec_age										
1															
#n_ages										
12
# numbers of length intervals
81
#Length	bin
10	11	12	13	14	15	16	17	18	19	20	21	22	23	24	25	26	27	28	29	30	31	32	33	34	35	36	37	38	39	40	41	42	43	44	45	46	47	48	49	50	51	52	53	54	55	56	57	58	59	60	61	62	63	64	65	66	67	68	69	70	71	72	73	74	75	76	77	78	79	80	81	82	83	84	85	86	87	88	89	90
#nfsh
1
#names_fsh
FLEET1												
#catch												
160.937147529237	526.86110947976	876.206040186352	1158.93690340189	877.088121283778	1505.08134286055	1422.28519378003	2690.04566266747	1421.11058684824	1597.8455517597	1684.22606232836	1655.67532063665	1151.20526682418	1615.55937001383	1591.73658932158	1371.46404556373	2419.36478660301	1681.16755019507	1491.24120524149	1316.15570914896	1612.64498714887	1072.47423106097	1588.34561275364	1111.56444520274	984.34688422226	721.647860422383	613.310758250154	699.329315008109	396.5069986475	379.369983631686
#catch_cv											
0.01	0.01	0.01	0.01	0.01	0.01	0.01	0.01	0.01	0.01	0.01	0.01	0.01	0.01	0.01	0.01	0.01	0.01	0.01	0.01	0.01	0.01	0.01	0.01	0.01	0.01	0.01	0.01	0.01	0.01
#n_ages_fsh								
30		
#n_lengths_fsh								
0															
#yrs_ages_fsh								
1	2	3	4	5	6	7	8	9	10	11	12	13	14	15	16	17	18	19	20	21	22	23	24	25	26	27	28	29	30	
#sample_ages_fsh							
200	200	200	200	200	200	200	200	200	200	200	200	200	200	200	200	200	200	200	200	200	200	200	200	200	200	200	200	200	200
#page_fsh	2	3	4	5	6	7	8	9	10	11						
0.085	0.095	0.14	0.11	0.115	0.08	0.05	0.055	0.005	0.055	0.03	0.18
0.045	0.12	0.13	0.135	0.09	0.125	0.095	0.035	0.03	0.025	0.05	0.12
0.09	0.095	0.11	0.135	0.085	0.11	0.065	0.085	0.035	0.05	0.035	0.105
0.07	0.12	0.12	0.14	0.1	0.09	0.09	0.035	0.025	0.045	0.03	0.135
0.075	0.105	0.16	0.13	0.085	0.07	0.065	0.045	0.06	0.05	0.035	0.12
0.11	0.155	0.115	0.105	0.095	0.095	0.06	0.035	0.04	0.04	0.03	0.12
0.08	0.185	0.105	0.1	0.095	0.065	0.07	0.055	0.05	0.03	0.035	0.13
0.11	0.1	0.15	0.17	0.095	0.07	0.045	0.06	0.04	0.025	0.03	0.105
0.08	0.105	0.16	0.165	0.1	0.085	0.085	0.045	0.04	0.015	0.02	0.1
0.105	0.17	0.15	0.11	0.1	0.105	0.07	0.07	0.03	0.01	0.005	0.075
0.07	0.155	0.12	0.19	0.125	0.095	0.07	0.03	0.015	0.025	0.015	0.09
0.12	0.15	0.245	0.11	0.13	0.065	0.02	0.05	0.03	0.01	0.02	0.05
0.095	0.24	0.155	0.155	0.08	0.1	0.035	0.035	0.015	0.02	0.015	0.055
0.085	0.155	0.18	0.14	0.135	0.09	0.055	0.025	0.02	0.025	0.02	0.07
0.155	0.145	0.145	0.19	0.09	0.07	0.025	0.045	0.05	0.02	0.02	0.045
0.13	0.18	0.165	0.135	0.11	0.055	0.085	0.035	0.025	0.015	0.025	0.04
0.09	0.125	0.19	0.255	0.06	0.105	0.045	0.035	0.02	0.03	0.005	0.04
0.075	0.215	0.15	0.18	0.115	0.095	0.075	0.02	0.04	0	0.01	0.025
0.165	0.11	0.17	0.155	0.145	0.085	0.03	0.055	0.01	0.02	0.005	0.05
0.15	0.195	0.175	0.125	0.12	0.07	0.055	0.02	0.02	0.02	0.015	0.035
0.115	0.28	0.16	0.12	0.055	0.115	0.025	0.01	0.05	0.025	0.01	0.035
0.115	0.195	0.265	0.145	0.09	0.065	0.045	0.035	0.01	0.005	0.005	0.025
0.085	0.27	0.2	0.18	0.07	0.07	0.055	0.035	0.01	0.015	0	0.01
0.14	0.17	0.275	0.125	0.115	0.045	0.025	0.03	0.04	0.02	0.01	0.005
0.245	0.22	0.195	0.135	0.095	0.06	0.02	0.005	0.005	0.005	0	0.015
0.135	0.305	0.185	0.11	0.095	0.05	0.08	0.02	0.01	0.005	0	0.005
0.155	0.24	0.23	0.14	0.11	0.065	0.02	0.015	0.01	0	0.005	0.01
0.1	0.245	0.18	0.2	0.095	0.06	0.055	0.025	0.01	0.01	0	0.02
0.21	0.12	0.265	0.14	0.155	0.05	0.015	0.02	0.015	0.005	0	0.005
0.11	0.215	0.14	0.245	0.1	0.085	0.05	0.03	0.015	0.01	0	0
#wt_age_fsh	1 2	3	4	5	6	7	8	9	10	11						
0.000530656	0.001196328	0.002058265	0.003034987	0.004055212	0.005064698	0.006026226	0.006916921	0.007724891	0.008446113	0.009081853	0.009636695
0.000530656	0.001196328	0.002058265	0.003034987	0.004055212	0.005064698	0.006026226	0.006916921	0.007724891	0.008446113	0.009081853	0.009636695
0.000530656	0.001196328	0.002058265	0.003034987	0.004055212	0.005064698	0.006026226	0.006916921	0.007724891	0.008446113	0.009081853	0.009636695
0.000530656	0.001196328	0.002058265	0.003034987	0.004055212	0.005064698	0.006026226	0.006916921	0.007724891	0.008446113	0.009081853	0.009636695
0.000530656	0.001196328	0.002058265	0.003034987	0.004055212	0.005064698	0.006026226	0.006916921	0.007724891	0.008446113	0.009081853	0.009636695
0.000530656	0.001196328	0.002058265	0.003034987	0.004055212	0.005064698	0.006026226	0.006916921	0.007724891	0.008446113	0.009081853	0.009636695
0.000530656	0.001196328	0.002058265	0.003034987	0.004055212	0.005064698	0.006026226	0.006916921	0.007724891	0.008446113	0.009081853	0.009636695
0.000530656	0.001196328	0.002058265	0.003034987	0.004055212	0.005064698	0.006026226	0.006916921	0.007724891	0.008446113	0.009081853	0.009636695
0.000530656	0.001196328	0.002058265	0.003034987	0.004055212	0.005064698	0.006026226	0.006916921	0.007724891	0.008446113	0.009081853	0.009636695
0.000530656	0.001196328	0.002058265	0.003034987	0.004055212	0.005064698	0.006026226	0.006916921	0.007724891	0.008446113	0.009081853	0.009636695
0.000530656	0.001196328	0.002058265	0.003034987	0.004055212	0.005064698	0.006026226	0.006916921	0.007724891	0.008446113	0.009081853	0.009636695
0.000530656	0.001196328	0.002058265	0.003034987	0.004055212	0.005064698	0.006026226	0.006916921	0.007724891	0.008446113	0.009081853	0.009636695
0.000530656	0.001196328	0.002058265	0.003034987	0.004055212	0.005064698	0.006026226	0.006916921	0.007724891	0.008446113	0.009081853	0.009636695
0.000530656	0.001196328	0.002058265	0.003034987	0.004055212	0.005064698	0.006026226	0.006916921	0.007724891	0.008446113	0.009081853	0.009636695
0.000530656	0.001196328	0.002058265	0.003034987	0.004055212	0.005064698	0.006026226	0.006916921	0.007724891	0.008446113	0.009081853	0.009636695
0.000530656	0.001196328	0.002058265	0.003034987	0.004055212	0.005064698	0.006026226	0.006916921	0.007724891	0.008446113	0.009081853	0.009636695
0.000530656	0.001196328	0.002058265	0.003034987	0.004055212	0.005064698	0.006026226	0.006916921	0.007724891	0.008446113	0.009081853	0.009636695
0.000530656	0.001196328	0.002058265	0.003034987	0.004055212	0.005064698	0.006026226	0.006916921	0.007724891	0.008446113	0.009081853	0.009636695
0.000530656	0.001196328	0.002058265	0.003034987	0.004055212	0.005064698	0.006026226	0.006916921	0.007724891	0.008446113	0.009081853	0.009636695
0.000530656	0.001196328	0.002058265	0.003034987	0.004055212	0.005064698	0.006026226	0.006916921	0.007724891	0.008446113	0.009081853	0.009636695
0.000530656	0.001196328	0.002058265	0.003034987	0.004055212	0.005064698	0.006026226	0.006916921	0.007724891	0.008446113	0.009081853	0.009636695
0.000530656	0.001196328	0.002058265	0.003034987	0.004055212	0.005064698	0.006026226	0.006916921	0.007724891	0.008446113	0.009081853	0.009636695
0.000530656	0.001196328	0.002058265	0.003034987	0.004055212	0.005064698	0.006026226	0.006916921	0.007724891	0.008446113	0.009081853	0.009636695
0.000530656	0.001196328	0.002058265	0.003034987	0.004055212	0.005064698	0.006026226	0.006916921	0.007724891	0.008446113	0.009081853	0.009636695
0.000530656	0.001196328	0.002058265	0.003034987	0.004055212	0.005064698	0.006026226	0.006916921	0.007724891	0.008446113	0.009081853	0.009636695
0.000530656	0.001196328	0.002058265	0.003034987	0.004055212	0.005064698	0.006026226	0.006916921	0.007724891	0.008446113	0.009081853	0.009636695
0.000530656	0.001196328	0.002058265	0.003034987	0.004055212	0.005064698	0.006026226	0.006916921	0.007724891	0.008446113	0.009081853	0.009636695
0.000530656	0.001196328	0.002058265	0.003034987	0.004055212	0.005064698	0.006026226	0.006916921	0.007724891	0.008446113	0.009081853	0.009636695
0.000530656	0.001196328	0.002058265	0.003034987	0.004055212	0.005064698	0.006026226	0.006916921	0.007724891	0.008446113	0.009081853	0.009636695
0.000530656	0.001196328	0.002058265	0.003034987	0.004055212	0.005064698	0.006026226	0.006916921	0.007724891	0.008446113	0.009081853	0.009636695
#nind
1
#ind_names									
SURVEY1									
#nobs_ind
30
#yrs_ind											
1	2	3	4	5	6	7	8	9	10	11	12	13	14	15	16	17	18	19	20	21	22	23	24	25	26	27	28	29	30	
#month_ind										
1															
#biom_ind											
1.75287769034699	1.97745130738677	1.47710327949834	1.26142129517906	1.13353971324119	1.21267923043557	1.46131178251768	1.23745292320357	1.04438090341483	1.53001556607691	1.12921482431034	1.32834491732407	1.2957526864171	1.09089815645045	1.03821242292638	0.935816508139117	0.968635660155711	0.780964600272579	0.830573147359373	0.646752998871346	0.735075430778303	0.672706343638977	0.585520746235455	0.429430099661308	0.535041822374053	0.564785015497017	0.534725304481442	0.583292148282088	0.539469535800556	0.562330052125461
#biom_cv																
0.350575538069398	0.395490261477355	0.295420655899668	0.252284259035811	0.226707942648238	0.242535846087114	0.292262356503535	0.247490584640714	0.208876180682967	0.306003113215382	0.225842964862068	0.265668983464815	0.25915053728342	0.21817963129009	0.207642484585277	0.187163301627823	0.193727132031142	0.156192920054516	0.166114629471875	0.129350599774269	0.147015086155661	0.134541268727795	0.117104149247091	0.0858860199322616	0.107008364474811	0.112957003099403	0.106945060896288	0.116658429656418	0.107893907160111	0.112466010425092
#n_ages_ind															
30			
#n_lengths_ind															
0															
#yrs_ages_ind															
1	2	3	4	5	6	7	8	9	10	11	12	13	14	15	16	17	18	19	20	21	22	23	24	25	26	27	28	29	30	
#sample_ages_ind					
200	200	200	200	200	200	200	200	200	200	200	200	200	200	200	200	200	200	200	200	200	200	200	200	200	200	200	200	200	200
#page_ind						
0.075	0.115	0.135	0.155	0.09	0.08	0.07	0.045	0.065	0.02	0.01	0.14
0.05	0.2	0.135	0.1	0.065	0.06	0.08	0.065	0.04	0.025	0.05	0.13
0.09	0.115	0.155	0.085	0.125	0.115	0.055	0.085	0.015	0.04	0.04	0.08
0.085	0.18	0.135	0.12	0.105	0.105	0.06	0.045	0.035	0.025	0.01	0.095
0.075	0.135	0.13	0.155	0.105	0.065	0.08	0.065	0.025	0.03	0.035	0.1
0.035	0.145	0.17	0.17	0.08	0.095	0.065	0.05	0.035	0.02	0.01	0.125
0.06	0.16	0.24	0.11	0.07	0.065	0.055	0.035	0.035	0.04	0.015	0.115
0.1	0.12	0.15	0.14	0.135	0.05	0.07	0.045	0.025	0.025	0.015	0.125
0.085	0.2	0.155	0.125	0.1	0.075	0.04	0.05	0.025	0.02	0.015	0.11
0.09	0.15	0.23	0.125	0.105	0.09	0.045	0.035	0.015	0.01	0.01	0.095
0.07	0.225	0.13	0.19	0.075	0.055	0.08	0.025	0.035	0.025	0.01	0.08
0.105	0.145	0.215	0.15	0.1	0.105	0.05	0.035	0.015	0.015	0	0.065
0.06	0.255	0.185	0.15	0.085	0.085	0.035	0.025	0.025	0.005	0.005	0.085
0.11	0.145	0.265	0.1	0.15	0.035	0.045	0.025	0.04	0.015	0.015	0.055
0.115	0.19	0.15	0.185	0.12	0.095	0.03	0.015	0.03	0.025	0.01	0.035
0.095	0.215	0.21	0.125	0.125	0.08	0.04	0.03	0.02	0.015	0.01	0.035
0.07	0.185	0.19	0.195	0.125	0.11	0.035	0.03	0.01	0.005	0.005	0.04
0.065	0.165	0.175	0.175	0.19	0.075	0.05	0.025	0.035	0.01	0.015	0.02
0.08	0.205	0.185	0.18	0.115	0.08	0.07	0.05	0.015	0	0.005	0.015
0.135	0.155	0.18	0.145	0.11	0.105	0.08	0.04	0.02	0.015	0	0.015
0.095	0.275	0.225	0.13	0.09	0.08	0.05	0.01	0	0.01	0.02	0.015
0.125	0.24	0.23	0.16	0.055	0.05	0.06	0.015	0.02	0.01	0.005	0.03
0.09	0.255	0.18	0.245	0.065	0.04	0.045	0.04	0.01	0.01	0.01	0.01
0.12	0.19	0.3	0.2	0.08	0.025	0.03	0.015	0.015	0.01	0.005	0.01
0.165	0.25	0.165	0.19	0.11	0.065	0.035	0.015	0	0.005	0	0
0.11	0.285	0.295	0.11	0.1	0.02	0.03	0.03	0.01	0.005	0.005	0
0.135	0.235	0.29	0.12	0.07	0.075	0.04	0.01	0.01	0	0	0.015
0.1	0.36	0.16	0.22	0.07	0.005	0.025	0.005	0.005	0.015	0.02	0.015
0.13	0.11	0.32	0.17	0.15	0.055	0.02	0.01	0.02	0.01	0	0.005
0.13	0.29	0.095	0.195	0.075	0.1	0.04	0.025	0.01	0.01	0.015	0.015
#wt_age_ind						
1 1 1 1 1 1 1 1 1 1 1 1 
1 1 1 1 1 1 1 1 1 1 1 1 
1 1 1 1 1 1 1 1 1 1 1 1 
1 1 1 1 1 1 1 1 1 1 1 1 
1 1 1 1 1 1 1 1 1 1 1 1 
1 1 1 1 1 1 1 1 1 1 1 1 
1 1 1 1 1 1 1 1 1 1 1 1 
1 1 1 1 1 1 1 1 1 1 1 1 
1 1 1 1 1 1 1 1 1 1 1 1 
1 1 1 1 1 1 1 1 1 1 1 1 
1 1 1 1 1 1 1 1 1 1 1 1 
1 1 1 1 1 1 1 1 1 1 1 1 
1 1 1 1 1 1 1 1 1 1 1 1 
1 1 1 1 1 1 1 1 1 1 1 1 
1 1 1 1 1 1 1 1 1 1 1 1 
1 1 1 1 1 1 1 1 1 1 1 1 
1 1 1 1 1 1 1 1 1 1 1 1 
1 1 1 1 1 1 1 1 1 1 1 1 
1 1 1 1 1 1 1 1 1 1 1 1 
1 1 1 1 1 1 1 1 1 1 1 1 
1 1 1 1 1 1 1 1 1 1 1 1 
1 1 1 1 1 1 1 1 1 1 1 1 
1 1 1 1 1 1 1 1 1 1 1 1 
1 1 1 1 1 1 1 1 1 1 1 1 
1 1 1 1 1 1 1 1 1 1 1 1 
1 1 1 1 1 1 1 1 1 1 1 1 
1 1 1 1 1 1 1 1 1 1 1 1 
1 1 1 1 1 1 1 1 1 1 1 1 
1 1 1 1 1 1 1 1 1 1 1 1 
1 1 1 1 1 1 1 1 1 1 1 1 
# wt_pop
0.000530656	0.001196328	0.002058265	0.003034987	0.004055212	0.005064698	0.006026226	0.006916921	0.007724891	0.008446113	0.009081853	0.009636695
#maturity
0.02297737 0.32082130 0.90465054 0.99477987 0.99973881 0.99998699 0.99999935 0.99999997 1 1 1 1
#spmonth						
1		
#age_err						
1	0	0	0	0	0	0	0	0	0	0	0
0	1	0	0	0	0	0	0	0	0	0	0
0	0	1	0	0	0	0	0	0	0	0	0
0	0	0	1	0	0	0	0	0	0	0	0
0	0	0	0	1	0	0	0	0	0	0	0
0	0	0	0	0	1	0	0	0	0	0	0
0	0	0	0	0	0	1	0	0	0	0	0
0	0	0	0	0	0	0	1	0	0	0	0
0	0	0	0	0	0	0	0	1	0	0	0
0	0	0	0	0	0	0	0	0	1	0	0
0	0	0	0	0	0	0	0	0	0	1	0
0	0	0	0	0	0	0	0	0	0	0	1																														
