#######GENERAL HEADER INPUT#######
1
30
1
30
1
30
30
12
1	2	3	4	5	6	7	8	9	10	11	12
12
1	2	3	4	5	6	7	8	9	10	11	12
1
1001
1
1
#######SURVEY DATA#######
30
1	2	3	4	5	6	7	8	9	10	11	12	13	14	15	16	17	18	19	20	21	22	23	24	25	26	27	28	29	30
1.75287769034699	1.97745130738677	1.47710327949834	1.26142129517906	1.13353971324119	1.21267923043557	1.46131178251768	1.23745292320357	1.04438090341483	1.53001556607691	1.12921482431034	1.32834491732407	1.2957526864171	1.09089815645045	1.03821242292638	0.935816508139117	0.968635660155711	0.780964600272579	0.830573147359373	0.646752998871346	0.735075430778303	0.672706343638977	0.585520746235455	0.429430099661308	0.535041822374053	0.564785015497017	0.534725304481442	0.583292148282088	0.539469535800556	0.562330052125461
0.2	0.2	0.2	0.2	0.2	0.2	0.2	0.2	0.2	0.2	0.2	0.2	0.2	0.2	0.2	0.2	0.2	0.2	0.2	0.2	0.2	0.2	0.2	0.2	0.2	0.2	0.2	0.2	0.2	0.2
30
1	2	3	4	5	6	7	8	9	10	11	12	13	14	15	16	17	18	19	20	21	22	23	24	25	26	27	28	29	30
200	200	200	200	200	200	200	200	200	200	200	200	200	200	200	200	200	200	200	200	200	200	200	200	200	200	200	200	200	200
200	200	200	200	200	200	200	200	200	200	200	200	200	200	200	200	200	200	200	200	200	200	200	200	200	200	200	200	200	200
0.075	0.115	0.135	0.155	0.09	0.08	0.07	0.045	0.065	0.02	0.01	0.14
0.05	0.2	0.135	0.1	0.065	0.06	0.08	0.065	0.04	0.025	0.05	0.13
0.09	0.115	0.155	0.085	0.125	0.115	0.055	0.085	0.015	0.04	0.04	0.08
0.085	0.18	0.135	0.12	0.105	0.105	0.06	0.045	0.035	0.025	0.01	0.095
0.075	0.135	0.13	0.155	0.105	0.065	0.08	0.065	0.025	0.03	0.035	0.1
0.035	0.145	0.17	0.17	0.08	0.095	0.065	0.05	0.035	0.02	0.01	0.125
0.06	0.16	0.24	0.11	0.07	0.065	0.055	0.035	0.035	0.04	0.015	0.115
0.1	0.12	0.15	0.14	0.135	0.05	0.07	0.045	0.025	0.025	0.015	0.125
0.085	0.2	0.155	0.125	0.1	0.075	0.04	0.05	0.025	0.02	0.015	0.11
0.09	0.15	0.23	0.125	0.105	0.09	0.045	0.035	0.015	0.01	0.01	0.095
0.07	0.225	0.13	0.19	0.075	0.055	0.08	0.025	0.035	0.025	0.01	0.08
0.105	0.145	0.215	0.15	0.1	0.105	0.05	0.035	0.015	0.015	0	0.065
0.06	0.255	0.185	0.15	0.085	0.085	0.035	0.025	0.025	0.005	0.005	0.085
0.11	0.145	0.265	0.1	0.15	0.035	0.045	0.025	0.04	0.015	0.015	0.055
0.115	0.19	0.15	0.185	0.12	0.095	0.03	0.015	0.03	0.025	0.01	0.035
0.095	0.215	0.21	0.125	0.125	0.08	0.04	0.03	0.02	0.015	0.01	0.035
0.07	0.185	0.19	0.195	0.125	0.11	0.035	0.03	0.01	0.005	0.005	0.04
0.065	0.165	0.175	0.175	0.19	0.075	0.05	0.025	0.035	0.01	0.015	0.02
0.08	0.205	0.185	0.18	0.115	0.08	0.07	0.05	0.015	0	0.005	0.015
0.135	0.155	0.18	0.145	0.11	0.105	0.08	0.04	0.02	0.015	0	0.015
0.095	0.275	0.225	0.13	0.09	0.08	0.05	0.01	0	0.01	0.02	0.015
0.125	0.24	0.23	0.16	0.055	0.05	0.06	0.015	0.02	0.01	0.005	0.03
0.09	0.255	0.18	0.245	0.065	0.04	0.045	0.04	0.01	0.01	0.01	0.01
0.12	0.19	0.3	0.2	0.08	0.025	0.03	0.015	0.015	0.01	0.005	0.01
0.165	0.25	0.165	0.19	0.11	0.065	0.035	0.015	0	0.005	0	0
0.11	0.285	0.295	0.11	0.1	0.02	0.03	0.03	0.01	0.005	0.005	0
0.135	0.235	0.29	0.12	0.07	0.075	0.04	0.01	0.01	0	0	0.015
0.1	0.36	0.16	0.22	0.07	0.005	0.025	0.005	0.005	0.015	0.02	0.015
0.13	0.11	0.32	0.17	0.15	0.055	0.02	0.01	0.02	0.01	0	0.005
0.13	0.29	0.095	0.195	0.075	0.1	0.04	0.025	0.01	0.01	0.015	0.015
#######LANDINGS DATA#######
1
30
160.937147529237	526.86110947976	876.206040186352	1158.93690340189	877.088121283778	1505.08134286055	1422.28519378003	2690.04566266747	1421.11058684824	1597.8455517597	1684.22606232836	1655.67532063665	1151.20526682418	1615.55937001383	1591.73658932158	1371.46404556373	2419.36478660301	1681.16755019507	1491.24120524149	1316.15570914896	1612.64498714887	1072.47423106097	1588.34561275364	1111.56444520274	984.34688422226	721.647860422383	613.310758250154	699.329315008109	396.5069986475	379.369983631686
0.01	0.01	0.01	0.01	0.01	0.01	0.01	0.01	0.01	0.01	0.01	0.01	0.01	0.01	0.01	0.01	0.01	0.01	0.01	0.01	0.01	0.01	0.01	0.01	0.01	0.01	0.01	0.01	0.01	0.01
30
1	2	3	4	5	6	7	8	9	10	11	12	13	14	15	16	17	18	19	20	21	22	23	24	25	26	27	28	29	30
200	200	200	200	200	200	200	200	200	200	200	200	200	200	200	200	200	200	200	200	200	200	200	200	200	200	200	200	200	200
200	200	200	200	200	200	200	200	200	200	200	200	200	200	200	200	200	200	200	200	200	200	200	200	200	200	200	200	200	200
0.085	0.095	0.14	0.11	0.115	0.08	0.05	0.055	0.005	0.055	0.03	0.18
0.045	0.12	0.13	0.135	0.09	0.125	0.095	0.035	0.03	0.025	0.05	0.12
0.09	0.095	0.11	0.135	0.085	0.11	0.065	0.085	0.035	0.05	0.035	0.105
0.07	0.12	0.12	0.14	0.1	0.09	0.09	0.035	0.025	0.045	0.03	0.135
0.075	0.105	0.16	0.13	0.085	0.07	0.065	0.045	0.06	0.05	0.035	0.12
0.11	0.155	0.115	0.105	0.095	0.095	0.06	0.035	0.04	0.04	0.03	0.12
0.08	0.185	0.105	0.1	0.095	0.065	0.07	0.055	0.05	0.03	0.035	0.13
0.11	0.1	0.15	0.17	0.095	0.07	0.045	0.06	0.04	0.025	0.03	0.105
0.08	0.105	0.16	0.165	0.1	0.085	0.085	0.045	0.04	0.015	0.02	0.1
0.105	0.17	0.15	0.11	0.1	0.105	0.07	0.07	0.03	0.01	0.005	0.075
0.07	0.155	0.12	0.19	0.125	0.095	0.07	0.03	0.015	0.025	0.015	0.09
0.12	0.15	0.245	0.11	0.13	0.065	0.02	0.05	0.03	0.01	0.02	0.05
0.095	0.24	0.155	0.155	0.08	0.1	0.035	0.035	0.015	0.02	0.015	0.055
0.085	0.155	0.18	0.14	0.135	0.09	0.055	0.025	0.02	0.025	0.02	0.07
0.155	0.145	0.145	0.19	0.09	0.07	0.025	0.045	0.05	0.02	0.02	0.045
0.13	0.18	0.165	0.135	0.11	0.055	0.085	0.035	0.025	0.015	0.025	0.04
0.09	0.125	0.19	0.255	0.06	0.105	0.045	0.035	0.02	0.03	0.005	0.04
0.075	0.215	0.15	0.18	0.115	0.095	0.075	0.02	0.04	0	0.01	0.025
0.165	0.11	0.17	0.155	0.145	0.085	0.03	0.055	0.01	0.02	0.005	0.05
0.15	0.195	0.175	0.125	0.12	0.07	0.055	0.02	0.02	0.02	0.015	0.035
0.115	0.28	0.16	0.12	0.055	0.115	0.025	0.01	0.05	0.025	0.01	0.035
0.115	0.195	0.265	0.145	0.09	0.065	0.045	0.035	0.01	0.005	0.005	0.025
0.085	0.27	0.2	0.18	0.07	0.07	0.055	0.035	0.01	0.015	0	0.01
0.14	0.17	0.275	0.125	0.115	0.045	0.025	0.03	0.04	0.02	0.01	0.005
0.245	0.22	0.195	0.135	0.095	0.06	0.02	0.005	0.005	0.005	0	0.015
0.135	0.305	0.185	0.11	0.095	0.05	0.08	0.02	0.01	0.005	0	0.005
0.155	0.24	0.23	0.14	0.11	0.065	0.02	0.015	0.01	0	0.005	0.01
0.1	0.245	0.18	0.2	0.095	0.06	0.055	0.025	0.01	0.01	0	0.02
0.21	0.12	0.265	0.14	0.155	0.05	0.015	0.02	0.015	0.005	0	0.005
0.11	0.215	0.14	0.245	0.1	0.085	0.05	0.03	0.015	0.01	0	0
#######PARAMETER SECTION#######
800	400	1200	-4	800	-0.25	1
0.18	0.01	1	-4	0.18	-0.25	1
-1.36	-5	-0.001	-4	-1.36	-0.25	1
0.1	0.05	0.3	-4	0.1	-0.25	1
0.2	0.01	0.5	-4	0.2	-0.25	1
0.75	0.20001	1	-3	0.75	-0.25	1
13.815511	-1	200	1	13.815511	-0.25	1
0	-1	1	-4	0	-0.25	1
0.2	1e-04	1.2	-3	0.2	-0.25	1
0	-10	10	-6	0	-1	1
0	-10	10	-6	0	-1	1
2	0	12	2	2	-0.5	1
1	0	12	2	1	-0.5	1
2	0	12	-2	2	-0.5	1
1	0	12	-2	1	-0.5	1
1.5	0	12	2	1.5	-0.5	1
2	0	12	2	2	-0.5	1
-14.8115657105849	-30	5	1	-14.8115657105849	-1	1
1	0.1	2	-1	1	-1	1
-1.51061672360866	-10	1.39	1	-1.51061672360866	-1	1
#######DEV CONSTRAINTS and DEVS#######
-15	15	2
-15	15	2
-15	15	2
0	0	0	0	0	0	0	0	0	0	0	0	0	0	0	0	0	0	0	0	0	0	0	0	0	0	0	0	0	0
0	0	0	0	0	0	0	0	0	0	0	0	0	0	0	0	0	0	0	0	0	0	0	0	0	0	0	0	0	0
0	0	0	0	0	0	0	0	0	0	0
#######LIKELIHOOD WEIGHTS#######
1
1
1
1
0
1
0
0
0
#######MISCELLANEOUS STUFF SECTION#######
2.5e-08
3
0.5	0.5	0.5	0.5	0.5	0.5	0.5	0.5	0.5	0.5	0.5	0.5
0.0229773699100256	0.320821300824607	0.904650535100891	0.994779874306442	0.999738809680904	0.999986992871533	0.999999352405202	0.999999967758134	0.999999998394772	0.99999999992008	0.999999999996021	0.999999999999802
0.2	0.2	0.2	0.2	0.2	0.2	0.2	0.2	0.2	0.2	0.2	0.2
0
1
10
0.2
1
1	0	0	0	0	0	0	0	0	0	0	0
0	1	0	0	0	0	0	0	0	0	0	0
0	0	1	0	0	0	0	0	0	0	0	0
0	0	0	1	0	0	0	0	0	0	0	0
0	0	0	0	1	0	0	0	0	0	0	0
0	0	0	0	0	1	0	0	0	0	0	0
0	0	0	0	0	0	1	0	0	0	0	0
0	0	0	0	0	0	0	1	0	0	0	0
0	0	0	0	0	0	0	0	1	0	0	0
0	0	0	0	0	0	0	0	0	1	0	0
0	0	0	0	0	0	0	0	0	0	1	0
0	0	0	0	0	0	0	0	0	0	0	1
40
31
2
1
#######END OF DATA FILE#######
999
