#######GENERAL HEADER INPUT#######
1
30
1
30
1
30
30
12
1	2	3	4	5	6	7	8	9	10	11	12
12
1	2	3	4	5	6	7	8	9	10	11	12
1
1001
1
1
#######SURVEY DATA#######
30
1	2	3	4	5	6	7	8	9	10	11	12	13	14	15	16	17	18	19	20	21	22	23	24	25	26	27	28	29	30
1.35210416434929	1.39420067559972	1.47688450882113	1.39190697197598	1.26100034115112	1.21697977394278	1.19812530634201	1.36086167662735	0.989501489321077	1.13924730613722	1.15511008391908	1.20494054769656	1.00962752444409	0.99493997744834	1.19618017766248	1.22694273076701	1.10676533032943	0.9826296795151	0.877255586545137	0.841480083578987	0.869368315882315	1.01006597462145	0.769912823572107	0.658243349779937	0.697494999053476	0.684679160336425	0.811201587336967	0.710564068093694	0.773801469604571	0.649116883729679
0.2	0.2	0.2	0.2	0.2	0.2	0.2	0.2	0.2	0.2	0.2	0.2	0.2	0.2	0.2	0.2	0.2	0.2	0.2	0.2	0.2	0.2	0.2	0.2	0.2	0.2	0.2	0.2	0.2	0.2
30
1	2	3	4	5	6	7	8	9	10	11	12	13	14	15	16	17	18	19	20	21	22	23	24	25	26	27	28	29	30
200	200	200	200	200	200	200	200	200	200	200	200	200	200	200	200	200	200	200	200	200	200	200	200	200	200	200	200	200	200
200	200	200	200	200	200	200	200	200	200	200	200	200	200	200	200	200	200	200	200	200	200	200	200	200	200	200	200	200	200
0.04	0.14	0.17	0.11	0.12	0.085	0.075	0.075	0.03	0.045	0.015	0.095
0.035	0.1	0.19	0.145	0.125	0.095	0.09	0.03	0.045	0.035	0.03	0.08
0.06	0.11	0.165	0.115	0.12	0.095	0.09	0.07	0.045	0.03	0.01	0.09
0.06	0.105	0.16	0.175	0.1	0.095	0.075	0.045	0.045	0.045	0.005	0.09
0.06	0.11	0.155	0.15	0.155	0.09	0.04	0.07	0.035	0.055	0.02	0.06
0.065	0.13	0.135	0.16	0.115	0.1	0.06	0.04	0.03	0.04	0.025	0.1
0.07	0.12	0.195	0.095	0.1	0.11	0.055	0.08	0.035	0.015	0.015	0.11
0.085	0.095	0.205	0.1	0.12	0.11	0.035	0.055	0.025	0.035	0.01	0.125
0.03	0.19	0.145	0.175	0.14	0.09	0.085	0.03	0.045	0.005	0.005	0.06
0.075	0.125	0.255	0.145	0.105	0.095	0.04	0.035	0.02	0.035	0.02	0.05
0.065	0.18	0.185	0.165	0.085	0.09	0.055	0.07	0.02	0.02	0.02	0.045
0.095	0.155	0.175	0.195	0.13	0.07	0.05	0.045	0.02	0.02	0.005	0.04
0.045	0.19	0.145	0.19	0.11	0.115	0.06	0.015	0.05	0.005	0.02	0.055
0.055	0.13	0.27	0.145	0.155	0.045	0.05	0.03	0.035	0.025	0.005	0.055
0.075	0.145	0.21	0.14	0.14	0.105	0.025	0.025	0.015	0.035	0.025	0.06
0.035	0.16	0.19	0.12	0.17	0.12	0.085	0.03	0.015	0.01	0.02	0.045
0.085	0.12	0.225	0.145	0.1	0.11	0.045	0.09	0.015	0.005	0.015	0.045
0.045	0.14	0.18	0.195	0.135	0.075	0.1	0.045	0.045	0.015	0	0.025
0.075	0.11	0.235	0.155	0.19	0.085	0.055	0.025	0.015	0.005	0.005	0.045
0.09	0.105	0.195	0.235	0.12	0.075	0.05	0.06	0.025	0.005	0.01	0.03
0.11	0.24	0.13	0.17	0.1	0.08	0.025	0.035	0.005	0.005	0.01	0.09
0.105	0.125	0.265	0.165	0.1	0.105	0.055	0.03	0.015	0	0.01	0.025
0.065	0.21	0.19	0.26	0.115	0.055	0.02	0.01	0.02	0.01	0.005	0.04
0.045	0.105	0.26	0.23	0.105	0.12	0.035	0.035	0.01	0.025	0	0.03
0.125	0.225	0.185	0.19	0.095	0.105	0.015	0.02	0.015	0.005	0	0.02
0.095	0.24	0.21	0.145	0.145	0.035	0.04	0.015	0.02	0.005	0.005	0.045
0.08	0.19	0.285	0.155	0.095	0.08	0.06	0.01	0.01	0.005	0.015	0.015
0.035	0.24	0.205	0.235	0.105	0.075	0.04	0.015	0.02	0.01	0	0.02
0.09	0.075	0.28	0.165	0.15	0.095	0.04	0.025	0.01	0.025	0.015	0.03
0.085	0.155	0.12	0.265	0.145	0.08	0.065	0.025	0.015	0.015	0.02	0.01
#######LANDINGS DATA#######
1
30
110.643587441895	316.425915849102	514.751976390851	670.812111598279	523.682669086243	908.35293466145	882.735977529942	1736.73239781707	969.220350389292	1147.21015205498	1266.87383813689	1303.13042016609	922.214718255954	1342.21885591825	1382.55524564257	1193.52789742123	2207.06526521726	1627.68246453164	1528.52381240546	1416.52950861979	1785.63539428685	1198.81382917137	1843.71858436	1391.25130982304	1324.95895927634	1158.53344222629	1136.38540260283	1537.49865084869	1167.41454700938	1683.25404504994
0.01	0.01	0.01	0.01	0.01	0.01	0.01	0.01	0.01	0.01	0.01	0.01	0.01	0.01	0.01	0.01	0.01	0.01	0.01	0.01	0.01	0.01	0.01	0.01	0.01	0.01	0.01	0.01	0.01	0.01
30
1	2	3	4	5	6	7	8	9	10	11	12	13	14	15	16	17	18	19	20	21	22	23	24	25	26	27	28	29	30
200	200	200	200	200	200	200	200	200	200	200	200	200	200	200	200	200	200	200	200	200	200	200	200	200	200	200	200	200	200
200	200	200	200	200	200	200	200	200	200	200	200	200	200	200	200	200	200	200	200	200	200	200	200	200	200	200	200	200	200
0.025	0.045	0.075	0.135	0.135	0.105	0.165	0.115	0.065	0.03	0.035	0.07
0.015	0.055	0.105	0.125	0.155	0.11	0.115	0.085	0.1	0.02	0.02	0.095
0.015	0.035	0.1	0.155	0.19	0.14	0.08	0.06	0.055	0.05	0.02	0.1
0.01	0.08	0.095	0.11	0.115	0.16	0.13	0.1	0.05	0.02	0.035	0.095
0.02	0.035	0.11	0.16	0.135	0.135	0.135	0.085	0.03	0.055	0.035	0.065
0.02	0.07	0.08	0.17	0.13	0.15	0.09	0.09	0.055	0.06	0.015	0.07
0.025	0.04	0.105	0.125	0.135	0.185	0.1	0.08	0.055	0.045	0.02	0.085
0.04	0.045	0.075	0.15	0.14	0.17	0.1	0.075	0.06	0.045	0.01	0.09
0.025	0.04	0.065	0.175	0.22	0.095	0.09	0.09	0.06	0.035	0.02	0.085
0.05	0.04	0.1	0.095	0.165	0.145	0.105	0.08	0.06	0.06	0.01	0.09
0.005	0.09	0.135	0.18	0.15	0.125	0.075	0.045	0.055	0.03	0.04	0.07
0.05	0.045	0.16	0.095	0.12	0.175	0.075	0.075	0.055	0.05	0.03	0.07
0.03	0.07	0.1	0.165	0.145	0.125	0.125	0.055	0.06	0.015	0.015	0.095
0.04	0.04	0.09	0.14	0.24	0.105	0.1	0.09	0.04	0.035	0.01	0.07
0.02	0.065	0.095	0.18	0.18	0.135	0.075	0.085	0.045	0.01	0.045	0.065
0.005	0.025	0.165	0.14	0.21	0.125	0.14	0.06	0.03	0.03	0.015	0.055
0.03	0.065	0.13	0.205	0.11	0.18	0.09	0.085	0.03	0.02	0.01	0.045
0.035	0.05	0.135	0.17	0.22	0.1	0.125	0.045	0.06	0.025	0	0.035
0.03	0.06	0.095	0.195	0.16	0.175	0.06	0.08	0.065	0.04	0.02	0.02
0.035	0.05	0.1	0.11	0.195	0.185	0.115	0.07	0.05	0.015	0.025	0.05
0.01	0.075	0.135	0.125	0.145	0.135	0.19	0.075	0.025	0.02	0.025	0.04
0.02	0.08	0.17	0.175	0.18	0.12	0.1	0.045	0.035	0.02	0.005	0.05
0.005	0.09	0.115	0.27	0.185	0.135	0.07	0.055	0.03	0.015	0.005	0.025
0.025	0.055	0.205	0.18	0.215	0.12	0.095	0.035	0.02	0.02	0.005	0.025
0.075	0.065	0.045	0.24	0.22	0.155	0.065	0.045	0.03	0.015	0.02	0.025
0.035	0.075	0.13	0.17	0.195	0.13	0.15	0.035	0.03	0.005	0.015	0.03
0.085	0.08	0.135	0.22	0.13	0.15	0.095	0.07	0.015	0.01	0.005	0.005
0.025	0.08	0.13	0.315	0.15	0.115	0.065	0.05	0.04	0	0.005	0.025
0.04	0.06	0.25	0.135	0.245	0.1	0.06	0.05	0.025	0.005	0.015	0.015
0.035	0.11	0.06	0.26	0.21	0.125	0.06	0.055	0.035	0.01	0.01	0.03
#######PARAMETER SECTION#######
800	400	1200	-4	800	-0.25	1
0.18	0.01	1	-4	0.18	-0.25	1
-1.36	-5	-0.001	-4	-1.36	-0.25	1
0.1	0.05	0.3	-4	0.1	-0.25	1
0.2	0.01	0.5	-4	0.2	-0.25	1
0.75	0.20001	1	-3	0.75	-0.25	1
13.815511	-1	200	1	13.815511	-0.25	1
0	-1	1	-4	0	-0.25	1
0.2	1e-04	1.2	-3	0.2	-0.25	1
0	-10	10	-6	0	-1	1
0	-10	10	-6	0	-1	1
4	0	12	2	4	-0.5	1
1	0	12	2	1	-0.5	1
7	0	12	2	7	-0.5	1
0.7	0	12	2	0.7	-0.5	1
4	0	12	-2	4	-0.5	1
1	0	12	-2	1	-0.5	1
11	0	12	-2	11	-0.5	1
0.7	0	12	-2	0.7	-0.5	1
2	0	12	2	1.5	-0.5	1
1.5	0	12	2	2	-0.5	1
10	0	12	2	10	-0.5	1
0.37	0	12	2	2	-0.5	1
-14.8750162319657	-30	5	1	-14.8750162319657	-1	1
1	0.1	2	-1	1	-1	1
-1.54399197800355	-10	1.39	1	-1.54399197800355	-1	1
#######DEV CONSTRAINTS and DEVS#######
-15	15	2
-15	15	2
-15	15	2
0	0	0	0	0	0	0	0	0	0	0	0	0	0	0	0	0	0	0	0	0	0	0	0	0	0	0	0	0	0
0	0	0	0	0	0	0	0	0	0	0	0	0	0	0	0	0	0	0	0	0	0	0	0	0	0	0	0	0	0
0	0	0	0	0	0	0	0	0	0	0
#######LIKELIHOOD WEIGHTS#######
1
1
1
1
0
1
0
0
0
#######MISCELLANEOUS STUFF SECTION#######
2.5e-08
3
0.5	0.5	0.5	0.5	0.5	0.5	0.5	0.5	0.5	0.5	0.5	0.5
0.0229773699100256	0.320821300824607	0.904650535100891	0.994779874306442	0.999738809680904	0.999986992871533	0.999999352405202	0.999999967758134	0.999999998394772	0.99999999992008	0.999999999996021	0.999999999999802
0.2	0.2	0.2	0.2	0.2	0.2	0.2	0.2	0.2	0.2	0.2	0.2
0
1
10
0.2
1
1	0	0	0	0	0	0	0	0	0	0	0
0	1	0	0	0	0	0	0	0	0	0	0
0	0	1	0	0	0	0	0	0	0	0	0
0	0	0	1	0	0	0	0	0	0	0	0
0	0	0	0	1	0	0	0	0	0	0	0
0	0	0	0	0	1	0	0	0	0	0	0
0	0	0	0	0	0	1	0	0	0	0	0
0	0	0	0	0	0	0	1	0	0	0	0
0	0	0	0	0	0	0	0	1	0	0	0
0	0	0	0	0	0	0	0	0	1	0	0
0	0	0	0	0	0	0	0	0	0	1	0
0	0	0	0	0	0	0	0	0	0	0	1
40
31
2
1
#######END OF DATA FILE#######
999
