# Number of parameters = 73  Objective function value = 26346.5  Maximum gradient component = 0.0100425
# sel_params[1]:
2.00000000000
# sel_params[2]:
1.00000000000
# log_Fmult_year1:
 -4.65399581379
# log_Fmult_devs:
 1.07804097759 0.512135797313 0.301562659218 -0.229181881735 0.579952730464 -0.00593627541503 0.748992004267 -0.537953304303 0.194028038342 0.128561460401 0.0600896342031 -0.317498418023 0.371042020797 0.0598757868165 -0.105719261652 0.649718029552 -0.198953628276 -0.0202914629055 -0.0139382638585 0.323976962384 -0.308284930517 0.498910588519 -0.188516415965 0.00363445112992 -0.0918360787709 -0.0441560729113 0.315848086523 -0.295958971845 0.391092268385
# log_recruit_devs:
 -0.0176833723495 0.162901620527 -0.0398636276639 -0.122510645260 0.379551221977 0.221093318121 -0.134215389237 0.142427693545 0.0297946414443 0.0835922819906 0.0462921260755 -0.118073626697 -0.0475334107938 0.0852360387647 -0.0920502951983 0.114525982353 0.104031864171 -0.256566526526 -0.121916774356 -0.297865889402 0.0496377826038 0.0628481810549 -0.117588810310 -0.279307510803 0.0948388871250 -0.199697824050 -0.0250792779464 0.115970117700 0.199590657465 -0.0223794343260
# log_N_year1_devs:
 0.117289845434 0.0153824971984 -0.00698137997828 -0.0163651016341 -0.152493885332 -0.108814993446 -0.175156431186 -0.0955315015004 -0.219122791654 -0.532531114055 -0.0253359292441
# log_q_year1:
 -7.99284813225
# log_q_devs:
 0.00000000000 0.00000000000 0.00000000000 0.00000000000 0.00000000000 0.00000000000 0.00000000000 0.00000000000 0.00000000000 0.00000000000 0.00000000000 0.00000000000 0.00000000000 0.00000000000 0.00000000000 0.00000000000 0.00000000000 0.00000000000 0.00000000000 0.00000000000 0.00000000000 0.00000000000 0.00000000000 0.00000000000 0.00000000000 0.00000000000 0.00000000000 0.00000000000 0.00000000000
# index_sel_params[1]:
1.50000000000
# index_sel_params[2]:
0.500000000000
# log_SR_scaler:
6.92224007944
# SR_steepness:
0.750000000000
