# Number of parameters = 73  Objective function value = 26434.0  Maximum gradient component = 0.00231230
# sel_params[1]:
2.00000000000
# sel_params[2]:
1.00000000000
# log_Fmult_year1:
 -4.69282189587
# log_Fmult_devs:
 1.07073218250 0.509383846368 0.293799391904 -0.213104745185 0.595718813551 0.0251003931590 0.749503390895 -0.519275620445 0.203622588864 0.130976813355 0.0714806855495 -0.312288392009 0.354471354033 0.0710858579796 -0.111414711626 0.665520344524 -0.189499035071 -0.0196858518898 -0.0101540168789 0.326834233013 -0.325931716001 0.487820657761 -0.206237620711 -0.00192113555562 -0.0944811317964 -0.0272312042725 0.340310282368 -0.267943215180 0.434703595340
# log_recruit_devs:
 0.0128260686836 0.193628046329 -0.0541387778569 -0.279080887431 0.243297707720 0.233841456460 -0.0587348079061 0.105989550452 -0.0941058927403 0.0552973207170 0.127676780480 -0.0114610477665 -0.114201438087 0.117838331498 -0.0547555374138 0.124097251376 0.0996670357110 -0.218663381522 -0.0481553316664 -0.228275994052 0.122091240683 0.191109948696 -0.0702328691576 -0.268117399898 0.0359095896017 -0.187610077702 -0.104914315019 0.0695191609064 0.0506468413242 0.00901142757953
# log_N_year1_devs:
 0.0105354041547 0.0593590899815 0.00637189250969 0.116889055928 -0.172143171813 0.0468263137448 0.0860432818613 0.0122798469856 -0.134338194575 0.0583980049135 -0.176301143516
# log_q_year1:
 -7.93434721871
# log_q_devs:
 0.00000000000 0.00000000000 0.00000000000 0.00000000000 0.00000000000 0.00000000000 0.00000000000 0.00000000000 0.00000000000 0.00000000000 0.00000000000 0.00000000000 0.00000000000 0.00000000000 0.00000000000 0.00000000000 0.00000000000 0.00000000000 0.00000000000 0.00000000000 0.00000000000 0.00000000000 0.00000000000 0.00000000000 0.00000000000 0.00000000000 0.00000000000 0.00000000000 0.00000000000
# index_sel_params[1]:
1.50000000000
# index_sel_params[2]:
0.500000000000
# log_SR_scaler:
6.89973543249
# SR_steepness:
0.750000000000
