#######GENERAL HEADER INPUT#######
1
30
1
30
1
30
30
12
1	2	3	4	5	6	7	8	9	10	11	12
12
1	2	3	4	5	6	7	8	9	10	11	12
1
101
1
1
#######SURVEY DATA#######
30
1	2	3	4	5	6	7	8	9	10	11	12	13	14	15	16	17	18	19	20	21	22	23	24	25	26	27	28	29	30
1.56568745709798	1.41740735319902	1.43444366404415	1.52107413174428	1.54504562437736	1.51516522681409	1.30032569870453	1.82035988911888	1.34268739065839	1.34521195133657	1.10935486654033	1.25833999512975	0.901738182667054	0.94740158386218	0.995212480587359	1.06181266963184	1.05421583209763	0.830609631043608	0.945146866913413	0.750955436075301	0.692528406460015	0.739378218612726	0.643407294950767	0.662950756984457	0.656777137785341	0.560951025470763	0.555100082866253	0.496694393023973	0.430761954195841	0.631125973718492
0.2	0.2	0.2	0.2	0.2	0.2	0.2	0.2	0.2	0.2	0.2	0.2	0.2	0.2	0.2	0.2	0.2	0.2	0.2	0.2	0.2	0.2	0.2	0.2	0.2	0.2	0.2	0.2	0.2	0.2
30
1	2	3	4	5	6	7	8	9	10	11	12	13	14	15	16	17	18	19	20	21	22	23	24	25	26	27	28	29	30
200	200	200	200	200	200	200	200	200	200	200	200	200	200	200	200	200	200	200	200	200	200	200	200	200	200	200	200	200	200
200	200	200	200	200	200	200	200	200	200	200	200	200	200	200	200	200	200	200	200	200	200	200	200	200	200	200	200	200	200
0.045	0.165	0.18	0.1	0.095	0.075	0.045	0.045	0.05	0.035	0.035	0.13
0.1	0.095	0.16	0.085	0.165	0.055	0.06	0.04	0.06	0.04	0.01	0.13
0.045	0.21	0.14	0.11	0.095	0.07	0.055	0.055	0.04	0.03	0.03	0.12
0.055	0.16	0.17	0.115	0.145	0.045	0.08	0.06	0.045	0.01	0.01	0.105
0.045	0.1	0.12	0.19	0.095	0.085	0.08	0.055	0.025	0.025	0.025	0.155
0.05	0.19	0.11	0.16	0.105	0.075	0.05	0.045	0.025	0.04	0.03	0.12
0.05	0.19	0.2	0.095	0.105	0.085	0.055	0.05	0.055	0.005	0.025	0.085
0.07	0.135	0.215	0.155	0.07	0.065	0.06	0.025	0.035	0.035	0.015	0.12
0.08	0.165	0.165	0.19	0.1	0.065	0.025	0.035	0.035	0.03	0.015	0.095
0.11	0.18	0.145	0.105	0.145	0.09	0.045	0.035	0.025	0.03	0.035	0.055
0.075	0.205	0.15	0.155	0.065	0.065	0.08	0.05	0.055	0.005	0.01	0.085
0.06	0.165	0.2	0.15	0.095	0.07	0.065	0.065	0.035	0.015	0.025	0.055
0.08	0.16	0.19	0.185	0.12	0.085	0.045	0.055	0.02	0.015	0.01	0.035
0.06	0.145	0.155	0.185	0.145	0.045	0.075	0.05	0.035	0.03	0	0.075
0.07	0.175	0.145	0.12	0.17	0.075	0.055	0.055	0.025	0.03	0.025	0.055
0.13	0.175	0.195	0.11	0.1	0.08	0.05	0.015	0.03	0.035	0.02	0.06
0.115	0.185	0.16	0.185	0.07	0.07	0.065	0.065	0.03	0.015	0.01	0.03
0.085	0.27	0.175	0.155	0.085	0.08	0.06	0.03	0.01	0.005	0.01	0.035
0.065	0.175	0.225	0.16	0.11	0.11	0.03	0.03	0.02	0.02	0.02	0.035
0.08	0.185	0.145	0.24	0.115	0.085	0.035	0.02	0.015	0.03	0.02	0.03
0.11	0.21	0.17	0.175	0.12	0.055	0.055	0.04	0.005	0.015	0.005	0.04
0.09	0.295	0.135	0.16	0.075	0.095	0.035	0.02	0.02	0.02	0.01	0.045
0.14	0.27	0.25	0.12	0.065	0.045	0.06	0.01	0.005	0.01	0.005	0.02
0.09	0.235	0.215	0.2	0.07	0.095	0.05	0.025	0.015	0	0	0.005
0.18	0.225	0.18	0.2	0.085	0.03	0.035	0.025	0.02	0.005	0.005	0.01
0.105	0.265	0.215	0.15	0.125	0.08	0.01	0.01	0.02	0	0.01	0.01
0.085	0.2	0.36	0.125	0.095	0.04	0.045	0	0.02	0.005	0	0.025
0.14	0.25	0.175	0.215	0.085	0.045	0.045	0.01	0.01	0.015	0.005	0.005
0.165	0.215	0.225	0.14	0.14	0.02	0.03	0.02	0.015	0.005	0.005	0.02
0.13	0.27	0.27	0.115	0.08	0.065	0.035	0	0.015	0.01	0	0.01
#######LANDINGS DATA#######
1
30
161.244579474782	467.688959208379	764.305603657514	1004.59262069588	768.089506411498	1323.22923970989	1283.55038716246	2480.1248992556	1331.09219887373	1526.84626763838	1639.8257749172	1621.48318609062	1111.98212901762	1526.81191971025	1518.11830610218	1274.75363876567	2254.49237514136	1633.09616483217	1462.28837642388	1318.6159986529	1635.62477550609	1075.91489859557	1631.69369293941	1200.88700451941	1112.09976305957	973.476592323038	928.288406639966	1205.41919848219	870.876122655101	1268.56069028559
0.01	0.01	0.01	0.01	0.01	0.01	0.01	0.01	0.01	0.01	0.01	0.01	0.01	0.01	0.01	0.01	0.01	0.01	0.01	0.01	0.01	0.01	0.01	0.01	0.01	0.01	0.01	0.01	0.01	0.01
30
1	2	3	4	5	6	7	8	9	10	11	12	13	14	15	16	17	18	19	20	21	22	23	24	25	26	27	28	29	30
200	200	200	200	200	200	200	200	200	200	200	200	200	200	200	200	200	200	200	200	200	200	200	200	200	200	200	200	200	200
200	200	200	200	200	200	200	200	200	200	200	200	200	200	200	200	200	200	200	200	200	200	200	200	200	200	200	200	200	200
0.045	0.115	0.105	0.155	0.105	0.09	0.105	0.06	0.03	0.07	0.01	0.11
0.085	0.115	0.09	0.14	0.115	0.08	0.07	0.065	0.04	0.055	0.015	0.13
0.055	0.105	0.145	0.1	0.14	0.08	0.105	0.06	0.025	0.045	0.025	0.115
0.05	0.095	0.21	0.105	0.105	0.045	0.055	0.045	0.05	0.035	0.04	0.165
0.065	0.055	0.185	0.125	0.135	0.115	0.08	0.06	0.07	0.03	0.02	0.06
0.105	0.185	0.075	0.14	0.13	0.055	0.075	0.05	0.025	0.04	0.01	0.11
0.05	0.175	0.195	0.055	0.105	0.115	0.045	0.03	0.045	0.02	0.015	0.15
0.1	0.095	0.16	0.205	0.055	0.07	0.065	0.03	0.025	0.035	0.02	0.14
0.055	0.145	0.15	0.125	0.185	0.055	0.075	0.045	0.03	0.015	0.035	0.085
0.085	0.14	0.145	0.14	0.13	0.16	0.045	0.04	0.025	0.015	0.015	0.06
0.125	0.125	0.155	0.145	0.1	0.105	0.04	0.045	0.025	0.035	0.025	0.075
0.065	0.16	0.18	0.15	0.08	0.105	0.05	0.04	0.02	0.015	0.04	0.095
0.085	0.1	0.175	0.17	0.095	0.095	0.055	0.07	0.045	0.015	0.025	0.07
0.09	0.145	0.175	0.12	0.135	0.065	0.075	0.025	0.035	0.06	0.015	0.06
0.13	0.125	0.15	0.13	0.125	0.085	0.06	0.03	0.02	0.015	0.035	0.095
0.12	0.11	0.185	0.13	0.085	0.085	0.075	0.04	0.04	0.04	0.025	0.065
0.105	0.205	0.14	0.145	0.09	0.085	0.06	0.06	0.03	0.005	0.02	0.055
0.1	0.165	0.23	0.14	0.095	0.075	0.045	0.045	0.03	0.02	0.015	0.04
0.09	0.18	0.13	0.16	0.13	0.1	0.04	0.04	0.015	0.02	0.03	0.065
0.085	0.17	0.14	0.175	0.17	0.06	0.075	0.035	0.025	0.03	0.005	0.03
0.15	0.155	0.195	0.135	0.135	0.08	0.045	0.035	0.02	0.01	0.005	0.035
0.14	0.22	0.155	0.165	0.065	0.095	0.025	0.025	0.035	0.025	0.005	0.045
0.135	0.23	0.265	0.1	0.1	0.075	0.05	0.02	0.01	0.005	0	0.01
0.12	0.165	0.2	0.22	0.095	0.055	0.05	0.025	0.025	0.03	0	0.015
0.165	0.195	0.23	0.18	0.095	0.055	0.02	0.02	0.025	0	0.005	0.01
0.115	0.24	0.19	0.16	0.13	0.065	0.02	0.04	0.015	0.015	0.005	0.005
0.175	0.17	0.24	0.135	0.135	0.055	0.03	0.02	0.01	0.01	0.01	0.01
0.215	0.2	0.125	0.175	0.085	0.09	0.035	0.03	0.015	0.015	0.005	0.01
0.17	0.26	0.205	0.105	0.1	0.075	0.02	0.035	0.01	0.005	0.005	0.01
0.13	0.265	0.2	0.135	0.09	0.075	0.04	0.02	0.015	0.025	0.005	0
#######PARAMETER SECTION#######
800	400	1200	-4	800	-0.25	1
0.18	0.01	1	-4	0.18	-0.25	1
-1.36	-5	-0.001	-4	-1.36	-0.25	1
0.1	0.05	0.3	-4	0.1	-0.25	1
0.2	0.01	0.5	-4	0.2	-0.25	1
0.75	0.20001	1	-3	0.75	-0.25	1
13.815511	-1	200	1	13.815511	-0.25	1
0	-1	1	-4	0	-0.25	1
0.2	1e-04	1.2	-3	0.2	-0.25	1
0	-10	10	-6	0	-1	1
0	-10	10	-6	0	-1	1
2	0	12	-2	2	-0.5	1
1	0	12	-2	1	-0.5	1
2	0	12	-2	2	-0.5	1
1	0	12	-2	1	-0.5	1
1.5	0	12	-2	1.5	-0.5	1
2	0	12	-2	2	-0.5	1
-14.8682006803499	-30	5	1	-14.8682006803499	-1	1
1	0.1	2	-1	1	-1	1
-1.51930887058023	-10	1.39	1	-1.51930887058023	-1	1
#######DEV CONSTRAINTS and DEVS#######
-15	15	2
-15	15	2
-15	15	2
0	0	0	0	0	0	0	0	0	0	0	0	0	0	0	0	0	0	0	0	0	0	0	0	0	0	0	0	0	0
0	0	0	0	0	0	0	0	0	0	0	0	0	0	0	0	0	0	0	0	0	0	0	0	0	0	0	0	0	0
0	0	0	0	0	0	0	0	0	0	0
#######LIKELIHOOD WEIGHTS#######
1
1
1
1
0
1
0
0
0
#######MISCELLANEOUS STUFF SECTION#######
2.5e-08
3
0.5	0.5	0.5	0.5	0.5	0.5	0.5	0.5	0.5	0.5	0.5	0.5
0.0229773699100256	0.320821300824607	0.904650535100891	0.994779874306442	0.999738809680904	0.999986992871533	0.999999352405202	0.999999967758134	0.999999998394772	0.99999999992008	0.999999999996021	0.999999999999802
0.2	0.2	0.2	0.2	0.2	0.2	0.2	0.2	0.2	0.2	0.2	0.2
0
1
10
0.2
1
1	0	0	0	0	0	0	0	0	0	0	0
0	1	0	0	0	0	0	0	0	0	0	0
0	0	1	0	0	0	0	0	0	0	0	0
0	0	0	1	0	0	0	0	0	0	0	0
0	0	0	0	1	0	0	0	0	0	0	0
0	0	0	0	0	1	0	0	0	0	0	0
0	0	0	0	0	0	1	0	0	0	0	0
0	0	0	0	0	0	0	1	0	0	0	0
0	0	0	0	0	0	0	0	1	0	0	0
0	0	0	0	0	0	0	0	0	1	0	0
0	0	0	0	0	0	0	0	0	0	1	0
0	0	0	0	0	0	0	0	0	0	0	1
40
31
2
1
#######END OF DATA FILE#######
999
