#styr																																				
1
#endyr																																			
30
#rec_age																																	
1																																						#n_ages																																		
12
# numbers of length intervals
81
#Length	bin
10	11	12	13	14	15	16	17	18	19	20	21	22	23	24	25	26	27	28	29	30	31	32	33	34	35	36	37	38	39	40	41	42	43	44	45	46	47	48	49	50	51	52	53	54	55	56	57	58	59	60	61	62	63	64	65	66	67	68	69	70	71	72	73	74	75	76	77	78	79	80	81	82	83	84	85	86	87	88	89	90
#nfsh
1
#names_fsh
OM1																																				
#catch																																			
159.905188113997	465.830106320882	768.964915575289	988.301238292891	768.761681622983	1325.2791532769	1285.44301099256	2469.84604415479	1319.34564907345	1526.14314129699	1631.57823113143	1615.70556985322	1105.39031030803	1520.499876357	1519.12827319202	1275.17524777828	2241.61758203369	1614.24545508948	1464.33283132915	1314.03518440846	1612.2611502187	1070.11929902368	1636.4835423281	1207.87675028654	1114.21356741958	962.044516469083	929.688990618441	1213.24847510712	873.07109399658	1273.65674634452
#catch_cv																																		
0.01	0.01	0.01	0.01	0.01	0.01	0.01	0.01	0.01	0.01	0.01	0.01	0.01	0.01	0.01	0.01	0.01	0.01	0.01	0.01	0.01	0.01	0.01	0.01	0.01	0.01	0.01	0.01	0.01	0.01
#n_ages_fsh																															
30																			
#n_lengths_fsh																															
0																																						
#yrs_ages_fsh																																
1	2	3	4	5	6	7	8	9	10	11	12	13	14	15	16	17	18	19	20	21	22	23	24	25	26	27	28	29	30						
#sample_ages_fsh																														
200	200	200	200	200	200	200	200	200	200	200	200	200	200	200	200	200	200	200	200	200	200	200	200	200	200	200	200	200	200
#page_fsh	2	3	4	5	6	7	8	9	10	11																						
0.045	0.125	0.105	0.155	0.13	0.085	0.07	0.06	0.025	0.04	0.01	0.15
0.055	0.07	0.105	0.13	0.105	0.1	0.065	0.085	0.04	0.05	0.035	0.16
0.06	0.16	0.125	0.09	0.1	0.095	0.085	0.045	0.055	0.035	0.035	0.115
0.055	0.07	0.125	0.165	0.125	0.11	0.115	0.05	0.015	0.03	0.02	0.12
0.1	0.065	0.095	0.145	0.1	0.095	0.085	0.085	0.03	0.01	0.02	0.17
0.12	0.125	0.05	0.115	0.145	0.06	0.08	0.05	0.065	0.035	0.025	0.13
0.08	0.145	0.11	0.13	0.09	0.12	0.075	0.05	0.035	0.035	0.035	0.095
0.1	0.12	0.16	0.165	0.08	0.08	0.09	0.04	0.055	0.005	0.02	0.085
0.06	0.195	0.1	0.15	0.135	0.05	0.055	0.085	0.03	0.025	0.02	0.095
0.11	0.095	0.16	0.135	0.16	0.08	0.045	0.025	0.05	0.01	0.02	0.11
0.09	0.145	0.135	0.14	0.08	0.07	0.125	0.06	0.025	0.035	0.03	0.065
0.11	0.175	0.125	0.105	0.095	0.055	0.1	0.045	0.03	0.025	0.02	0.115
0.075	0.13	0.15	0.18	0.105	0.105	0.055	0.05	0.055	0.015	0.025	0.055
0.105	0.125	0.15	0.14	0.12	0.05	0.07	0.03	0.035	0.05	0.03	0.095
0.14	0.125	0.16	0.145	0.12	0.065	0.065	0.03	0.03	0.02	0.02	0.08
0.09	0.205	0.205	0.145	0.115	0.05	0.04	0.03	0.045	0.03	0.01	0.035
0.125	0.105	0.18	0.165	0.14	0.07	0.05	0.06	0.04	0.03	0	0.035
0.105	0.185	0.23	0.11	0.13	0.075	0.035	0.035	0.03	0.02	0.01	0.035
0.125	0.1	0.23	0.215	0.07	0.095	0.035	0.035	0.04	0.015	0.01	0.03
0.08	0.16	0.16	0.165	0.145	0.09	0.05	0.035	0.015	0.03	0.025	0.045
0.135	0.135	0.14	0.165	0.155	0.08	0.055	0.03	0.04	0.02	0.015	0.03
0.205	0.25	0.135	0.12	0.08	0.05	0.065	0.025	0.02	0.005	0.01	0.035
0.09	0.225	0.25	0.185	0.08	0.06	0.05	0.015	0.01	0.01	0.01	0.015
0.145	0.14	0.255	0.205	0.08	0.055	0.03	0.04	0.015	0.015	0	0.02
0.22	0.15	0.175	0.165	0.09	0.075	0.03	0.02	0.025	0.01	0.015	0.025
0.155	0.26	0.16	0.12	0.135	0.045	0.04	0.03	0.01	0.015	0.01	0.02
0.125	0.185	0.22	0.15	0.11	0.075	0.04	0.025	0.04	0.005	0.015	0.01
0.17	0.235	0.135	0.15	0.125	0.065	0.05	0.035	0	0.015	0	0.02
0.165	0.27	0.165	0.095	0.16	0.06	0.045	0.03	0.01	0	0	0
0.155	0.27	0.23	0.14	0.05	0.065	0.04	0.005	0.02	0.01	0	0.015
#wt_age_fsh	1 2	3	4	5	6	7	8	9	10	11																				
0.000530656	0.001196328	0.002058265	0.003034987	0.004055212	0.005064698	0.006026226	0.006916921	0.007724891	0.008446113	0.009081853	0.009636695
0.000530656	0.001196328	0.002058265	0.003034987	0.004055212	0.005064698	0.006026226	0.006916921	0.007724891	0.008446113	0.009081853	0.009636695
0.000530656	0.001196328	0.002058265	0.003034987	0.004055212	0.005064698	0.006026226	0.006916921	0.007724891	0.008446113	0.009081853	0.009636695
0.000530656	0.001196328	0.002058265	0.003034987	0.004055212	0.005064698	0.006026226	0.006916921	0.007724891	0.008446113	0.009081853	0.009636695
0.000530656	0.001196328	0.002058265	0.003034987	0.004055212	0.005064698	0.006026226	0.006916921	0.007724891	0.008446113	0.009081853	0.009636695
0.000530656	0.001196328	0.002058265	0.003034987	0.004055212	0.005064698	0.006026226	0.006916921	0.007724891	0.008446113	0.009081853	0.009636695
0.000530656	0.001196328	0.002058265	0.003034987	0.004055212	0.005064698	0.006026226	0.006916921	0.007724891	0.008446113	0.009081853	0.009636695
0.000530656	0.001196328	0.002058265	0.003034987	0.004055212	0.005064698	0.006026226	0.006916921	0.007724891	0.008446113	0.009081853	0.009636695
0.000530656	0.001196328	0.002058265	0.003034987	0.004055212	0.005064698	0.006026226	0.006916921	0.007724891	0.008446113	0.009081853	0.009636695
0.000530656	0.001196328	0.002058265	0.003034987	0.004055212	0.005064698	0.006026226	0.006916921	0.007724891	0.008446113	0.009081853	0.009636695
0.000530656	0.001196328	0.002058265	0.003034987	0.004055212	0.005064698	0.006026226	0.006916921	0.007724891	0.008446113	0.009081853	0.009636695
0.000530656	0.001196328	0.002058265	0.003034987	0.004055212	0.005064698	0.006026226	0.006916921	0.007724891	0.008446113	0.009081853	0.009636695
0.000530656	0.001196328	0.002058265	0.003034987	0.004055212	0.005064698	0.006026226	0.006916921	0.007724891	0.008446113	0.009081853	0.009636695
0.000530656	0.001196328	0.002058265	0.003034987	0.004055212	0.005064698	0.006026226	0.006916921	0.007724891	0.008446113	0.009081853	0.009636695
0.000530656	0.001196328	0.002058265	0.003034987	0.004055212	0.005064698	0.006026226	0.006916921	0.007724891	0.008446113	0.009081853	0.009636695
0.000530656	0.001196328	0.002058265	0.003034987	0.004055212	0.005064698	0.006026226	0.006916921	0.007724891	0.008446113	0.009081853	0.009636695
0.000530656	0.001196328	0.002058265	0.003034987	0.004055212	0.005064698	0.006026226	0.006916921	0.007724891	0.008446113	0.009081853	0.009636695
0.000530656	0.001196328	0.002058265	0.003034987	0.004055212	0.005064698	0.006026226	0.006916921	0.007724891	0.008446113	0.009081853	0.009636695
0.000530656	0.001196328	0.002058265	0.003034987	0.004055212	0.005064698	0.006026226	0.006916921	0.007724891	0.008446113	0.009081853	0.009636695
0.000530656	0.001196328	0.002058265	0.003034987	0.004055212	0.005064698	0.006026226	0.006916921	0.007724891	0.008446113	0.009081853	0.009636695
0.000530656	0.001196328	0.002058265	0.003034987	0.004055212	0.005064698	0.006026226	0.006916921	0.007724891	0.008446113	0.009081853	0.009636695
0.000530656	0.001196328	0.002058265	0.003034987	0.004055212	0.005064698	0.006026226	0.006916921	0.007724891	0.008446113	0.009081853	0.009636695
0.000530656	0.001196328	0.002058265	0.003034987	0.004055212	0.005064698	0.006026226	0.006916921	0.007724891	0.008446113	0.009081853	0.009636695
0.000530656	0.001196328	0.002058265	0.003034987	0.004055212	0.005064698	0.006026226	0.006916921	0.007724891	0.008446113	0.009081853	0.009636695
0.000530656	0.001196328	0.002058265	0.003034987	0.004055212	0.005064698	0.006026226	0.006916921	0.007724891	0.008446113	0.009081853	0.009636695
0.000530656	0.001196328	0.002058265	0.003034987	0.004055212	0.005064698	0.006026226	0.006916921	0.007724891	0.008446113	0.009081853	0.009636695
0.000530656	0.001196328	0.002058265	0.003034987	0.004055212	0.005064698	0.006026226	0.006916921	0.007724891	0.008446113	0.009081853	0.009636695
0.000530656	0.001196328	0.002058265	0.003034987	0.004055212	0.005064698	0.006026226	0.006916921	0.007724891	0.008446113	0.009081853	0.009636695
0.000530656	0.001196328	0.002058265	0.003034987	0.004055212	0.005064698	0.006026226	0.006916921	0.007724891	0.008446113	0.009081853	0.009636695
0.000530656	0.001196328	0.002058265	0.003034987	0.004055212	0.005064698	0.006026226	0.006916921	0.007724891	0.008446113	0.009081853	0.009636695

#nind
1
#ind_names																																	
survey_index1																																
#nobs_ind
30
#yrs_ind																																		
1	2	3	4	5	6	7	8	9	10	11	12	13	14	15	16	17	18	19	20	21	22	23	24	25	26	27	28	29	30	
#month_ind																																	
1																																						
#biom_ind																																		
1.31479546804659	1.59514158753995	1.71779613509413	1.59603267274208	1.54004448560841	1.45423476371777	1.32844822560253	1.45596423632461	1.50828761487936	1.26310519054401	1.22811243132877	1.25242811991068	0.957156561126401	1.15830835377432	1.12449877571191	0.892201597658603	1.19908154994383	0.96413347905593	0.955131037666247	0.674587700525546	0.695881606271004	0.626070885083738	0.654966484277166	0.589852872066424	0.588096956844685	0.477531023720003	0.597348397874064	0.500425602630415	0.515604677790612	0.51111085454524
#biom_cv																				
0.262959093609318	0.319028317507991	0.343559227018827	0.319206534548415	0.308008897121682	0.290846952743554	0.265689645120505	0.291192847264921	0.301657522975872	0.252621038108803	0.245622486265754	0.250485623982135	0.19143131222528	0.231661670754865	0.224899755142381	0.178440319531721	0.239816309988765	0.192826695811186	0.191026207533249	0.134917540105109	0.139176321254201	0.125214177016748	0.130993296855433	0.117970574413285	0.117619391368937	0.0955062047440006	0.119469679574813	0.100085120526083	0.103120935558122	0.102222170909048
#n_ages_ind																																	
30			
#n_lengths_ind																															
0																																						
#yrs_ages_ind																																
1	2	3	4	5	6	7	8	9	10	11	12	13	14	15	16	17	18	19	20	21	22	23	24	25	26	27	28	29	30																						
#sample_ages_ind																														
200	200	200	200	200	200	200	200	200	200	200	200	200	200	200	200	200	200	200	200	200	200	200	200	200	200	200	200	200	200
#page_ind																																		
0.035	0.155	0.185	0.16	0.08	0.06	0.065	0.03	0.05	0.03	0.03	0.12
0.12	0.165	0.17	0.14	0.06	0.085	0.08	0.025	0.04	0.035	0.01	0.07
0.06	0.18	0.14	0.14	0.095	0.075	0.06	0.045	0.03	0.05	0.035	0.09
0.03	0.125	0.19	0.1	0.095	0.085	0.065	0.07	0.03	0.045	0.065	0.1
0.1	0.135	0.125	0.145	0.08	0.075	0.045	0.05	0.015	0.05	0.02	0.16
0.07	0.195	0.11	0.125	0.14	0.07	0.05	0.065	0.025	0.04	0.015	0.095
0.07	0.175	0.205	0.115	0.11	0.09	0.055	0.035	0.035	0.03	0.01	0.07
0.055	0.145	0.16	0.19	0.08	0.07	0.05	0.06	0.04	0.01	0.03	0.11
0.08	0.18	0.135	0.12	0.085	0.09	0.03	0.065	0.025	0.035	0.035	0.12
0.08	0.145	0.215	0.135	0.135	0.075	0.045	0.035	0.03	0.015	0.02	0.07
0.095	0.235	0.145	0.145	0.06	0.095	0.04	0.035	0.015	0.035	0.01	0.09
0.065	0.16	0.135	0.125	0.1	0.075	0.07	0.075	0.015	0.025	0.03	0.125
0.08	0.175	0.19	0.115	0.115	0.095	0.045	0.05	0.035	0.015	0.01	0.075
0.13	0.17	0.155	0.1	0.155	0.08	0.045	0.05	0.02	0.04	0.005	0.05
0.095	0.235	0.165	0.095	0.09	0.105	0.06	0.035	0.035	0.03	0.01	0.045
0.13	0.135	0.17	0.125	0.12	0.075	0.11	0.025	0.035	0.025	0.02	0.03
0.145	0.195	0.2	0.08	0.085	0.065	0.045	0.055	0.025	0.04	0.01	0.055
0.1	0.195	0.195	0.155	0.125	0.035	0.045	0.03	0.02	0.035	0.025	0.04
0.055	0.21	0.235	0.155	0.1	0.075	0.065	0.02	0.01	0.01	0.025	0.04
0.09	0.24	0.18	0.145	0.1	0.045	0.06	0.03	0.035	0.04	0.005	0.03
0.18	0.19	0.21	0.11	0.12	0.07	0.03	0.03	0.01	0.02	0	0.03
0.075	0.275	0.195	0.14	0.08	0.095	0.035	0.04	0.015	0	0.025	0.025
0.055	0.285	0.295	0.115	0.07	0.05	0.055	0.02	0.02	0.015	0	0.02
0.125	0.265	0.255	0.16	0.07	0.025	0.02	0.045	0.015	0	0.01	0.01
0.105	0.25	0.21	0.185	0.135	0.03	0.025	0.01	0.015	0	0.015	0.02
0.125	0.275	0.225	0.135	0.11	0.06	0.025	0.005	0.015	0.01	0.005	0.01
0.095	0.215	0.31	0.105	0.115	0.065	0.04	0.015	0.01	0.01	0.005	0.015
0.15	0.275	0.21	0.17	0.065	0.045	0.04	0.015	0.005	0.015	0.01	0
0.17	0.295	0.2	0.12	0.08	0.05	0.025	0.03	0.01	0.01	0	0.01
0.115	0.26	0.31	0.14	0.06	0.05	0.025	0.015	0.005	0.015	0	0.005
#wt_age_ind																																	
1 1 1 1 1 1 1 1 1 1 1 1 
1 1 1 1 1 1 1 1 1 1 1 1 
1 1 1 1 1 1 1 1 1 1 1 1 
1 1 1 1 1 1 1 1 1 1 1 1 
1 1 1 1 1 1 1 1 1 1 1 1 
1 1 1 1 1 1 1 1 1 1 1 1 
1 1 1 1 1 1 1 1 1 1 1 1 
1 1 1 1 1 1 1 1 1 1 1 1 
1 1 1 1 1 1 1 1 1 1 1 1 
1 1 1 1 1 1 1 1 1 1 1 1 
1 1 1 1 1 1 1 1 1 1 1 1 
1 1 1 1 1 1 1 1 1 1 1 1 
1 1 1 1 1 1 1 1 1 1 1 1 
1 1 1 1 1 1 1 1 1 1 1 1 
1 1 1 1 1 1 1 1 1 1 1 1 
1 1 1 1 1 1 1 1 1 1 1 1 
1 1 1 1 1 1 1 1 1 1 1 1 
1 1 1 1 1 1 1 1 1 1 1 1 
1 1 1 1 1 1 1 1 1 1 1 1 
1 1 1 1 1 1 1 1 1 1 1 1 
1 1 1 1 1 1 1 1 1 1 1 1 
1 1 1 1 1 1 1 1 1 1 1 1 
1 1 1 1 1 1 1 1 1 1 1 1 
1 1 1 1 1 1 1 1 1 1 1 1 
1 1 1 1 1 1 1 1 1 1 1 1 
1 1 1 1 1 1 1 1 1 1 1 1 
1 1 1 1 1 1 1 1 1 1 1 1 
1 1 1 1 1 1 1 1 1 1 1 1 
1 1 1 1 1 1 1 1 1 1 1 1 
1 1 1 1 1 1 1 1 1 1 1 1 
# wt_pop
0.000530656	0.001196328	0.002058265	0.003034987	0.004055212	0.005064698	0.006026226	0.006916921	0.007724891	0.008446113	0.009081853	0.009636695
#maturity
0.02297737 0.32082130 0.90465054 0.99477987 0.99973881 0.99998699 0.99999935 0.99999997 1 1 1 1
#spmonth																																		
1		
#age_err																																		
1	0	0	0	0	0	0	0	0	0	0	0
0	1	0	0	0	0	0	0	0	0	0	0
0	0	1	0	0	0	0	0	0	0	0	0
0	0	0	1	0	0	0	0	0	0	0	0
0	0	0	0	1	0	0	0	0	0	0	0
0	0	0	0	0	1	0	0	0	0	0	0
0	0	0	0	0	0	1	0	0	0	0	0
0	0	0	0	0	0	0	1	0	0	0	0
0	0	0	0	0	0	0	0	1	0	0	0
0	0	0	0	0	0	0	0	0	1	0	0
0	0	0	0	0	0	0	0	0	0	1	0
0	0	0	0	0	0	0	0	0	0	0	1																														
