#######GENERAL HEADER INPUT#######
1
30
1
30
1
30
30
12
1	2	3	4	5	6	7	8	9	10	11	12
12
1	2	3	4	5	6	7	8	9	10	11	12
1
101
1
1
#######SURVEY DATA#######
30
1	2	3	4	5	6	7	8	9	10	11	12	13	14	15	16	17	18	19	20	21	22	23	24	25	26	27	28	29	30
1.51385591658247	1.42659449287838	1.28595808757627	1.55242210466826	1.53949130940112	1.62424274541294	1.54359343523953	1.47334861314387	1.09121342115742	1.23627442791844	1.32389488210493	1.13958838376991	1.03720356172743	1.1088418436702	1.11534772149417	0.801353497372726	0.803611086667517	0.870214344833425	0.745816084753936	0.756830304746246	0.660730213095331	0.890796926617081	0.711290843932381	0.680101315612052	0.49183673899753	0.56195954570678	0.574619517108567	0.523191429383112	0.549835937415894	0.54697319913987
0.2	0.2	0.2	0.2	0.2	0.2	0.2	0.2	0.2	0.2	0.2	0.2	0.2	0.2	0.2	0.2	0.2	0.2	0.2	0.2	0.2	0.2	0.2	0.2	0.2	0.2	0.2	0.2	0.2	0.2
30
1	2	3	4	5	6	7	8	9	10	11	12	13	14	15	16	17	18	19	20	21	22	23	24	25	26	27	28	29	30
200	200	200	200	200	200	200	200	200	200	200	200	200	200	200	200	200	200	200	200	200	200	200	200	200	200	200	200	200	200
200	200	200	200	200	200	200	200	200	200	200	200	200	200	200	200	200	200	200	200	200	200	200	200	200	200	200	200	200	200
0.07	0.105	0.185	0.135	0.1	0.105	0.075	0.055	0.02	0.03	0.015	0.105
0.085	0.16	0.115	0.17	0.055	0.045	0.05	0.07	0.03	0.06	0.025	0.135
0.075	0.155	0.135	0.12	0.1	0.075	0.03	0.045	0.055	0.045	0.04	0.125
0.04	0.105	0.165	0.14	0.12	0.085	0.11	0.045	0.035	0.015	0.03	0.11
0.105	0.095	0.15	0.145	0.07	0.115	0.07	0.05	0.04	0.025	0.015	0.12
0.07	0.19	0.14	0.105	0.135	0.085	0.06	0.04	0.04	0.005	0.005	0.125
0.07	0.19	0.2	0.075	0.07	0.085	0.05	0.065	0.045	0.025	0.015	0.11
0.075	0.15	0.195	0.165	0.09	0.055	0.055	0.04	0.025	0	0.015	0.135
0.065	0.17	0.125	0.14	0.125	0.07	0.075	0.07	0.04	0.025	0.01	0.085
0.05	0.185	0.15	0.135	0.08	0.12	0.06	0.045	0.035	0.02	0.045	0.075
0.11	0.16	0.135	0.12	0.12	0.075	0.055	0.05	0.03	0.02	0.035	0.09
0.055	0.17	0.17	0.15	0.13	0.055	0.115	0.045	0.025	0.015	0.015	0.055
0.075	0.145	0.165	0.16	0.09	0.12	0.065	0.035	0.06	0.015	0.015	0.055
0.075	0.135	0.205	0.145	0.13	0.105	0.04	0.025	0.05	0.03	0.005	0.055
0.075	0.23	0.215	0.1	0.125	0.085	0.03	0.025	0.025	0.03	0.02	0.04
0.08	0.23	0.145	0.15	0.135	0.045	0.05	0.025	0.06	0.01	0.005	0.065
0.14	0.245	0.165	0.14	0.055	0.06	0.04	0.05	0.03	0.025	0.015	0.035
0.1	0.25	0.21	0.095	0.095	0.045	0.02	0.07	0.015	0.005	0.035	0.06
0.08	0.14	0.26	0.19	0.07	0.08	0.04	0.045	0.03	0.03	0.015	0.02
0.075	0.215	0.135	0.175	0.135	0.075	0.05	0.035	0.005	0.035	0.03	0.035
0.13	0.19	0.14	0.14	0.17	0.08	0.035	0.055	0.015	0.005	0.01	0.03
0.14	0.295	0.175	0.13	0.07	0.05	0.04	0.035	0.015	0.02	0	0.03
0.085	0.26	0.25	0.12	0.085	0.045	0.065	0.025	0.025	0.015	0.005	0.02
0.09	0.27	0.24	0.17	0.07	0.07	0.03	0.005	0.02	0.015	0.005	0.015
0.155	0.225	0.205	0.175	0.115	0.055	0.01	0.015	0.02	0.015	0.01	0
0.11	0.235	0.2	0.17	0.13	0.075	0.03	0	0.015	0.02	0	0.015
0.095	0.24	0.285	0.115	0.12	0.05	0.035	0.01	0.025	0	0.015	0.01
0.125	0.25	0.205	0.17	0.075	0.045	0.04	0.025	0.025	0.015	0.015	0.01
0.15	0.28	0.21	0.125	0.115	0.05	0.03	0.01	0.005	0.02	0	0.005
0.125	0.3	0.255	0.145	0.055	0.06	0.015	0.01	0.02	0.005	0	0.01
#######LANDINGS DATA#######
1
30
159.781262128299	470.495743957447	754.757548365594	991.918704093462	764.441731227517	1320.17253217899	1280.9982277538	2479.53800004416	1320.06957490611	1528.0134012307	1608.21790339265	1613.25807472937	1112.74051582303	1530.09239017106	1513.70858675804	1272.20634741108	2265.27608230845	1607.431673804	1463.2757161511	1313.41318435849	1631.20044000417	1079.97655714737	1642.53221282745	1201.82662822781	1113.69159532869	971.960427320043	931.901438867597	1200.19455731662	872.619835577036	1273.85369988567
0.01	0.01	0.01	0.01	0.01	0.01	0.01	0.01	0.01	0.01	0.01	0.01	0.01	0.01	0.01	0.01	0.01	0.01	0.01	0.01	0.01	0.01	0.01	0.01	0.01	0.01	0.01	0.01	0.01	0.01
30
1	2	3	4	5	6	7	8	9	10	11	12	13	14	15	16	17	18	19	20	21	22	23	24	25	26	27	28	29	30
200	200	200	200	200	200	200	200	200	200	200	200	200	200	200	200	200	200	200	200	200	200	200	200	200	200	200	200	200	200
200	200	200	200	200	200	200	200	200	200	200	200	200	200	200	200	200	200	200	200	200	200	200	200	200	200	200	200	200	200
0.045	0.06	0.11	0.13	0.09	0.045	0.1	0.1	0.045	0.035	0.05	0.19
0.075	0.09	0.16	0.12	0.09	0.095	0.075	0.055	0.03	0.025	0.02	0.165
0.045	0.175	0.13	0.09	0.105	0.115	0.075	0.07	0.045	0.035	0.025	0.09
0.065	0.125	0.2	0.1	0.095	0.075	0.075	0.05	0.035	0.05	0.04	0.09
0.135	0.095	0.12	0.13	0.09	0.09	0.07	0.025	0.055	0.035	0.05	0.105
0.07	0.165	0.08	0.125	0.155	0.065	0.05	0.06	0.05	0.03	0.015	0.135
0.1	0.165	0.17	0.08	0.1	0.105	0.06	0.045	0.035	0.015	0.04	0.085
0.125	0.1	0.165	0.165	0.075	0.06	0.09	0.03	0.03	0.02	0.045	0.095
0.09	0.095	0.165	0.155	0.11	0.05	0.075	0.045	0.015	0.055	0.045	0.1
0.095	0.13	0.12	0.145	0.15	0.11	0.065	0.02	0.065	0.02	0.005	0.075
0.105	0.16	0.18	0.145	0.105	0.1	0.035	0.045	0.02	0.045	0.005	0.055
0.095	0.175	0.15	0.105	0.12	0.07	0.04	0.065	0.025	0.02	0.035	0.1
0.095	0.15	0.145	0.125	0.15	0.095	0.04	0.06	0.045	0.035	0.01	0.05
0.11	0.13	0.18	0.135	0.1	0.08	0.045	0.05	0.025	0.035	0.015	0.095
0.1	0.145	0.205	0.16	0.1	0.105	0.04	0.035	0.04	0.015	0.01	0.045
0.14	0.125	0.175	0.135	0.095	0.075	0.06	0.045	0.04	0.015	0.03	0.065
0.095	0.17	0.19	0.16	0.125	0.045	0.03	0.06	0.025	0.01	0.03	0.06
0.075	0.19	0.195	0.18	0.115	0.095	0.025	0.025	0.03	0.02	0	0.05
0.14	0.11	0.18	0.17	0.11	0.14	0.03	0.03	0.035	0.005	0.02	0.03
0.11	0.14	0.175	0.18	0.145	0.06	0.06	0.02	0.02	0.015	0.005	0.07
0.17	0.135	0.235	0.095	0.11	0.07	0.06	0.03	0.015	0.035	0.015	0.03
0.14	0.185	0.15	0.19	0.05	0.095	0.055	0.035	0.02	0.03	0.015	0.035
0.125	0.215	0.255	0.13	0.08	0.03	0.065	0.03	0.01	0.03	0.005	0.025
0.13	0.155	0.255	0.195	0.085	0.04	0.055	0.035	0.015	0.025	0.005	0.005
0.185	0.19	0.165	0.23	0.1	0.035	0.015	0.02	0.015	0.015	0.005	0.025
0.1	0.285	0.18	0.13	0.125	0.085	0.025	0.025	0.005	0.02	0.015	0.005
0.135	0.155	0.285	0.115	0.095	0.115	0.02	0.025	0.015	0.005	0.005	0.03
0.17	0.17	0.17	0.21	0.085	0.075	0.055	0.03	0.015	0	0	0.02
0.175	0.2	0.245	0.13	0.105	0.05	0.035	0.03	0.02	0	0	0.01
0.15	0.255	0.24	0.165	0.055	0.055	0.03	0.01	0.02	0.01	0	0.01
#######PARAMETER SECTION#######
800	400	1200	-4	800	-0.25	1
0.18	0.01	1	-4	0.18	-0.25	1
-1.36	-5	-0.001	-4	-1.36	-0.25	1
0.1	0.05	0.3	-4	0.1	-0.25	1
0.2	0.01	0.5	-4	0.2	-0.25	1
0.75	0.20001	1	-3	0.75	-0.25	1
13.815511	-1	200	1	13.815511	-0.25	1
0	-1	1	-4	0	-0.25	1
0.2	1e-04	1.2	-3	0.2	-0.25	1
0	-10	10	-6	0	-1	1
0	-10	10	-6	0	-1	1
2	0	12	-2	2	-0.5	1
1	0	12	-2	1	-0.5	1
2	0	12	-2	2	-0.5	1
1	0	12	-2	1	-0.5	1
1.5	0	12	-2	1.5	-0.5	1
2	0	12	-2	2	-0.5	1
-14.8682006803499	-30	5	1	-14.8682006803499	-1	1
1	0.1	2	-1	1	-1	1
-1.51930887058023	-10	1.39	1	-1.51930887058023	-1	1
#######DEV CONSTRAINTS and DEVS#######
-15	15	2
-15	15	2
-15	15	2
0	0	0	0	0	0	0	0	0	0	0	0	0	0	0	0	0	0	0	0	0	0	0	0	0	0	0	0	0	0
0	0	0	0	0	0	0	0	0	0	0	0	0	0	0	0	0	0	0	0	0	0	0	0	0	0	0	0	0	0
0	0	0	0	0	0	0	0	0	0	0
#######LIKELIHOOD WEIGHTS#######
1
1
1
1
0
1
0
0
0
#######MISCELLANEOUS STUFF SECTION#######
2.5e-08
3
0.5	0.5	0.5	0.5	0.5	0.5	0.5	0.5	0.5	0.5	0.5	0.5
0.0229773699100256	0.320821300824607	0.904650535100891	0.994779874306442	0.999738809680904	0.999986992871533	0.999999352405202	0.999999967758134	0.999999998394772	0.99999999992008	0.999999999996021	0.999999999999802
0.2	0.2	0.2	0.2	0.2	0.2	0.2	0.2	0.2	0.2	0.2	0.2
0
1
10
0.2
1
1	0	0	0	0	0	0	0	0	0	0	0
0	1	0	0	0	0	0	0	0	0	0	0
0	0	1	0	0	0	0	0	0	0	0	0
0	0	0	1	0	0	0	0	0	0	0	0
0	0	0	0	1	0	0	0	0	0	0	0
0	0	0	0	0	1	0	0	0	0	0	0
0	0	0	0	0	0	1	0	0	0	0	0
0	0	0	0	0	0	0	1	0	0	0	0
0	0	0	0	0	0	0	0	1	0	0	0
0	0	0	0	0	0	0	0	0	1	0	0
0	0	0	0	0	0	0	0	0	0	1	0
0	0	0	0	0	0	0	0	0	0	0	1
40
31
2
1
#######END OF DATA FILE#######
999
