# Number of parameters = 73  Objective function value = 26268.1  Maximum gradient component = 0.000445529
# sel_params[1]:
2.00000000000
# sel_params[2]:
1.00000000000
# log_Fmult_year1:
 -4.61914443297
# log_Fmult_devs:
 1.07267624299 0.518939597753 0.306648591864 -0.234226403844 0.604575463599 -0.00386171757681 0.749155980893 -0.546926863935 0.192838454582 0.121906322260 0.0535543798667 -0.320614166121 0.366327301065 0.0729915778689 -0.111732602868 0.671913806754 -0.191916716558 -0.00123017515460 -0.0111930302607 0.324291693792 -0.331353456296 0.504555971940 -0.195231270782 -0.00804238233533 -0.0939710672889 -0.0365995677868 0.321915906620 -0.289529232239 0.381548669794
# log_recruit_devs:
 -0.000264177943073 0.123503613799 -0.111584312784 -0.175770349014 0.284001823570 0.270305836562 -0.0558500159265 0.188699047059 0.0859553496180 0.0274635337610 0.0694337021443 -0.157628900607 -0.0935517787517 0.00162531487457 -0.0874863104709 0.142974851569 -0.0320371958581 -0.190165102439 -0.0472155035790 -0.241369742782 0.118122644538 0.0786035903032 -0.100202216567 -0.246926234870 0.151267221027 -0.293788626835 -0.00423411574005 0.187215074524 0.122531375974 -0.0136283951551
# log_N_year1_devs:
 -0.0690359387687 -0.147804352983 -0.0739926138644 -0.0482791364763 -0.119325626680 -0.112899725113 -0.140758081679 -0.475910532388 0.0410245026817 -0.602541701178 -0.0131313608568
# log_q_year1:
 -7.92211046482
# log_q_devs:
 0.00000000000 0.00000000000 0.00000000000 0.00000000000 0.00000000000 0.00000000000 0.00000000000 0.00000000000 0.00000000000 0.00000000000 0.00000000000 0.00000000000 0.00000000000 0.00000000000 0.00000000000 0.00000000000 0.00000000000 0.00000000000 0.00000000000 0.00000000000 0.00000000000 0.00000000000 0.00000000000 0.00000000000 0.00000000000 0.00000000000 0.00000000000 0.00000000000 0.00000000000
# index_sel_params[1]:
1.50000000000
# index_sel_params[2]:
0.500000000000
# log_SR_scaler:
6.92831006292
# SR_steepness:
0.750000000000
