# Number of parameters = 73  Objective function value = 26414.7  Maximum gradient component = 0.000480873
# sel_params[1]:
2.00000000000
# sel_params[2]:
1.00000000000
# log_Fmult_year1:
 -4.67402809475
# log_Fmult_devs:
 1.06086988994 0.507440310925 0.304493757811 -0.233804714018 0.590906930538 0.0118067756833 0.748110793027 -0.541355768254 0.200491891803 0.131735441804 0.0649163484646 -0.317092236718 0.375252963284 0.0646965831607 -0.100038293369 0.670404546157 -0.196193908549 -0.00524694978119 -0.0110013823570 0.323599074009 -0.310799525472 0.493211117319 -0.190711253303 -0.00363308960832 -0.103068363256 -0.0429991704334 0.330902019746 -0.287777745836 0.392449635883
# log_recruit_devs:
 0.0643806662922 0.229693127924 -0.0684417570709 -0.138747301788 0.243129937592 0.270586255369 -0.0325759614348 0.0921206715325 -0.0309114813515 0.0870026298479 0.0528760776783 -0.164338132777 -0.162154489870 0.0333105946059 -0.0996420368785 0.0856759368210 0.107386215150 -0.211997644557 -0.169229034274 -0.211857889216 0.0777510256409 0.0903040545604 -0.119022075817 -0.222950931277 0.187891079207 -0.268700341886 -0.0915837243943 0.112563179142 0.172154057104 0.0853272941243
# log_N_year1_devs:
 -0.0695685986880 0.116656674186 -0.0307681521688 0.0534442137676 -0.0279297577331 -0.0624582286260 -0.0594078871651 -0.152834400248 -0.0309948260211 -0.121439376534 -0.0996920743028
# log_q_year1:
 -7.96066853230
# log_q_devs:
 0.00000000000 0.00000000000 0.00000000000 0.00000000000 0.00000000000 0.00000000000 0.00000000000 0.00000000000 0.00000000000 0.00000000000 0.00000000000 0.00000000000 0.00000000000 0.00000000000 0.00000000000 0.00000000000 0.00000000000 0.00000000000 0.00000000000 0.00000000000 0.00000000000 0.00000000000 0.00000000000 0.00000000000 0.00000000000 0.00000000000 0.00000000000 0.00000000000 0.00000000000
# index_sel_params[1]:
1.50000000000
# index_sel_params[2]:
0.500000000000
# log_SR_scaler:
6.92204221919
# SR_steepness:
0.750000000000
