#styr																																				
1
#endyr																																			
30
#rec_age																																	
1																																						#n_ages																																		
12
# numbers of length intervals
81
#Length	bin
10	11	12	13	14	15	16	17	18	19	20	21	22	23	24	25	26	27	28	29	30	31	32	33	34	35	36	37	38	39	40	41	42	43	44	45	46	47	48	49	50	51	52	53	54	55	56	57	58	59	60	61	62	63	64	65	66	67	68	69	70	71	72	73	74	75	76	77	78	79	80	81	82	83	84	85	86	87	88	89	90
#nfsh
1
#names_fsh
OM1																																				
#catch																																			
161.547530062456	472.56789023109	759.163667005265	992.82075854553	766.285942354913	1318.54528240702	1273.45150278779	2483.72955512754	1328.528476158	1524.61452539537	1617.36282605834	1622.93945905174	1108.19841816287	1531.50399631821	1503.491435264	1265.0691546275	2232.85099825719	1607.82789725654	1465.79901999847	1327.56453621147	1620.47615611505	1078.10773357321	1625.46130841536	1199.59211411305	1118.18478313991	974.123099565467	921.909724097396	1206.25500754151	871.995146689339	1270.40209837838
#catch_cv																																		
0.01	0.01	0.01	0.01	0.01	0.01	0.01	0.01	0.01	0.01	0.01	0.01	0.01	0.01	0.01	0.01	0.01	0.01	0.01	0.01	0.01	0.01	0.01	0.01	0.01	0.01	0.01	0.01	0.01	0.01
#n_ages_fsh																															
30																			
#n_lengths_fsh																															
0																																						
#yrs_ages_fsh																																
1	2	3	4	5	6	7	8	9	10	11	12	13	14	15	16	17	18	19	20	21	22	23	24	25	26	27	28	29	30						
#sample_ages_fsh																														
200	200	200	200	200	200	200	200	200	200	200	200	200	200	200	200	200	200	200	200	200	200	200	200	200	200	200	200	200	200
#page_fsh	2	3	4	5	6	7	8	9	10	11																						
0.04	0.115	0.17	0.105	0.105	0.09	0.05	0.075	0.065	0.02	0.015	0.15
0.08	0.085	0.115	0.13	0.09	0.095	0.095	0.03	0.035	0.07	0.025	0.15
0.045	0.145	0.125	0.13	0.12	0.065	0.08	0.045	0.05	0.055	0.03	0.11
0.05	0.11	0.15	0.12	0.09	0.105	0.065	0.065	0.045	0.035	0.035	0.13
0.085	0.1	0.095	0.16	0.07	0.085	0.11	0.055	0.045	0.02	0.035	0.14
0.08	0.19	0.065	0.13	0.11	0.12	0.065	0.045	0.03	0.04	0.03	0.095
0.07	0.115	0.225	0.075	0.11	0.075	0.045	0.07	0.04	0.025	0.015	0.135
0.1	0.1	0.16	0.18	0.115	0.06	0.075	0.055	0.035	0.035	0.01	0.075
0.13	0.15	0.055	0.135	0.155	0.055	0.055	0.04	0.045	0.035	0.03	0.115
0.085	0.165	0.135	0.095	0.105	0.13	0.06	0.04	0.04	0.025	0.03	0.09
0.08	0.18	0.135	0.13	0.09	0.06	0.115	0.025	0.03	0.025	0.015	0.115
0.075	0.15	0.16	0.115	0.13	0.065	0.115	0.04	0.02	0.005	0.025	0.1
0.075	0.125	0.15	0.195	0.09	0.06	0.08	0.04	0.04	0.015	0.04	0.09
0.105	0.17	0.13	0.085	0.16	0.085	0.075	0.03	0.03	0.02	0.015	0.095
0.135	0.19	0.15	0.13	0.125	0.065	0.035	0.045	0.01	0.035	0.02	0.06
0.085	0.15	0.16	0.12	0.15	0.095	0.075	0.015	0.04	0.025	0.03	0.055
0.12	0.14	0.155	0.165	0.095	0.085	0.055	0.055	0.035	0.02	0.01	0.065
0.07	0.19	0.2	0.14	0.12	0.065	0.05	0.04	0.03	0.02	0.025	0.05
0.085	0.09	0.225	0.16	0.145	0.08	0.09	0.015	0.02	0.015	0.03	0.045
0.095	0.22	0.115	0.185	0.13	0.08	0.045	0.025	0.03	0.02	0.005	0.05
0.16	0.2	0.165	0.145	0.125	0.05	0.04	0.025	0.035	0	0.03	0.025
0.205	0.2	0.16	0.16	0.06	0.055	0.04	0.045	0.03	0.015	0.005	0.025
0.15	0.19	0.27	0.11	0.08	0.04	0.055	0.04	0.01	0.025	0.01	0.02
0.105	0.145	0.265	0.18	0.11	0.08	0.045	0.035	0.005	0.015	0.005	0.01
0.165	0.195	0.165	0.17	0.15	0.065	0.015	0.015	0.035	0.005	0	0.02
0.13	0.255	0.16	0.155	0.08	0.115	0.02	0.025	0.02	0.025	0.005	0.01
0.155	0.19	0.26	0.12	0.105	0.09	0.035	0.02	0.01	0	0	0.015
0.145	0.225	0.22	0.175	0.06	0.08	0.04	0.035	0.005	0.005	0	0.01
0.21	0.25	0.19	0.1	0.12	0.04	0.045	0.02	0.015	0	0	0.01
0.185	0.24	0.23	0.11	0.045	0.075	0.04	0.02	0.005	0.03	0.005	0.015
#wt_age_fsh	1 2	3	4	5	6	7	8	9	10	11																				
0.000530656	0.001196328	0.002058265	0.003034987	0.004055212	0.005064698	0.006026226	0.006916921	0.007724891	0.008446113	0.009081853	0.009636695
0.000530656	0.001196328	0.002058265	0.003034987	0.004055212	0.005064698	0.006026226	0.006916921	0.007724891	0.008446113	0.009081853	0.009636695
0.000530656	0.001196328	0.002058265	0.003034987	0.004055212	0.005064698	0.006026226	0.006916921	0.007724891	0.008446113	0.009081853	0.009636695
0.000530656	0.001196328	0.002058265	0.003034987	0.004055212	0.005064698	0.006026226	0.006916921	0.007724891	0.008446113	0.009081853	0.009636695
0.000530656	0.001196328	0.002058265	0.003034987	0.004055212	0.005064698	0.006026226	0.006916921	0.007724891	0.008446113	0.009081853	0.009636695
0.000530656	0.001196328	0.002058265	0.003034987	0.004055212	0.005064698	0.006026226	0.006916921	0.007724891	0.008446113	0.009081853	0.009636695
0.000530656	0.001196328	0.002058265	0.003034987	0.004055212	0.005064698	0.006026226	0.006916921	0.007724891	0.008446113	0.009081853	0.009636695
0.000530656	0.001196328	0.002058265	0.003034987	0.004055212	0.005064698	0.006026226	0.006916921	0.007724891	0.008446113	0.009081853	0.009636695
0.000530656	0.001196328	0.002058265	0.003034987	0.004055212	0.005064698	0.006026226	0.006916921	0.007724891	0.008446113	0.009081853	0.009636695
0.000530656	0.001196328	0.002058265	0.003034987	0.004055212	0.005064698	0.006026226	0.006916921	0.007724891	0.008446113	0.009081853	0.009636695
0.000530656	0.001196328	0.002058265	0.003034987	0.004055212	0.005064698	0.006026226	0.006916921	0.007724891	0.008446113	0.009081853	0.009636695
0.000530656	0.001196328	0.002058265	0.003034987	0.004055212	0.005064698	0.006026226	0.006916921	0.007724891	0.008446113	0.009081853	0.009636695
0.000530656	0.001196328	0.002058265	0.003034987	0.004055212	0.005064698	0.006026226	0.006916921	0.007724891	0.008446113	0.009081853	0.009636695
0.000530656	0.001196328	0.002058265	0.003034987	0.004055212	0.005064698	0.006026226	0.006916921	0.007724891	0.008446113	0.009081853	0.009636695
0.000530656	0.001196328	0.002058265	0.003034987	0.004055212	0.005064698	0.006026226	0.006916921	0.007724891	0.008446113	0.009081853	0.009636695
0.000530656	0.001196328	0.002058265	0.003034987	0.004055212	0.005064698	0.006026226	0.006916921	0.007724891	0.008446113	0.009081853	0.009636695
0.000530656	0.001196328	0.002058265	0.003034987	0.004055212	0.005064698	0.006026226	0.006916921	0.007724891	0.008446113	0.009081853	0.009636695
0.000530656	0.001196328	0.002058265	0.003034987	0.004055212	0.005064698	0.006026226	0.006916921	0.007724891	0.008446113	0.009081853	0.009636695
0.000530656	0.001196328	0.002058265	0.003034987	0.004055212	0.005064698	0.006026226	0.006916921	0.007724891	0.008446113	0.009081853	0.009636695
0.000530656	0.001196328	0.002058265	0.003034987	0.004055212	0.005064698	0.006026226	0.006916921	0.007724891	0.008446113	0.009081853	0.009636695
0.000530656	0.001196328	0.002058265	0.003034987	0.004055212	0.005064698	0.006026226	0.006916921	0.007724891	0.008446113	0.009081853	0.009636695
0.000530656	0.001196328	0.002058265	0.003034987	0.004055212	0.005064698	0.006026226	0.006916921	0.007724891	0.008446113	0.009081853	0.009636695
0.000530656	0.001196328	0.002058265	0.003034987	0.004055212	0.005064698	0.006026226	0.006916921	0.007724891	0.008446113	0.009081853	0.009636695
0.000530656	0.001196328	0.002058265	0.003034987	0.004055212	0.005064698	0.006026226	0.006916921	0.007724891	0.008446113	0.009081853	0.009636695
0.000530656	0.001196328	0.002058265	0.003034987	0.004055212	0.005064698	0.006026226	0.006916921	0.007724891	0.008446113	0.009081853	0.009636695
0.000530656	0.001196328	0.002058265	0.003034987	0.004055212	0.005064698	0.006026226	0.006916921	0.007724891	0.008446113	0.009081853	0.009636695
0.000530656	0.001196328	0.002058265	0.003034987	0.004055212	0.005064698	0.006026226	0.006916921	0.007724891	0.008446113	0.009081853	0.009636695
0.000530656	0.001196328	0.002058265	0.003034987	0.004055212	0.005064698	0.006026226	0.006916921	0.007724891	0.008446113	0.009081853	0.009636695
0.000530656	0.001196328	0.002058265	0.003034987	0.004055212	0.005064698	0.006026226	0.006916921	0.007724891	0.008446113	0.009081853	0.009636695
0.000530656	0.001196328	0.002058265	0.003034987	0.004055212	0.005064698	0.006026226	0.006916921	0.007724891	0.008446113	0.009081853	0.009636695

#nind
1
#ind_names																																	
survey_index1																																
#nobs_ind
30
#yrs_ind																																		
1	2	3	4	5	6	7	8	9	10	11	12	13	14	15	16	17	18	19	20	21	22	23	24	25	26	27	28	29	30	
#month_ind																																	
1																																						
#biom_ind																																		
1.51063487750512	1.47551677391705	1.5730589405549	1.3875098780589	1.57368519925305	1.40747454836797	1.47849654339483	1.42389962328655	1.51031553943191	1.23305647829711	1.21456946577204	1.2240799908187	0.999379152114188	1.02809433592758	1.08829740434658	1.04664045154639	1.06970600152023	0.847902246605679	0.894749091988129	0.65975995611301	0.777642556224005	0.751592825923207	0.691709548319691	0.672455476252401	0.473851827659844	0.656794685316387	0.480126634702179	0.55068484478525	0.465369722843259	0.530114642632806
#biom_cv																				
0.302126975501024	0.29510335478341	0.31461178811098	0.277501975611781	0.31473703985061	0.281494909673593	0.295699308678966	0.28477992465731	0.302063107886382	0.246611295659422	0.242913893154409	0.24481599816374	0.199875830422838	0.205618867185516	0.217659480869315	0.209328090309278	0.213941200304047	0.169580449321136	0.178949818397626	0.131951991222602	0.155528511244801	0.150318565184641	0.138341909663938	0.13449109525048	0.0947703655319688	0.131358937063277	0.0960253269404357	0.11013696895705	0.0930739445686519	0.106022928526561
#n_ages_ind																																	
30			
#n_lengths_ind																															
0																																						
#yrs_ages_ind																																
1	2	3	4	5	6	7	8	9	10	11	12	13	14	15	16	17	18	19	20	21	22	23	24	25	26	27	28	29	30																						
#sample_ages_ind																														
200	200	200	200	200	200	200	200	200	200	200	200	200	200	200	200	200	200	200	200	200	200	200	200	200	200	200	200	200	200
#page_ind																																		
0.045	0.135	0.175	0.14	0.07	0.065	0.075	0.05	0.015	0.04	0.045	0.145
0.09	0.125	0.13	0.11	0.085	0.1	0.105	0.03	0.055	0.025	0.005	0.14
0.05	0.145	0.155	0.135	0.1	0.08	0.085	0.04	0.04	0.03	0.03	0.11
0.05	0.12	0.195	0.1	0.135	0.075	0.07	0.045	0.015	0.04	0.035	0.12
0.09	0.155	0.185	0.115	0.12	0.065	0.065	0.04	0.025	0.015	0.035	0.09
0.08	0.21	0.095	0.125	0.095	0.075	0.075	0.06	0.03	0.01	0.055	0.09
0.115	0.15	0.175	0.095	0.075	0.12	0.05	0.045	0.01	0.02	0.04	0.105
0.06	0.15	0.17	0.17	0.1	0.09	0.07	0.045	0.055	0.03	0.02	0.04
0.065	0.205	0.155	0.12	0.14	0.035	0.06	0.035	0.06	0.02	0.015	0.09
0.06	0.19	0.19	0.135	0.09	0.095	0.055	0.045	0.035	0.005	0.02	0.08
0.08	0.17	0.125	0.17	0.115	0.075	0.06	0.02	0.02	0.05	0.01	0.105
0.05	0.18	0.175	0.155	0.13	0.075	0.04	0.05	0.02	0.015	0.025	0.085
0.065	0.185	0.175	0.165	0.11	0.075	0.065	0.035	0.03	0.025	0	0.07
0.075	0.125	0.19	0.16	0.12	0.085	0.085	0.005	0.04	0.035	0.01	0.07
0.05	0.19	0.19	0.17	0.095	0.11	0.045	0.015	0.04	0.03	0.015	0.05
0.105	0.205	0.175	0.14	0.1	0.08	0.04	0.035	0.02	0.025	0.015	0.06
0.1	0.195	0.2	0.145	0.11	0.06	0.035	0.04	0.015	0.02	0.03	0.05
0.045	0.185	0.235	0.14	0.105	0.065	0.06	0.045	0.05	0.005	0.01	0.055
0.1	0.16	0.245	0.195	0.11	0.06	0.045	0.025	0.02	0.02	0	0.02
0.075	0.215	0.155	0.2	0.115	0.07	0.05	0.03	0.03	0.015	0.015	0.03
0.16	0.195	0.235	0.12	0.105	0.055	0.03	0.02	0.015	0.02	0.02	0.025
0.095	0.345	0.14	0.145	0.07	0.08	0.045	0.02	0.015	0.01	0.01	0.025
0.075	0.305	0.265	0.1	0.105	0.035	0.05	0.035	0.005	0.005	0	0.02
0.08	0.245	0.23	0.185	0.075	0.085	0.035	0.02	0.02	0.01	0.005	0.01
0.12	0.215	0.225	0.13	0.13	0.05	0.03	0.035	0.04	0.005	0.01	0.01
0.075	0.275	0.19	0.14	0.125	0.06	0.05	0.035	0.01	0.005	0.02	0.015
0.13	0.245	0.235	0.14	0.1	0.065	0.04	0.025	0.005	0.005	0.005	0.005
0.16	0.205	0.175	0.215	0.1	0.05	0.03	0.025	0.02	0.01	0	0.01
0.12	0.285	0.195	0.165	0.115	0.055	0.025	0.02	0.005	0.005	0	0.01
0.13	0.26	0.23	0.14	0.095	0.065	0.015	0.015	0.01	0.03	0.005	0.005
#wt_age_ind																																	
1 1 1 1 1 1 1 1 1 1 1 1 
1 1 1 1 1 1 1 1 1 1 1 1 
1 1 1 1 1 1 1 1 1 1 1 1 
1 1 1 1 1 1 1 1 1 1 1 1 
1 1 1 1 1 1 1 1 1 1 1 1 
1 1 1 1 1 1 1 1 1 1 1 1 
1 1 1 1 1 1 1 1 1 1 1 1 
1 1 1 1 1 1 1 1 1 1 1 1 
1 1 1 1 1 1 1 1 1 1 1 1 
1 1 1 1 1 1 1 1 1 1 1 1 
1 1 1 1 1 1 1 1 1 1 1 1 
1 1 1 1 1 1 1 1 1 1 1 1 
1 1 1 1 1 1 1 1 1 1 1 1 
1 1 1 1 1 1 1 1 1 1 1 1 
1 1 1 1 1 1 1 1 1 1 1 1 
1 1 1 1 1 1 1 1 1 1 1 1 
1 1 1 1 1 1 1 1 1 1 1 1 
1 1 1 1 1 1 1 1 1 1 1 1 
1 1 1 1 1 1 1 1 1 1 1 1 
1 1 1 1 1 1 1 1 1 1 1 1 
1 1 1 1 1 1 1 1 1 1 1 1 
1 1 1 1 1 1 1 1 1 1 1 1 
1 1 1 1 1 1 1 1 1 1 1 1 
1 1 1 1 1 1 1 1 1 1 1 1 
1 1 1 1 1 1 1 1 1 1 1 1 
1 1 1 1 1 1 1 1 1 1 1 1 
1 1 1 1 1 1 1 1 1 1 1 1 
1 1 1 1 1 1 1 1 1 1 1 1 
1 1 1 1 1 1 1 1 1 1 1 1 
1 1 1 1 1 1 1 1 1 1 1 1 
# wt_pop
0.000530656	0.001196328	0.002058265	0.003034987	0.004055212	0.005064698	0.006026226	0.006916921	0.007724891	0.008446113	0.009081853	0.009636695
#maturity
0.02297737 0.32082130 0.90465054 0.99477987 0.99973881 0.99998699 0.99999935 0.99999997 1 1 1 1
#spmonth																																		
1		
#age_err																																		
1	0	0	0	0	0	0	0	0	0	0	0
0	1	0	0	0	0	0	0	0	0	0	0
0	0	1	0	0	0	0	0	0	0	0	0
0	0	0	1	0	0	0	0	0	0	0	0
0	0	0	0	1	0	0	0	0	0	0	0
0	0	0	0	0	1	0	0	0	0	0	0
0	0	0	0	0	0	1	0	0	0	0	0
0	0	0	0	0	0	0	1	0	0	0	0
0	0	0	0	0	0	0	0	1	0	0	0
0	0	0	0	0	0	0	0	0	1	0	0
0	0	0	0	0	0	0	0	0	0	1	0
0	0	0	0	0	0	0	0	0	0	0	1																														
