# Number of parameters = 73  Objective function value = 26425.2  Maximum gradient component = 0.00330428
# sel_params[1]:
2.00000000000
# sel_params[2]:
1.00000000000
# log_Fmult_year1:
 -4.65140602439
# log_Fmult_devs:
 1.08276658512 0.485799879546 0.306543798941 -0.222395048263 0.586841093038 0.00636338325622 0.763291349171 -0.546251944731 0.200523717435 0.136628323956 0.0766791636321 -0.329076555890 0.365132277401 0.0598862817967 -0.123335593934 0.665632352622 -0.206988491316 -0.0155145633410 -0.0152860239907 0.313314322392 -0.322745991196 0.494551461147 -0.204566113343 -0.00529243222256 -0.100936365131 -0.0329880788896 0.310317975764 -0.300938162351 0.383021169857
# log_recruit_devs:
 -0.0303220139668 0.229219697002 -0.104640872524 -0.150908010360 0.210946375025 0.154506810956 0.0238499475747 0.110788653714 -0.137026322056 0.0764280250576 0.0169188098281 -0.0525377563963 -0.00337538170186 0.107962084976 -0.0588465444518 0.0538612536257 0.125686494338 -0.252182640186 -0.0729895147611 -0.300429308784 0.0999109607456 0.169529130743 -0.189070885349 -0.232605906738 0.0436896765776 -0.267473994113 -0.0325836760612 0.146851261824 0.237015895981 0.0778277494819
# log_N_year1_devs:
 -0.0928131333538 0.0607780986855 0.0565196280741 0.0256032493256 -0.0843090926468 -0.120667507838 -0.0582318233882 0.0434631791360 -0.320000136901 -0.228949339885 -0.127181574576
# log_q_year1:
 -8.01410229009
# log_q_devs:
 0.00000000000 0.00000000000 0.00000000000 0.00000000000 0.00000000000 0.00000000000 0.00000000000 0.00000000000 0.00000000000 0.00000000000 0.00000000000 0.00000000000 0.00000000000 0.00000000000 0.00000000000 0.00000000000 0.00000000000 0.00000000000 0.00000000000 0.00000000000 0.00000000000 0.00000000000 0.00000000000 0.00000000000 0.00000000000 0.00000000000 0.00000000000 0.00000000000 0.00000000000
# index_sel_params[1]:
1.50000000000
# index_sel_params[2]:
0.500000000000
# log_SR_scaler:
6.93104208695
# SR_steepness:
0.750000000000
