#######GENERAL HEADER INPUT#######
1
30
1
30
1
30
30
12
1	2	3	4	5	6	7	8	9	10	11	12
12
1	2	3	4	5	6	7	8	9	10	11	12
1
101
1
1
#######SURVEY DATA#######
30
1	2	3	4	5	6	7	8	9	10	11	12	13	14	15	16	17	18	19	20	21	22	23	24	25	26	27	28	29	30
1.48276041015138	1.31705099280252	1.46111622998844	1.32028389647282	1.21115899169526	1.53389459058154	1.22145524353594	1.30632211101696	1.11849331822941	1.19781732162868	1.19071200657844	1.15901317395195	1.09538564369374	1.06750194439464	0.929269769775758	0.949469807244245	0.968861900085896	1.14556873645046	0.784746671054851	0.757848829747966	0.658951652545346	0.703679077747546	0.780788543760881	0.612883138648939	0.532741757583886	0.552709620859769	0.488881410389308	0.469033035612786	0.522831867272889	0.560446177893319
0.2	0.2	0.2	0.2	0.2	0.2	0.2	0.2	0.2	0.2	0.2	0.2	0.2	0.2	0.2	0.2	0.2	0.2	0.2	0.2	0.2	0.2	0.2	0.2	0.2	0.2	0.2	0.2	0.2	0.2
30
1	2	3	4	5	6	7	8	9	10	11	12	13	14	15	16	17	18	19	20	21	22	23	24	25	26	27	28	29	30
200	200	200	200	200	200	200	200	200	200	200	200	200	200	200	200	200	200	200	200	200	200	200	200	200	200	200	200	200	200
200	200	200	200	200	200	200	200	200	200	200	200	200	200	200	200	200	200	200	200	200	200	200	200	200	200	200	200	200	200
0.055	0.13	0.115	0.155	0.145	0.085	0.07	0.04	0.055	0.03	0.02	0.1
0.075	0.1	0.115	0.13	0.125	0.07	0.035	0.07	0.06	0.055	0.045	0.12
0.055	0.19	0.145	0.125	0.085	0.04	0.045	0.06	0.05	0.035	0.015	0.155
0.06	0.135	0.22	0.1	0.08	0.06	0.055	0.06	0.05	0.045	0.045	0.09
0.07	0.165	0.115	0.145	0.095	0.05	0.06	0.045	0.035	0.035	0.035	0.15
0.1	0.19	0.135	0.095	0.125	0.085	0.055	0.065	0.04	0.005	0.02	0.085
0.075	0.2	0.17	0.115	0.09	0.08	0.055	0.04	0.02	0.04	0.025	0.09
0.08	0.13	0.2	0.135	0.08	0.055	0.065	0.045	0.035	0.03	0.02	0.125
0.045	0.19	0.12	0.17	0.145	0.06	0.08	0.045	0.035	0.015	0.015	0.08
0.07	0.195	0.2	0.12	0.125	0.095	0.01	0.035	0.05	0.01	0.015	0.075
0.065	0.225	0.16	0.155	0.08	0.09	0.05	0.03	0.03	0.02	0.015	0.08
0.05	0.145	0.21	0.12	0.145	0.065	0.08	0.045	0.035	0.03	0.02	0.055
0.08	0.19	0.23	0.115	0.07	0.085	0.04	0.03	0.065	0.015	0.015	0.065
0.115	0.135	0.235	0.125	0.09	0.05	0.07	0.04	0.05	0.035	0.005	0.05
0.095	0.19	0.17	0.105	0.095	0.095	0.06	0.055	0.03	0.02	0.025	0.06
0.115	0.15	0.215	0.14	0.09	0.065	0.065	0.02	0.04	0.015	0.01	0.075
0.1	0.21	0.145	0.195	0.1	0.07	0.06	0.055	0.035	0.005	0.01	0.015
0.06	0.17	0.28	0.145	0.085	0.06	0.045	0.045	0.03	0.02	0.01	0.05
0.125	0.155	0.25	0.155	0.08	0.075	0.05	0.02	0.01	0.015	0.015	0.05
0.1	0.215	0.16	0.175	0.135	0.065	0.05	0.035	0.03	0.015	0	0.02
0.12	0.185	0.2	0.135	0.09	0.06	0.075	0.05	0.03	0.005	0.01	0.04
0.165	0.245	0.15	0.135	0.095	0.085	0.045	0.025	0.015	0.005	0.005	0.03
0.115	0.275	0.24	0.115	0.08	0.055	0.06	0.015	0.015	0.02	0	0.01
0.115	0.175	0.255	0.215	0.06	0.08	0.035	0.03	0.015	0	0.01	0.01
0.095	0.195	0.21	0.24	0.1	0.065	0.025	0.02	0.02	0.015	0	0.015
0.1	0.27	0.21	0.16	0.105	0.075	0.02	0.03	0.015	0	0	0.015
0.165	0.205	0.275	0.125	0.095	0.05	0.045	0.005	0.005	0.005	0.01	0.015
0.145	0.305	0.185	0.19	0.04	0.075	0.03	0.015	0.005	0.005	0.005	0
0.155	0.25	0.225	0.13	0.105	0.045	0.025	0.025	0.04	0	0	0
0.115	0.31	0.28	0.135	0.06	0.055	0.015	0.01	0.005	0.015	0	0
#######LANDINGS DATA#######
1
30
161.575489992048	467.735565784229	759.117405542297	996.595509195022	769.720885513731	1318.20555799012	1282.21917807244	2465.09124416592	1330.45588741549	1521.34169724309	1633.2653692576	1606.58772123678	1105.01203062161	1541.74473440331	1529.43659533852	1278.36686024791	2232.73574599015	1609.50629909051	1465.82646093614	1311.03598800638	1628.56613420968	1083.54877872545	1617.87314761318	1185.07892257167	1120.19443180663	968.565308530813	929.370709424924	1200.28983352774	875.565884614904	1275.09463731972
0.01	0.01	0.01	0.01	0.01	0.01	0.01	0.01	0.01	0.01	0.01	0.01	0.01	0.01	0.01	0.01	0.01	0.01	0.01	0.01	0.01	0.01	0.01	0.01	0.01	0.01	0.01	0.01	0.01	0.01
30
1	2	3	4	5	6	7	8	9	10	11	12	13	14	15	16	17	18	19	20	21	22	23	24	25	26	27	28	29	30
200	200	200	200	200	200	200	200	200	200	200	200	200	200	200	200	200	200	200	200	200	200	200	200	200	200	200	200	200	200
200	200	200	200	200	200	200	200	200	200	200	200	200	200	200	200	200	200	200	200	200	200	200	200	200	200	200	200	200	200
0.055	0.13	0.12	0.1	0.13	0.06	0.07	0.105	0.045	0.025	0.025	0.135
0.09	0.1	0.135	0.12	0.09	0.115	0.07	0.07	0.035	0.02	0.015	0.14
0.085	0.165	0.115	0.105	0.12	0.09	0.06	0.05	0.025	0.035	0.015	0.135
0.055	0.12	0.155	0.095	0.105	0.075	0.075	0.055	0.035	0.045	0.025	0.16
0.045	0.115	0.13	0.135	0.1	0.095	0.04	0.095	0.035	0.03	0.03	0.15
0.105	0.18	0.145	0.085	0.115	0.08	0.07	0.065	0.055	0.01	0.01	0.08
0.105	0.095	0.14	0.1	0.115	0.125	0.07	0.065	0.015	0.01	0.04	0.12
0.09	0.11	0.155	0.15	0.075	0.08	0.11	0.035	0.05	0.03	0.015	0.1
0.085	0.1	0.14	0.17	0.165	0.04	0.035	0.075	0.03	0.03	0.01	0.12
0.095	0.1	0.165	0.145	0.095	0.13	0.04	0.035	0.045	0.03	0.02	0.1
0.115	0.125	0.105	0.145	0.105	0.085	0.09	0.04	0.025	0.02	0.025	0.12
0.095	0.195	0.14	0.14	0.095	0.08	0.085	0.05	0.01	0.03	0.015	0.065
0.085	0.125	0.15	0.175	0.1	0.1	0.09	0.04	0.055	0.025	0.01	0.045
0.09	0.15	0.175	0.185	0.11	0.05	0.03	0.04	0.02	0.03	0.03	0.09
0.11	0.125	0.13	0.13	0.16	0.12	0.055	0.05	0.015	0.035	0.015	0.055
0.11	0.19	0.185	0.12	0.105	0.13	0.03	0.035	0.03	0.015	0.01	0.04
0.12	0.185	0.14	0.125	0.125	0.045	0.05	0.07	0.03	0.025	0.025	0.06
0.07	0.165	0.22	0.145	0.125	0.075	0.045	0.04	0.01	0.02	0.03	0.055
0.145	0.09	0.24	0.165	0.085	0.065	0.07	0.035	0.02	0.015	0.015	0.055
0.11	0.14	0.155	0.195	0.13	0.055	0.04	0.045	0.03	0.02	0.015	0.065
0.12	0.18	0.25	0.125	0.115	0.045	0.05	0.015	0.025	0.015	0.005	0.055
0.19	0.3	0.155	0.125	0.07	0.06	0.035	0.025	0.02	0.005	0.005	0.01
0.125	0.225	0.22	0.095	0.085	0.09	0.06	0.025	0.03	0.015	0.02	0.01
0.18	0.22	0.205	0.22	0.075	0.03	0.01	0.03	0.01	0.01	0	0.01
0.185	0.245	0.165	0.145	0.135	0.035	0.025	0.025	0.005	0.005	0.015	0.015
0.11	0.26	0.14	0.16	0.12	0.09	0.04	0.025	0.01	0.02	0	0.025
0.14	0.185	0.205	0.14	0.09	0.1	0.08	0.01	0.025	0.01	0	0.015
0.18	0.18	0.17	0.21	0.1	0.065	0.045	0.02	0.01	0.01	0	0.01
0.235	0.2	0.175	0.125	0.135	0.04	0.03	0.03	0.01	0.015	0.005	0
0.185	0.295	0.21	0.165	0.06	0.015	0.025	0.02	0.01	0.005	0.005	0.005
#######PARAMETER SECTION#######
800	400	1200	-4	800	-0.25	1
0.18	0.01	1	-4	0.18	-0.25	1
-1.36	-5	-0.001	-4	-1.36	-0.25	1
0.1	0.05	0.3	-4	0.1	-0.25	1
0.2	0.01	0.5	-4	0.2	-0.25	1
0.75	0.20001	1	-3	0.75	-0.25	1
13.815511	-1	200	1	13.815511	-0.25	1
0	-1	1	-4	0	-0.25	1
0.2	1e-04	1.2	-3	0.2	-0.25	1
0	-10	10	-6	0	-1	1
0	-10	10	-6	0	-1	1
2	0	12	-2	2	-0.5	1
1	0	12	-2	1	-0.5	1
2	0	12	-2	2	-0.5	1
1	0	12	-2	1	-0.5	1
1.5	0	12	-2	1.5	-0.5	1
2	0	12	-2	2	-0.5	1
-14.8682006803499	-30	5	1	-14.8682006803499	-1	1
1	0.1	2	-1	1	-1	1
-1.51930887058023	-10	1.39	1	-1.51930887058023	-1	1
#######DEV CONSTRAINTS and DEVS#######
-15	15	2
-15	15	2
-15	15	2
0	0	0	0	0	0	0	0	0	0	0	0	0	0	0	0	0	0	0	0	0	0	0	0	0	0	0	0	0	0
0	0	0	0	0	0	0	0	0	0	0	0	0	0	0	0	0	0	0	0	0	0	0	0	0	0	0	0	0	0
0	0	0	0	0	0	0	0	0	0	0
#######LIKELIHOOD WEIGHTS#######
1
1
1
1
0
1
0
0
0
#######MISCELLANEOUS STUFF SECTION#######
2.5e-08
3
0.5	0.5	0.5	0.5	0.5	0.5	0.5	0.5	0.5	0.5	0.5	0.5
0.0229773699100256	0.320821300824607	0.904650535100891	0.994779874306442	0.999738809680904	0.999986992871533	0.999999352405202	0.999999967758134	0.999999998394772	0.99999999992008	0.999999999996021	0.999999999999802
0.2	0.2	0.2	0.2	0.2	0.2	0.2	0.2	0.2	0.2	0.2	0.2
0
1
10
0.2
1
1	0	0	0	0	0	0	0	0	0	0	0
0	1	0	0	0	0	0	0	0	0	0	0
0	0	1	0	0	0	0	0	0	0	0	0
0	0	0	1	0	0	0	0	0	0	0	0
0	0	0	0	1	0	0	0	0	0	0	0
0	0	0	0	0	1	0	0	0	0	0	0
0	0	0	0	0	0	1	0	0	0	0	0
0	0	0	0	0	0	0	1	0	0	0	0
0	0	0	0	0	0	0	0	1	0	0	0
0	0	0	0	0	0	0	0	0	1	0	0
0	0	0	0	0	0	0	0	0	0	1	0
0	0	0	0	0	0	0	0	0	0	0	1
40
31
2
1
#######END OF DATA FILE#######
999
