# Number of parameters = 73  Objective function value = 26351.4  Maximum gradient component = 0.00416900
# sel_params[1]:
2.00000000000
# sel_params[2]:
1.00000000000
# log_Fmult_year1:
 -4.66582459034
# log_Fmult_devs:
 1.07813293375 0.507333095798 0.315015054663 -0.223659197302 0.576673505279 0.0281651311223 0.743251795254 -0.534368877321 0.200722420103 0.119429722380 0.0698240257038 -0.326378905796 0.353158013700 0.0622486811437 -0.123054224625 0.665475428817 -0.194147144885 -0.0119234214117 -0.0150358206128 0.335825338025 -0.309270393407 0.506296142978 -0.174506481055 0.00280319893431 -0.0746497665878 -0.0177773214763 0.371168562287 -0.257902620185 0.430736853117
# log_recruit_devs:
 0.0323371725279 0.101936821708 0.00843270988669 -0.223530909602 0.329783780416 0.238120662822 -0.0119272674700 0.140931894071 0.0281126652951 0.0755429615498 0.165124204553 0.00238288829258 -0.118785736158 0.108777211604 0.0238917855916 0.0869033918994 0.0830326244011 -0.251914198362 -0.148865166013 -0.306408501021 0.134977471617 0.0874731388826 -0.182793227137 -0.226917736996 0.0340705754319 -0.328100162911 -0.0950050198326 0.0474735592483 0.296304438344 -0.131362032636
# log_N_year1_devs:
 -0.122492050096 0.0804348019430 -0.109680638835 0.0504603953946 -0.106531870383 -0.176598698601 0.0622656914479 -0.0436541988516 -0.314322272757 -0.0971097666639 -0.0466999043962
# log_q_year1:
 -7.93699009356
# log_q_devs:
 0.00000000000 0.00000000000 0.00000000000 0.00000000000 0.00000000000 0.00000000000 0.00000000000 0.00000000000 0.00000000000 0.00000000000 0.00000000000 0.00000000000 0.00000000000 0.00000000000 0.00000000000 0.00000000000 0.00000000000 0.00000000000 0.00000000000 0.00000000000 0.00000000000 0.00000000000 0.00000000000 0.00000000000 0.00000000000 0.00000000000 0.00000000000 0.00000000000 0.00000000000
# index_sel_params[1]:
1.50000000000
# index_sel_params[2]:
0.500000000000
# log_SR_scaler:
6.89689597127
# SR_steepness:
0.750000000000
