#styr																																				
1
#endyr																																			
30
#rec_age																																	
1																																						#n_ages																																		
12
# numbers of length intervals
81
#Length	bin
10	11	12	13	14	15	16	17	18	19	20	21	22	23	24	25	26	27	28	29	30	31	32	33	34	35	36	37	38	39	40	41	42	43	44	45	46	47	48	49	50	51	52	53	54	55	56	57	58	59	60	61	62	63	64	65	66	67	68	69	70	71	72	73	74	75	76	77	78	79	80	81	82	83	84	85	86	87	88	89	90
#nfsh
1
#names_fsh
OM1																																				
#catch																																			
160.086807658878	464.970110679556	755.753630964323	997.109801270829	768.361004844937	1325.28922984582	1275.4217530784	2483.71681066877	1323.09576469127	1514.09266818717	1631.47862928269	1609.40631013481	1107.96838484034	1528.95194173954	1516.08708255353	1281.26218035169	2242.60657975731	1623.87366148818	1468.67377565448	1309.15592051202	1626.33229380676	1080.45557259111	1637.64519715839	1204.52443731104	1119.67355718466	980.345313252332	925.304004141633	1209.01500405695	875.049089841989	1281.51053580574
#catch_cv																																		
0.01	0.01	0.01	0.01	0.01	0.01	0.01	0.01	0.01	0.01	0.01	0.01	0.01	0.01	0.01	0.01	0.01	0.01	0.01	0.01	0.01	0.01	0.01	0.01	0.01	0.01	0.01	0.01	0.01	0.01
#n_ages_fsh																															
30																			
#n_lengths_fsh																															
0																																						
#yrs_ages_fsh																																
1	2	3	4	5	6	7	8	9	10	11	12	13	14	15	16	17	18	19	20	21	22	23	24	25	26	27	28	29	30						
#sample_ages_fsh																														
200	200	200	200	200	200	200	200	200	200	200	200	200	200	200	200	200	200	200	200	200	200	200	200	200	200	200	200	200	200
#page_fsh	2	3	4	5	6	7	8	9	10	11																						
0.08	0.14	0.115	0.105	0.055	0.1	0.07	0.075	0.055	0.04	0.02	0.145
0.085	0.11	0.14	0.105	0.065	0.13	0.07	0.07	0.045	0.035	0.015	0.13
0.08	0.175	0.14	0.1	0.08	0.075	0.06	0.075	0.05	0.03	0.02	0.115
0.065	0.115	0.1	0.135	0.1	0.08	0.05	0.065	0.05	0.04	0.035	0.165
0.065	0.095	0.14	0.185	0.115	0.085	0.07	0.035	0.045	0.01	0.03	0.125
0.075	0.13	0.115	0.14	0.155	0.055	0.05	0.06	0.055	0.03	0.03	0.105
0.08	0.13	0.155	0.145	0.12	0.085	0.06	0.025	0.025	0.025	0.035	0.115
0.12	0.085	0.175	0.155	0.085	0.05	0.09	0.045	0.055	0.015	0.03	0.095
0.135	0.115	0.1	0.14	0.175	0.085	0.05	0.06	0.02	0.02	0.01	0.09
0.1	0.12	0.11	0.14	0.125	0.085	0.045	0.025	0.055	0.05	0.015	0.13
0.095	0.18	0.145	0.115	0.125	0.1	0.05	0.03	0.04	0.02	0.015	0.085
0.11	0.135	0.225	0.135	0.105	0.065	0.045	0.065	0.025	0.01	0.01	0.07
0.08	0.115	0.14	0.17	0.145	0.075	0.06	0.035	0.05	0.015	0.02	0.095
0.07	0.13	0.165	0.165	0.13	0.075	0.09	0.015	0.04	0.02	0.01	0.09
0.1	0.15	0.175	0.18	0.12	0.06	0.05	0.03	0.025	0.025	0.02	0.065
0.075	0.14	0.155	0.195	0.075	0.125	0.055	0.055	0.03	0.01	0.025	0.06
0.11	0.19	0.155	0.14	0.125	0.07	0.055	0.05	0.02	0.045	0.015	0.025
0.08	0.18	0.21	0.12	0.13	0.06	0.06	0.03	0.03	0.01	0.035	0.055
0.115	0.16	0.17	0.17	0.1	0.09	0.045	0.03	0.04	0.025	0.015	0.04
0.11	0.15	0.17	0.155	0.12	0.095	0.06	0.055	0.01	0.035	0.02	0.02
0.11	0.195	0.19	0.115	0.115	0.125	0.04	0.04	0.02	0.01	0.005	0.035
0.16	0.22	0.14	0.13	0.095	0.065	0.055	0.04	0.015	0.02	0.01	0.05
0.135	0.215	0.25	0.105	0.13	0.025	0.035	0.025	0.025	0.01	0.005	0.04
0.125	0.185	0.26	0.14	0.07	0.075	0.025	0.045	0.02	0.015	0.015	0.025
0.17	0.175	0.175	0.235	0.155	0.045	0	0.015	0.01	0	0.005	0.015
0.145	0.26	0.17	0.115	0.12	0.075	0.025	0.025	0.03	0.015	0.005	0.015
0.16	0.14	0.27	0.125	0.135	0.075	0.03	0.035	0.005	0.005	0.01	0.01
0.21	0.175	0.18	0.18	0.075	0.075	0.06	0.03	0	0.005	0	0.01
0.23	0.22	0.15	0.12	0.13	0.06	0.03	0.035	0.025	0	0	0
0.13	0.28	0.235	0.155	0.075	0.05	0.025	0.025	0.01	0	0.005	0.01
#wt_age_fsh	1 2	3	4	5	6	7	8	9	10	11																				
0.000530656	0.001196328	0.002058265	0.003034987	0.004055212	0.005064698	0.006026226	0.006916921	0.007724891	0.008446113	0.009081853	0.009636695
0.000530656	0.001196328	0.002058265	0.003034987	0.004055212	0.005064698	0.006026226	0.006916921	0.007724891	0.008446113	0.009081853	0.009636695
0.000530656	0.001196328	0.002058265	0.003034987	0.004055212	0.005064698	0.006026226	0.006916921	0.007724891	0.008446113	0.009081853	0.009636695
0.000530656	0.001196328	0.002058265	0.003034987	0.004055212	0.005064698	0.006026226	0.006916921	0.007724891	0.008446113	0.009081853	0.009636695
0.000530656	0.001196328	0.002058265	0.003034987	0.004055212	0.005064698	0.006026226	0.006916921	0.007724891	0.008446113	0.009081853	0.009636695
0.000530656	0.001196328	0.002058265	0.003034987	0.004055212	0.005064698	0.006026226	0.006916921	0.007724891	0.008446113	0.009081853	0.009636695
0.000530656	0.001196328	0.002058265	0.003034987	0.004055212	0.005064698	0.006026226	0.006916921	0.007724891	0.008446113	0.009081853	0.009636695
0.000530656	0.001196328	0.002058265	0.003034987	0.004055212	0.005064698	0.006026226	0.006916921	0.007724891	0.008446113	0.009081853	0.009636695
0.000530656	0.001196328	0.002058265	0.003034987	0.004055212	0.005064698	0.006026226	0.006916921	0.007724891	0.008446113	0.009081853	0.009636695
0.000530656	0.001196328	0.002058265	0.003034987	0.004055212	0.005064698	0.006026226	0.006916921	0.007724891	0.008446113	0.009081853	0.009636695
0.000530656	0.001196328	0.002058265	0.003034987	0.004055212	0.005064698	0.006026226	0.006916921	0.007724891	0.008446113	0.009081853	0.009636695
0.000530656	0.001196328	0.002058265	0.003034987	0.004055212	0.005064698	0.006026226	0.006916921	0.007724891	0.008446113	0.009081853	0.009636695
0.000530656	0.001196328	0.002058265	0.003034987	0.004055212	0.005064698	0.006026226	0.006916921	0.007724891	0.008446113	0.009081853	0.009636695
0.000530656	0.001196328	0.002058265	0.003034987	0.004055212	0.005064698	0.006026226	0.006916921	0.007724891	0.008446113	0.009081853	0.009636695
0.000530656	0.001196328	0.002058265	0.003034987	0.004055212	0.005064698	0.006026226	0.006916921	0.007724891	0.008446113	0.009081853	0.009636695
0.000530656	0.001196328	0.002058265	0.003034987	0.004055212	0.005064698	0.006026226	0.006916921	0.007724891	0.008446113	0.009081853	0.009636695
0.000530656	0.001196328	0.002058265	0.003034987	0.004055212	0.005064698	0.006026226	0.006916921	0.007724891	0.008446113	0.009081853	0.009636695
0.000530656	0.001196328	0.002058265	0.003034987	0.004055212	0.005064698	0.006026226	0.006916921	0.007724891	0.008446113	0.009081853	0.009636695
0.000530656	0.001196328	0.002058265	0.003034987	0.004055212	0.005064698	0.006026226	0.006916921	0.007724891	0.008446113	0.009081853	0.009636695
0.000530656	0.001196328	0.002058265	0.003034987	0.004055212	0.005064698	0.006026226	0.006916921	0.007724891	0.008446113	0.009081853	0.009636695
0.000530656	0.001196328	0.002058265	0.003034987	0.004055212	0.005064698	0.006026226	0.006916921	0.007724891	0.008446113	0.009081853	0.009636695
0.000530656	0.001196328	0.002058265	0.003034987	0.004055212	0.005064698	0.006026226	0.006916921	0.007724891	0.008446113	0.009081853	0.009636695
0.000530656	0.001196328	0.002058265	0.003034987	0.004055212	0.005064698	0.006026226	0.006916921	0.007724891	0.008446113	0.009081853	0.009636695
0.000530656	0.001196328	0.002058265	0.003034987	0.004055212	0.005064698	0.006026226	0.006916921	0.007724891	0.008446113	0.009081853	0.009636695
0.000530656	0.001196328	0.002058265	0.003034987	0.004055212	0.005064698	0.006026226	0.006916921	0.007724891	0.008446113	0.009081853	0.009636695
0.000530656	0.001196328	0.002058265	0.003034987	0.004055212	0.005064698	0.006026226	0.006916921	0.007724891	0.008446113	0.009081853	0.009636695
0.000530656	0.001196328	0.002058265	0.003034987	0.004055212	0.005064698	0.006026226	0.006916921	0.007724891	0.008446113	0.009081853	0.009636695
0.000530656	0.001196328	0.002058265	0.003034987	0.004055212	0.005064698	0.006026226	0.006916921	0.007724891	0.008446113	0.009081853	0.009636695
0.000530656	0.001196328	0.002058265	0.003034987	0.004055212	0.005064698	0.006026226	0.006916921	0.007724891	0.008446113	0.009081853	0.009636695
0.000530656	0.001196328	0.002058265	0.003034987	0.004055212	0.005064698	0.006026226	0.006916921	0.007724891	0.008446113	0.009081853	0.009636695

#nind
1
#ind_names																																	
survey_index1																																
#nobs_ind
30
#yrs_ind																																		
1	2	3	4	5	6	7	8	9	10	11	12	13	14	15	16	17	18	19	20	21	22	23	24	25	26	27	28	29	30	
#month_ind																																	
1																																						
#biom_ind																																		
1.66257841260238	1.42695618543586	1.5576894185839	1.42066120359832	1.68980290790384	1.57461200423399	1.35729992501389	1.38809244102987	1.4251026271961	1.29797055346575	0.97856911017449	1.07971443424737	0.976591569138099	1.02022610199242	0.935993410372418	1.07211662113468	0.768054757715899	0.917715791420421	0.734543545909852	0.698569703074788	0.735016693758887	0.705948749264458	0.592402808033838	0.627077035404296	0.552569322995092	0.501518201628655	0.473113582117493	0.455283494158045	0.52508273240898	0.566423444602683
#biom_cv																				
0.332515682520476	0.285391237087172	0.311537883716779	0.284132240719664	0.337960581580767	0.314922400846798	0.271459985002778	0.277618488205974	0.28502052543922	0.259594110693151	0.195713822034898	0.215942886849473	0.19531831382762	0.204045220398483	0.187198682074484	0.214423324226936	0.15361095154318	0.183543158284084	0.14690870918197	0.139713940614958	0.147003338751777	0.141189749852892	0.118480561606768	0.125415407080859	0.110513864599018	0.100303640325731	0.0946227164234987	0.0910566988316089	0.105016546481796	0.113284688920537
#n_ages_ind																																	
30			
#n_lengths_ind																															
0																																						
#yrs_ages_ind																																
1	2	3	4	5	6	7	8	9	10	11	12	13	14	15	16	17	18	19	20	21	22	23	24	25	26	27	28	29	30																						
#sample_ages_ind																														
200	200	200	200	200	200	200	200	200	200	200	200	200	200	200	200	200	200	200	200	200	200	200	200	200	200	200	200	200	200
#page_ind																																		
0.09	0.135	0.13	0.135	0.145	0.065	0.045	0.01	0.07	0.035	0.02	0.12
0.075	0.12	0.155	0.185	0.075	0.07	0.05	0.05	0.05	0.05	0.01	0.11
0.04	0.115	0.205	0.125	0.1	0.09	0.045	0.06	0.075	0.02	0.02	0.105
0.05	0.08	0.185	0.14	0.09	0.08	0.095	0.045	0.065	0.04	0.03	0.1
0.115	0.125	0.15	0.145	0.09	0.07	0.04	0.06	0.04	0.02	0.01	0.135
0.07	0.19	0.135	0.08	0.13	0.035	0.07	0.03	0.045	0.03	0.06	0.125
0.045	0.205	0.215	0.07	0.07	0.06	0.03	0.06	0.03	0.06	0.03	0.125
0.1	0.125	0.205	0.165	0.09	0.05	0.055	0.04	0.045	0.01	0.015	0.1
0.075	0.205	0.115	0.14	0.125	0.04	0.085	0.035	0.035	0.02	0.025	0.1
0.09	0.135	0.18	0.115	0.1	0.065	0.04	0.055	0.08	0.02	0.005	0.115
0.085	0.135	0.2	0.155	0.085	0.085	0.07	0.035	0.025	0.015	0.03	0.08
0.04	0.25	0.165	0.12	0.12	0.075	0.06	0.04	0.02	0.02	0.015	0.075
0.05	0.15	0.2	0.17	0.095	0.095	0.05	0.045	0.04	0.02	0.01	0.075
0.1	0.195	0.16	0.165	0.095	0.055	0.065	0.045	0.015	0.04	0.005	0.06
0.075	0.225	0.19	0.14	0.105	0.08	0.06	0.025	0.005	0.03	0.005	0.06
0.09	0.13	0.22	0.125	0.12	0.085	0.055	0.035	0.05	0.015	0.02	0.055
0.095	0.225	0.18	0.145	0.075	0.055	0.05	0.045	0.04	0.015	0.005	0.07
0.07	0.215	0.255	0.165	0.085	0.065	0.03	0.02	0.025	0	0.015	0.055
0.08	0.175	0.23	0.195	0.09	0.065	0.05	0.035	0.02	0.025	0.015	0.02
0.11	0.25	0.175	0.115	0.11	0.04	0.065	0.02	0.03	0.02	0.015	0.05
0.18	0.18	0.23	0.135	0.11	0.075	0.025	0.025	0.01	0.015	0.01	0.005
0.115	0.28	0.195	0.085	0.09	0.085	0.03	0.035	0.03	0.025	0	0.03
0.135	0.27	0.255	0.105	0.075	0.04	0.045	0.035	0.015	0.01	0.005	0.01
0.07	0.19	0.285	0.235	0.11	0.03	0.02	0.025	0.02	0.005	0.005	0.005
0.19	0.16	0.175	0.21	0.12	0.03	0.045	0.04	0.015	0.005	0.005	0.005
0.125	0.235	0.185	0.13	0.125	0.08	0.03	0.03	0.01	0.01	0.01	0.03
0.145	0.18	0.275	0.15	0.075	0.08	0.07	0.005	0.01	0	0	0.01
0.135	0.27	0.175	0.18	0.09	0.055	0.055	0.02	0.005	0.005	0	0.01
0.16	0.295	0.195	0.105	0.085	0.04	0.035	0.03	0.01	0.025	0.01	0.01
0.1	0.315	0.25	0.165	0.06	0.07	0.01	0.01	0.005	0.005	0	0.01
#wt_age_ind																																	
1 1 1 1 1 1 1 1 1 1 1 1 
1 1 1 1 1 1 1 1 1 1 1 1 
1 1 1 1 1 1 1 1 1 1 1 1 
1 1 1 1 1 1 1 1 1 1 1 1 
1 1 1 1 1 1 1 1 1 1 1 1 
1 1 1 1 1 1 1 1 1 1 1 1 
1 1 1 1 1 1 1 1 1 1 1 1 
1 1 1 1 1 1 1 1 1 1 1 1 
1 1 1 1 1 1 1 1 1 1 1 1 
1 1 1 1 1 1 1 1 1 1 1 1 
1 1 1 1 1 1 1 1 1 1 1 1 
1 1 1 1 1 1 1 1 1 1 1 1 
1 1 1 1 1 1 1 1 1 1 1 1 
1 1 1 1 1 1 1 1 1 1 1 1 
1 1 1 1 1 1 1 1 1 1 1 1 
1 1 1 1 1 1 1 1 1 1 1 1 
1 1 1 1 1 1 1 1 1 1 1 1 
1 1 1 1 1 1 1 1 1 1 1 1 
1 1 1 1 1 1 1 1 1 1 1 1 
1 1 1 1 1 1 1 1 1 1 1 1 
1 1 1 1 1 1 1 1 1 1 1 1 
1 1 1 1 1 1 1 1 1 1 1 1 
1 1 1 1 1 1 1 1 1 1 1 1 
1 1 1 1 1 1 1 1 1 1 1 1 
1 1 1 1 1 1 1 1 1 1 1 1 
1 1 1 1 1 1 1 1 1 1 1 1 
1 1 1 1 1 1 1 1 1 1 1 1 
1 1 1 1 1 1 1 1 1 1 1 1 
1 1 1 1 1 1 1 1 1 1 1 1 
1 1 1 1 1 1 1 1 1 1 1 1 
# wt_pop
0.000530656	0.001196328	0.002058265	0.003034987	0.004055212	0.005064698	0.006026226	0.006916921	0.007724891	0.008446113	0.009081853	0.009636695
#maturity
0.02297737 0.32082130 0.90465054 0.99477987 0.99973881 0.99998699 0.99999935 0.99999997 1 1 1 1
#spmonth																																		
1		
#age_err																																		
1	0	0	0	0	0	0	0	0	0	0	0
0	1	0	0	0	0	0	0	0	0	0	0
0	0	1	0	0	0	0	0	0	0	0	0
0	0	0	1	0	0	0	0	0	0	0	0
0	0	0	0	1	0	0	0	0	0	0	0
0	0	0	0	0	1	0	0	0	0	0	0
0	0	0	0	0	0	1	0	0	0	0	0
0	0	0	0	0	0	0	1	0	0	0	0
0	0	0	0	0	0	0	0	1	0	0	0
0	0	0	0	0	0	0	0	0	1	0	0
0	0	0	0	0	0	0	0	0	0	1	0
0	0	0	0	0	0	0	0	0	0	0	1																														
