#######GENERAL HEADER INPUT#######
1
30
1
30
1
30
30
12
1	2	3	4	5	6	7	8	9	10	11	12
12
1	2	3	4	5	6	7	8	9	10	11	12
1
101
1
1
#######SURVEY DATA#######
30
1	2	3	4	5	6	7	8	9	10	11	12	13	14	15	16	17	18	19	20	21	22	23	24	25	26	27	28	29	30
1.46652863929193	1.42229096751265	1.44913564443641	1.44863929229745	1.38539642437059	1.34138804918917	1.41183485671797	1.53820894118101	1.31763851144782	1.16560138266367	1.07336590185433	1.04037970229033	1.0926731605143	1.05725802444878	0.926160729642825	0.937847790972269	0.882737301369579	0.922629791733944	0.769758202975746	0.631691124248103	0.624591436248777	0.843726977144356	0.623597142949565	0.519073903806737	0.523316716846607	0.63413528528448	0.442456566572545	0.519312286522343	0.526911177492869	0.530535869098524
0.2	0.2	0.2	0.2	0.2	0.2	0.2	0.2	0.2	0.2	0.2	0.2	0.2	0.2	0.2	0.2	0.2	0.2	0.2	0.2	0.2	0.2	0.2	0.2	0.2	0.2	0.2	0.2	0.2	0.2
30
1	2	3	4	5	6	7	8	9	10	11	12	13	14	15	16	17	18	19	20	21	22	23	24	25	26	27	28	29	30
200	200	200	200	200	200	200	200	200	200	200	200	200	200	200	200	200	200	200	200	200	200	200	200	200	200	200	200	200	200
200	200	200	200	200	200	200	200	200	200	200	200	200	200	200	200	200	200	200	200	200	200	200	200	200	200	200	200	200	200
0.075	0.125	0.205	0.12	0.095	0.09	0.035	0.06	0.025	0.025	0.015	0.13
0.065	0.12	0.205	0.105	0.1	0.075	0.065	0.07	0.04	0.03	0.035	0.09
0.045	0.13	0.145	0.13	0.105	0.085	0.06	0.05	0.055	0.045	0.02	0.13
0.04	0.18	0.135	0.13	0.11	0.085	0.065	0.05	0.035	0.04	0.02	0.11
0.105	0.145	0.115	0.18	0.105	0.06	0.05	0.06	0.045	0.005	0.02	0.11
0.055	0.185	0.11	0.155	0.125	0.065	0.055	0.05	0.04	0.035	0.025	0.1
0.065	0.12	0.25	0.11	0.085	0.095	0.065	0.035	0.05	0.02	0.025	0.08
0.045	0.135	0.175	0.145	0.105	0.095	0.085	0.03	0.03	0.03	0.02	0.105
0.05	0.145	0.17	0.185	0.16	0.05	0.05	0.045	0.025	0.02	0.02	0.08
0.08	0.135	0.205	0.115	0.15	0.095	0.03	0.04	0.035	0.025	0.015	0.075
0.085	0.2	0.135	0.175	0.08	0.07	0.07	0.04	0.01	0.04	0.02	0.075
0.045	0.205	0.21	0.08	0.14	0.065	0.06	0.075	0.01	0.025	0.02	0.065
0.065	0.205	0.175	0.175	0.08	0.075	0.025	0.06	0.045	0.025	0.015	0.055
0.055	0.21	0.2	0.105	0.115	0.07	0.11	0.05	0.01	0.01	0.015	0.05
0.105	0.16	0.175	0.09	0.135	0.085	0.065	0.045	0.04	0.035	0.025	0.04
0.075	0.2	0.25	0.145	0.09	0.055	0.06	0.025	0.02	0.015	0.015	0.05
0.1	0.16	0.21	0.135	0.11	0.075	0.085	0.015	0.025	0.01	0.015	0.06
0.08	0.195	0.23	0.16	0.09	0.06	0.055	0.025	0.015	0.01	0.005	0.075
0.06	0.16	0.31	0.145	0.11	0.075	0.025	0.01	0.035	0.025	0.01	0.035
0.095	0.205	0.16	0.19	0.13	0.065	0.065	0.02	0.025	0.02	0.005	0.02
0.12	0.235	0.225	0.095	0.1	0.095	0.035	0.03	0.015	0.01	0.01	0.03
0.14	0.27	0.23	0.1	0.09	0.055	0.05	0.015	0.01	0.01	0.015	0.015
0.06	0.275	0.26	0.12	0.1	0.035	0.05	0.05	0.01	0.015	0.005	0.02
0.1	0.23	0.235	0.165	0.11	0.045	0.03	0.03	0.01	0.01	0.01	0.025
0.105	0.205	0.24	0.15	0.115	0.07	0.03	0.035	0.01	0.025	0	0.015
0.065	0.29	0.195	0.115	0.145	0.08	0.03	0.04	0.01	0.015	0	0.015
0.095	0.21	0.265	0.175	0.065	0.065	0.06	0.02	0.015	0.01	0.015	0.005
0.12	0.235	0.185	0.18	0.085	0.11	0.03	0.02	0.015	0	0.005	0.015
0.165	0.33	0.22	0.11	0.065	0.04	0.035	0.01	0.01	0.01	0	0.005
0.09	0.33	0.21	0.125	0.085	0.055	0.025	0.03	0.015	0.015	0.005	0.015
#######LANDINGS DATA#######
1
30
161.291258971491	467.226676649744	759.455267427068	1001.224595484	762.228994823447	1321.68344499463	1279.67127388159	2488.029352697	1319.64201724959	1532.25825403101	1606.27466667213	1611.18641097171	1105.62549271045	1536.70334823779	1521.02614076744	1268.45020081592	2250.35798168221	1615.36464035281	1465.65113843342	1320.42191160579	1637.11982932061	1079.9414111546	1646.00443305053	1198.41859592432	1118.50598816784	977.107141625782	924.823136194112	1199.55524310275	868.992697090746	1267.79818840895
0.01	0.01	0.01	0.01	0.01	0.01	0.01	0.01	0.01	0.01	0.01	0.01	0.01	0.01	0.01	0.01	0.01	0.01	0.01	0.01	0.01	0.01	0.01	0.01	0.01	0.01	0.01	0.01	0.01	0.01
30
1	2	3	4	5	6	7	8	9	10	11	12	13	14	15	16	17	18	19	20	21	22	23	24	25	26	27	28	29	30
200	200	200	200	200	200	200	200	200	200	200	200	200	200	200	200	200	200	200	200	200	200	200	200	200	200	200	200	200	200
200	200	200	200	200	200	200	200	200	200	200	200	200	200	200	200	200	200	200	200	200	200	200	200	200	200	200	200	200	200
0.07	0.13	0.095	0.09	0.115	0.11	0.09	0.035	0.055	0.045	0.01	0.155
0.065	0.08	0.15	0.08	0.08	0.105	0.075	0.045	0.04	0.035	0.04	0.205
0.085	0.13	0.135	0.125	0.115	0.075	0.1	0.03	0.04	0.03	0.015	0.12
0.03	0.155	0.115	0.125	0.1	0.09	0.095	0.045	0.065	0.035	0.025	0.12
0.11	0.065	0.14	0.115	0.105	0.04	0.055	0.07	0.05	0.075	0.035	0.14
0.095	0.17	0.095	0.075	0.12	0.065	0.055	0.065	0.055	0.055	0.02	0.13
0.055	0.125	0.165	0.115	0.095	0.1	0.05	0.05	0.05	0.03	0.035	0.13
0.125	0.105	0.165	0.125	0.09	0.08	0.07	0.035	0.04	0.03	0.03	0.105
0.085	0.14	0.085	0.135	0.135	0.065	0.075	0.07	0.025	0.025	0.025	0.135
0.095	0.1	0.13	0.165	0.08	0.13	0.055	0.05	0.015	0.025	0.035	0.12
0.08	0.185	0.105	0.185	0.105	0.08	0.09	0.025	0.025	0.03	0.01	0.08
0.1	0.165	0.195	0.11	0.155	0.05	0.06	0.03	0.015	0.015	0.015	0.09
0.065	0.135	0.13	0.145	0.12	0.085	0.04	0.1	0.03	0.035	0.01	0.105
0.085	0.2	0.13	0.13	0.125	0.075	0.075	0.02	0.03	0.055	0.005	0.07
0.1	0.17	0.175	0.14	0.105	0.1	0.05	0.025	0.02	0.03	0.025	0.06
0.14	0.19	0.175	0.105	0.085	0.08	0.065	0.025	0.035	0.03	0.025	0.045
0.13	0.19	0.12	0.13	0.075	0.045	0.085	0.075	0.05	0.025	0.015	0.06
0.075	0.215	0.175	0.16	0.1	0.055	0.055	0.04	0.025	0.03	0.035	0.035
0.145	0.14	0.16	0.22	0.085	0.095	0.035	0.015	0.015	0.015	0.02	0.055
0.105	0.19	0.125	0.165	0.125	0.075	0.09	0.05	0.015	0.015	0.01	0.035
0.215	0.12	0.185	0.13	0.11	0.09	0.03	0.035	0.015	0.01	0.02	0.04
0.185	0.265	0.105	0.14	0.06	0.11	0.045	0.015	0.015	0.01	0.015	0.035
0.13	0.2	0.255	0.1	0.12	0.07	0.05	0.015	0.03	0.005	0.005	0.02
0.115	0.2	0.23	0.185	0.1	0.05	0.045	0.025	0.02	0.015	0.005	0.01
0.165	0.185	0.135	0.22	0.15	0.045	0.03	0.025	0.01	0.02	0.005	0.01
0.13	0.24	0.145	0.15	0.155	0.08	0.05	0.01	0.02	0	0.01	0.01
0.2	0.145	0.26	0.165	0.085	0.07	0.03	0.015	0.025	0	0	0.005
0.205	0.25	0.145	0.17	0.075	0.055	0.065	0.015	0.01	0.01	0	0
0.23	0.31	0.12	0.12	0.095	0.03	0.075	0.005	0.015	0	0	0
0.13	0.28	0.2	0.15	0.105	0.065	0.035	0.005	0.01	0	0.005	0.015
#######PARAMETER SECTION#######
800	400	1200	-4	800	-0.25	1
0.18	0.01	1	-4	0.18	-0.25	1
-1.36	-5	-0.001	-4	-1.36	-0.25	1
0.1	0.05	0.3	-4	0.1	-0.25	1
0.2	0.01	0.5	-4	0.2	-0.25	1
0.75	0.20001	1	-3	0.75	-0.25	1
13.815511	-1	200	1	13.815511	-0.25	1
0	-1	1	-4	0	-0.25	1
0.2	1e-04	1.2	-3	0.2	-0.25	1
0	-10	10	-6	0	-1	1
0	-10	10	-6	0	-1	1
2	0	12	-2	2	-0.5	1
1	0	12	-2	1	-0.5	1
2	0	12	-2	2	-0.5	1
1	0	12	-2	1	-0.5	1
1.5	0	12	-2	1.5	-0.5	1
2	0	12	-2	2	-0.5	1
-14.8682006803499	-30	5	1	-14.8682006803499	-1	1
1	0.1	2	-1	1	-1	1
-1.51930887058023	-10	1.39	1	-1.51930887058023	-1	1
#######DEV CONSTRAINTS and DEVS#######
-15	15	2
-15	15	2
-15	15	2
0	0	0	0	0	0	0	0	0	0	0	0	0	0	0	0	0	0	0	0	0	0	0	0	0	0	0	0	0	0
0	0	0	0	0	0	0	0	0	0	0	0	0	0	0	0	0	0	0	0	0	0	0	0	0	0	0	0	0	0
0	0	0	0	0	0	0	0	0	0	0
#######LIKELIHOOD WEIGHTS#######
1
1
1
1
0
1
0
0
0
#######MISCELLANEOUS STUFF SECTION#######
2.5e-08
3
0.5	0.5	0.5	0.5	0.5	0.5	0.5	0.5	0.5	0.5	0.5	0.5
0.0229773699100256	0.320821300824607	0.904650535100891	0.994779874306442	0.999738809680904	0.999986992871533	0.999999352405202	0.999999967758134	0.999999998394772	0.99999999992008	0.999999999996021	0.999999999999802
0.2	0.2	0.2	0.2	0.2	0.2	0.2	0.2	0.2	0.2	0.2	0.2
0
1
10
0.2
1
1	0	0	0	0	0	0	0	0	0	0	0
0	1	0	0	0	0	0	0	0	0	0	0
0	0	1	0	0	0	0	0	0	0	0	0
0	0	0	1	0	0	0	0	0	0	0	0
0	0	0	0	1	0	0	0	0	0	0	0
0	0	0	0	0	1	0	0	0	0	0	0
0	0	0	0	0	0	1	0	0	0	0	0
0	0	0	0	0	0	0	1	0	0	0	0
0	0	0	0	0	0	0	0	1	0	0	0
0	0	0	0	0	0	0	0	0	1	0	0
0	0	0	0	0	0	0	0	0	0	1	0
0	0	0	0	0	0	0	0	0	0	0	1
40
31
2
1
#######END OF DATA FILE#######
999
