#######GENERAL HEADER INPUT#######
1
30
1
30
1
30
30
12
1	2	3	4	5	6	7	8	9	10	11	12
12
1	2	3	4	5	6	7	8	9	10	11	12
1
101
1
1
#######SURVEY DATA#######
30
1	2	3	4	5	6	7	8	9	10	11	12	13	14	15	16	17	18	19	20	21	22	23	24	25	26	27	28	29	30
1.65872123836758	1.59943590524064	1.17155386462132	1.36792073592021	1.43353265043284	1.3674816233719	1.83451437539928	1.38029811826178	1.42252458566361	1.26589736988403	1.06135620983465	0.997247927670829	1.22345476296425	0.92662908480898	1.02437288721148	0.895556592607674	0.860479443300678	0.898337169841655	0.816138855616039	0.631037464124436	0.750811122159649	0.780698972136871	0.768332989776153	0.694461022635135	0.546136062664409	0.502994641214465	0.436505938034551	0.582551642131202	0.525092514180288	0.493160017524365
0.2	0.2	0.2	0.2	0.2	0.2	0.2	0.2	0.2	0.2	0.2	0.2	0.2	0.2	0.2	0.2	0.2	0.2	0.2	0.2	0.2	0.2	0.2	0.2	0.2	0.2	0.2	0.2	0.2	0.2
30
1	2	3	4	5	6	7	8	9	10	11	12	13	14	15	16	17	18	19	20	21	22	23	24	25	26	27	28	29	30
200	200	200	200	200	200	200	200	200	200	200	200	200	200	200	200	200	200	200	200	200	200	200	200	200	200	200	200	200	200
200	200	200	200	200	200	200	200	200	200	200	200	200	200	200	200	200	200	200	200	200	200	200	200	200	200	200	200	200	200
0.055	0.145	0.11	0.1	0.12	0.08	0.095	0.065	0.04	0.055	0.025	0.11
0.07	0.125	0.165	0.135	0.115	0.095	0.06	0.035	0.045	0.045	0.025	0.085
0.045	0.145	0.14	0.135	0.1	0.065	0.055	0.05	0.045	0.035	0.03	0.155
0.045	0.115	0.21	0.14	0.07	0.065	0.05	0.075	0.06	0.045	0.02	0.105
0.075	0.115	0.125	0.16	0.105	0.08	0.065	0.05	0.04	0.045	0.03	0.11
0.075	0.2	0.115	0.1	0.12	0.06	0.065	0.045	0.045	0.03	0.035	0.11
0.06	0.19	0.155	0.1	0.115	0.075	0.075	0.02	0.04	0.03	0.015	0.125
0.05	0.135	0.21	0.225	0.065	0.065	0.055	0.04	0.02	0.03	0.02	0.085
0.075	0.195	0.2	0.1	0.14	0.045	0.05	0.055	0.025	0.02	0.005	0.09
0.135	0.14	0.17	0.085	0.11	0.105	0.045	0.05	0.03	0.045	0.015	0.07
0.085	0.16	0.165	0.09	0.12	0.125	0.07	0.01	0.02	0.04	0.025	0.09
0.08	0.19	0.17	0.135	0.14	0.085	0.08	0.05	0.005	0.005	0.015	0.045
0.085	0.165	0.125	0.18	0.075	0.09	0.055	0.08	0.05	0.035	0.025	0.035
0.115	0.19	0.14	0.145	0.125	0.07	0.05	0.025	0.03	0.025	0.02	0.065
0.1	0.2	0.175	0.135	0.085	0.105	0.06	0.025	0.03	0.01	0.03	0.045
0.07	0.14	0.25	0.145	0.105	0.09	0.065	0.035	0.06	0.01	0.015	0.015
0.11	0.27	0.155	0.12	0.1	0.065	0.025	0.04	0.025	0.015	0.015	0.06
0.09	0.2	0.215	0.165	0.09	0.085	0.03	0.025	0.025	0.015	0.015	0.045
0.065	0.13	0.25	0.18	0.105	0.08	0.06	0.045	0.025	0.015	0.015	0.03
0.065	0.255	0.17	0.175	0.145	0.075	0.045	0.025	0.02	0.015	0.005	0.005
0.125	0.165	0.225	0.12	0.13	0.06	0.035	0.04	0.03	0.01	0.02	0.04
0.11	0.265	0.155	0.105	0.09	0.095	0.05	0.04	0.03	0.01	0.015	0.035
0.07	0.27	0.3	0.11	0.085	0.05	0.035	0.025	0.01	0.025	0.005	0.015
0.085	0.26	0.23	0.155	0.085	0.08	0.035	0.035	0.01	0.01	0.01	0.005
0.155	0.24	0.2	0.185	0.065	0.04	0.035	0.02	0.015	0.01	0.01	0.025
0.08	0.315	0.225	0.135	0.115	0.05	0.02	0.015	0.005	0.005	0.015	0.02
0.125	0.215	0.205	0.165	0.115	0.05	0.055	0.035	0.01	0.015	0.005	0.005
0.165	0.275	0.215	0.115	0.08	0.04	0.055	0.015	0.015	0.005	0	0.02
0.11	0.265	0.19	0.175	0.115	0.05	0.025	0.025	0.03	0.005	0.005	0.005
0.095	0.3	0.26	0.125	0.085	0.06	0.025	0.025	0.005	0.01	0	0.01
#######LANDINGS DATA#######
1
30
162.235597339575	470.211544349618	757.980968678713	999.648567365273	766.209583994977	1327.87381066375	1275.67513079317	2479.75336225287	1314.60239815649	1533.24230852422	1623.73527003024	1620.38878229429	1107.61786505857	1529.17451342512	1514.79580233406	1279.1083157761	2240.67644063701	1610.04207499267	1454.10953132375	1311.51276720805	1629.25159267002	1074.7622885695	1635.53477180395	1214.67000761438	1120.00774848582	969.997259618824	926.777385823014	1207.92082040967	865.125616940776	1273.07823947179
0.01	0.01	0.01	0.01	0.01	0.01	0.01	0.01	0.01	0.01	0.01	0.01	0.01	0.01	0.01	0.01	0.01	0.01	0.01	0.01	0.01	0.01	0.01	0.01	0.01	0.01	0.01	0.01	0.01	0.01
30
1	2	3	4	5	6	7	8	9	10	11	12	13	14	15	16	17	18	19	20	21	22	23	24	25	26	27	28	29	30
200	200	200	200	200	200	200	200	200	200	200	200	200	200	200	200	200	200	200	200	200	200	200	200	200	200	200	200	200	200
200	200	200	200	200	200	200	200	200	200	200	200	200	200	200	200	200	200	200	200	200	200	200	200	200	200	200	200	200	200
0.065	0.105	0.11	0.135	0.06	0.1	0.105	0.065	0.03	0.035	0.03	0.16
0.08	0.115	0.09	0.105	0.09	0.12	0.085	0.04	0.05	0.05	0.045	0.13
0.06	0.15	0.15	0.11	0.115	0.07	0.035	0.04	0.04	0.035	0.015	0.18
0.07	0.105	0.14	0.165	0.105	0.11	0.065	0.04	0.04	0.025	0.02	0.115
0.12	0.08	0.165	0.15	0.1	0.055	0.035	0.02	0.08	0.02	0.03	0.145
0.09	0.12	0.095	0.13	0.1	0.065	0.08	0.035	0.05	0.07	0.04	0.125
0.08	0.115	0.17	0.105	0.125	0.07	0.075	0.05	0.04	0.02	0.015	0.135
0.075	0.125	0.175	0.19	0.055	0.045	0.07	0.05	0.035	0.045	0.025	0.11
0.12	0.095	0.125	0.145	0.13	0.055	0.09	0.07	0.015	0.02	0.03	0.105
0.1	0.135	0.125	0.13	0.12	0.105	0.035	0.055	0.065	0.015	0.035	0.08
0.045	0.155	0.13	0.22	0.09	0.105	0.08	0.035	0.03	0.035	0.01	0.065
0.07	0.135	0.15	0.12	0.135	0.1	0.105	0.045	0.03	0.005	0.01	0.095
0.08	0.125	0.135	0.2	0.115	0.09	0.085	0.02	0.04	0.01	0.015	0.085
0.1	0.12	0.135	0.125	0.13	0.075	0.105	0.045	0.045	0.02	0.01	0.09
0.06	0.195	0.18	0.14	0.07	0.085	0.065	0.06	0.02	0.04	0.025	0.06
0.08	0.17	0.205	0.12	0.09	0.05	0.075	0.045	0.035	0.02	0.015	0.095
0.105	0.175	0.21	0.155	0.075	0.055	0.065	0.025	0.035	0.04	0.015	0.045
0.105	0.21	0.185	0.135	0.135	0.055	0.055	0.035	0.01	0.015	0.015	0.045
0.125	0.145	0.225	0.17	0.06	0.07	0.08	0.03	0.04	0.005	0.005	0.045
0.075	0.165	0.19	0.2	0.125	0.08	0.045	0.03	0.02	0.025	0.01	0.035
0.18	0.15	0.15	0.12	0.15	0.1	0.035	0.025	0.03	0.02	0.01	0.03
0.125	0.225	0.125	0.115	0.105	0.12	0.095	0.035	0.02	0.015	0	0.02
0.08	0.255	0.205	0.155	0.12	0.04	0.035	0.025	0.03	0.03	0.005	0.02
0.16	0.18	0.21	0.21	0.12	0.07	0.01	0.01	0.01	0	0.005	0.015
0.22	0.17	0.155	0.215	0.1	0.055	0.035	0.015	0.01	0.005	0.005	0.015
0.115	0.285	0.13	0.18	0.1	0.085	0.035	0.03	0.025	0.005	0	0.01
0.155	0.145	0.265	0.155	0.125	0.075	0.035	0.01	0.015	0.01	0	0.01
0.145	0.205	0.14	0.23	0.115	0.045	0.06	0.03	0.005	0.01	0	0.015
0.265	0.205	0.15	0.11	0.1	0.05	0.05	0.025	0.02	0.02	0.005	0
0.095	0.275	0.255	0.13	0.105	0.055	0.02	0.03	0.01	0.015	0.005	0.005
#######PARAMETER SECTION#######
800	400	1200	-4	800	-0.25	1
0.18	0.01	1	-4	0.18	-0.25	1
-1.36	-5	-0.001	-4	-1.36	-0.25	1
0.1	0.05	0.3	-4	0.1	-0.25	1
0.2	0.01	0.5	-4	0.2	-0.25	1
0.75	0.20001	1	-3	0.75	-0.25	1
13.815511	-1	200	1	13.815511	-0.25	1
0	-1	1	-4	0	-0.25	1
0.2	1e-04	1.2	-3	0.2	-0.25	1
0	-10	10	-6	0	-1	1
0	-10	10	-6	0	-1	1
2	0	12	-2	2	-0.5	1
1	0	12	-2	1	-0.5	1
2	0	12	-2	2	-0.5	1
1	0	12	-2	1	-0.5	1
1.5	0	12	-2	1.5	-0.5	1
2	0	12	-2	2	-0.5	1
-14.8682006803499	-30	5	1	-14.8682006803499	-1	1
1	0.1	2	-1	1	-1	1
-1.51930887058023	-10	1.39	1	-1.51930887058023	-1	1
#######DEV CONSTRAINTS and DEVS#######
-15	15	2
-15	15	2
-15	15	2
0	0	0	0	0	0	0	0	0	0	0	0	0	0	0	0	0	0	0	0	0	0	0	0	0	0	0	0	0	0
0	0	0	0	0	0	0	0	0	0	0	0	0	0	0	0	0	0	0	0	0	0	0	0	0	0	0	0	0	0
0	0	0	0	0	0	0	0	0	0	0
#######LIKELIHOOD WEIGHTS#######
1
1
1
1
0
1
0
0
0
#######MISCELLANEOUS STUFF SECTION#######
2.5e-08
3
0.5	0.5	0.5	0.5	0.5	0.5	0.5	0.5	0.5	0.5	0.5	0.5
0.0229773699100256	0.320821300824607	0.904650535100891	0.994779874306442	0.999738809680904	0.999986992871533	0.999999352405202	0.999999967758134	0.999999998394772	0.99999999992008	0.999999999996021	0.999999999999802
0.2	0.2	0.2	0.2	0.2	0.2	0.2	0.2	0.2	0.2	0.2	0.2
0
1
10
0.2
1
1	0	0	0	0	0	0	0	0	0	0	0
0	1	0	0	0	0	0	0	0	0	0	0
0	0	1	0	0	0	0	0	0	0	0	0
0	0	0	1	0	0	0	0	0	0	0	0
0	0	0	0	1	0	0	0	0	0	0	0
0	0	0	0	0	1	0	0	0	0	0	0
0	0	0	0	0	0	1	0	0	0	0	0
0	0	0	0	0	0	0	1	0	0	0	0
0	0	0	0	0	0	0	0	1	0	0	0
0	0	0	0	0	0	0	0	0	1	0	0
0	0	0	0	0	0	0	0	0	0	1	0
0	0	0	0	0	0	0	0	0	0	0	1
40
31
2
1
#######END OF DATA FILE#######
999
