#######GENERAL HEADER INPUT#######
1
30
1
30
1
30
30
12
1	2	3	4	5	6	7	8	9	10	11	12
12
1	2	3	4	5	6	7	8	9	10	11	12
1
101
1
1
#######SURVEY DATA#######
30
1	2	3	4	5	6	7	8	9	10	11	12	13	14	15	16	17	18	19	20	21	22	23	24	25	26	27	28	29	30
1.51306365541368	1.47997419309962	1.56347341334271	1.48901073370722	1.37523412399284	1.50278351073235	1.50888646197931	1.32987373842736	1.34904239208005	1.3554322215661	1.15166602728927	1.05121136253964	0.985123570691233	1.00566099288116	1.06633993379206	0.797810115640078	0.921759350215524	0.867185938572827	0.905707159043103	0.758909177834631	0.724203828354228	0.713514684181028	0.61565004724468	0.610563200319685	0.572366826724664	0.500753545246185	0.56522663973291	0.5505930387014	0.539816767752651	0.57463698734169
0.2	0.2	0.2	0.2	0.2	0.2	0.2	0.2	0.2	0.2	0.2	0.2	0.2	0.2	0.2	0.2	0.2	0.2	0.2	0.2	0.2	0.2	0.2	0.2	0.2	0.2	0.2	0.2	0.2	0.2
30
1	2	3	4	5	6	7	8	9	10	11	12	13	14	15	16	17	18	19	20	21	22	23	24	25	26	27	28	29	30
200	200	200	200	200	200	200	200	200	200	200	200	200	200	200	200	200	200	200	200	200	200	200	200	200	200	200	200	200	200
200	200	200	200	200	200	200	200	200	200	200	200	200	200	200	200	200	200	200	200	200	200	200	200	200	200	200	200	200	200
0.045	0.14	0.175	0.125	0.1	0.065	0.07	0.045	0.03	0.02	0.015	0.17
0.09	0.115	0.13	0.12	0.13	0.055	0.075	0.04	0.05	0.025	0.02	0.15
0.07	0.165	0.16	0.135	0.12	0.06	0.065	0.035	0.02	0.025	0.03	0.115
0.07	0.11	0.195	0.095	0.085	0.07	0.095	0.085	0.03	0.045	0.01	0.11
0.075	0.14	0.12	0.18	0.065	0.115	0.09	0.045	0.04	0.015	0.01	0.105
0.11	0.21	0.145	0.055	0.125	0.06	0.055	0.045	0.045	0.035	0.035	0.08
0.06	0.145	0.205	0.105	0.1	0.115	0.055	0.025	0.03	0.02	0.015	0.125
0.12	0.15	0.16	0.105	0.055	0.065	0.115	0.015	0.03	0.03	0.015	0.14
0.095	0.17	0.18	0.13	0.115	0.055	0.05	0.035	0.045	0.02	0.025	0.08
0.14	0.155	0.16	0.13	0.12	0.08	0.03	0.025	0.035	0.015	0.03	0.08
0.085	0.17	0.14	0.16	0.075	0.12	0.06	0.045	0.035	0.035	0.02	0.055
0.055	0.18	0.2	0.125	0.13	0.065	0.07	0.035	0.025	0.03	0.025	0.06
0.08	0.185	0.21	0.135	0.07	0.08	0.08	0.04	0.04	0.005	0.015	0.06
0.075	0.145	0.145	0.145	0.145	0.105	0.045	0.05	0.03	0.045	0.015	0.055
0.045	0.175	0.205	0.125	0.145	0.08	0.03	0.045	0.025	0.035	0.02	0.07
0.12	0.15	0.15	0.115	0.095	0.135	0.075	0.045	0.025	0.03	0.01	0.05
0.105	0.2	0.15	0.135	0.1	0.055	0.08	0.04	0.015	0.025	0.02	0.075
0.12	0.22	0.24	0.08	0.065	0.095	0.035	0.02	0.03	0.01	0.025	0.06
0.105	0.17	0.275	0.155	0.105	0.05	0.04	0.015	0.025	0.025	0.005	0.03
0.08	0.27	0.145	0.18	0.105	0.045	0.025	0.05	0.035	0.015	0.01	0.04
0.165	0.16	0.185	0.105	0.095	0.115	0.055	0.05	0.025	0.015	0.005	0.025
0.155	0.285	0.145	0.15	0.08	0.04	0.065	0.025	0.025	0.005	0	0.025
0.13	0.26	0.265	0.085	0.115	0.045	0.04	0.025	0.01	0.01	0.015	0
0.1	0.18	0.245	0.175	0.115	0.06	0.04	0.03	0.03	0	0.005	0.02
0.125	0.21	0.23	0.18	0.095	0.05	0.045	0.03	0.01	0.015	0	0.01
0.095	0.31	0.185	0.19	0.085	0.065	0.035	0.005	0.005	0.005	0.015	0.005
0.075	0.22	0.27	0.175	0.1	0.04	0.04	0.02	0.015	0.01	0.01	0.025
0.12	0.225	0.235	0.245	0.06	0.035	0.035	0.005	0.025	0.005	0	0.01
0.15	0.26	0.24	0.13	0.08	0.04	0.025	0.035	0.01	0.015	0.005	0.01
0.105	0.365	0.21	0.11	0.065	0.03	0.05	0.02	0.015	0.01	0.015	0.005
#######LANDINGS DATA#######
1
30
159.761712711499	468.032858292443	758.946191932791	990.130496501946	767.02755353748	1326.16678325813	1281.60007685291	2476.12394368637	1320.00822571269	1547.22996767897	1623.32772945327	1618.08789058631	1102.3064208372	1519.66140515137	1504.99316543127	1283.15363852576	2266.57062873332	1603.72418769277	1447.51587376656	1321.58773868896	1637.64516211705	1086.24019829151	1637.10862863629	1212.81617500165	1116.90224425217	968.195265086978	925.268980183084	1206.00246933002	884.653376940689	1265.09256760304
0.01	0.01	0.01	0.01	0.01	0.01	0.01	0.01	0.01	0.01	0.01	0.01	0.01	0.01	0.01	0.01	0.01	0.01	0.01	0.01	0.01	0.01	0.01	0.01	0.01	0.01	0.01	0.01	0.01	0.01
30
1	2	3	4	5	6	7	8	9	10	11	12	13	14	15	16	17	18	19	20	21	22	23	24	25	26	27	28	29	30
200	200	200	200	200	200	200	200	200	200	200	200	200	200	200	200	200	200	200	200	200	200	200	200	200	200	200	200	200	200
200	200	200	200	200	200	200	200	200	200	200	200	200	200	200	200	200	200	200	200	200	200	200	200	200	200	200	200	200	200
0.05	0.085	0.16	0.135	0.13	0.09	0.065	0.04	0.055	0.015	0.015	0.16
0.085	0.1	0.09	0.145	0.115	0.095	0.065	0.05	0.035	0.05	0.03	0.14
0.03	0.14	0.13	0.11	0.09	0.105	0.06	0.06	0.06	0.03	0.04	0.145
0.035	0.095	0.105	0.13	0.085	0.095	0.065	0.075	0.05	0.06	0.03	0.175
0.13	0.115	0.135	0.155	0.1	0.055	0.055	0.05	0.03	0.05	0.03	0.095
0.1	0.19	0.12	0.11	0.095	0.085	0.045	0.04	0.06	0.02	0.02	0.115
0.075	0.1	0.175	0.11	0.09	0.085	0.075	0.04	0.035	0.06	0.03	0.125
0.08	0.115	0.15	0.185	0.08	0.05	0.095	0.08	0.03	0.015	0.01	0.11
0.11	0.185	0.11	0.165	0.135	0.07	0.035	0.04	0.03	0.015	0.01	0.095
0.085	0.125	0.175	0.105	0.12	0.09	0.055	0.015	0.065	0.02	0.01	0.135
0.075	0.115	0.14	0.205	0.055	0.065	0.13	0.045	0.025	0.04	0.02	0.085
0.115	0.18	0.16	0.135	0.06	0.07	0.085	0.06	0.035	0.02	0.005	0.075
0.075	0.155	0.135	0.205	0.115	0.08	0.045	0.05	0.04	0.035	0.005	0.06
0.105	0.13	0.11	0.19	0.14	0.095	0.09	0.03	0.02	0.03	0.005	0.055
0.115	0.155	0.145	0.155	0.1	0.055	0.035	0.065	0.05	0.035	0.055	0.035
0.12	0.11	0.195	0.165	0.105	0.07	0.1	0.04	0.025	0.01	0.015	0.045
0.105	0.235	0.155	0.17	0.09	0.06	0.035	0.045	0.015	0.04	0.015	0.035
0.095	0.19	0.205	0.115	0.14	0.065	0.065	0.025	0.025	0.015	0.01	0.05
0.115	0.105	0.205	0.205	0.12	0.075	0.025	0.035	0.035	0.015	0.015	0.05
0.06	0.195	0.2	0.175	0.145	0.065	0.055	0.02	0.035	0.02	0.01	0.02
0.19	0.115	0.175	0.135	0.13	0.075	0.04	0.045	0.025	0.035	0.01	0.025
0.13	0.22	0.155	0.165	0.105	0.1	0.04	0.02	0.01	0.02	0.015	0.02
0.125	0.25	0.25	0.08	0.135	0.065	0.05	0.02	0.005	0.005	0	0.015
0.175	0.14	0.295	0.14	0.075	0.06	0.045	0.025	0.02	0.005	0.01	0.01
0.23	0.145	0.17	0.175	0.105	0.055	0.035	0.015	0.015	0.015	0.005	0.035
0.125	0.23	0.175	0.145	0.13	0.085	0.045	0.015	0.005	0.01	0.015	0.02
0.14	0.17	0.255	0.13	0.125	0.08	0.05	0.03	0.01	0	0	0.01
0.205	0.205	0.16	0.215	0.085	0.03	0.03	0.025	0.02	0.01	0	0.015
0.185	0.235	0.155	0.095	0.18	0.05	0.035	0.02	0.01	0.005	0.01	0.02
0.135	0.25	0.255	0.105	0.06	0.09	0.055	0.01	0.015	0.015	0	0.01
#######PARAMETER SECTION#######
800	400	1200	-4	800	-0.25	1
0.18	0.01	1	-4	0.18	-0.25	1
-1.36	-5	-0.001	-4	-1.36	-0.25	1
0.1	0.05	0.3	-4	0.1	-0.25	1
0.2	0.01	0.5	-4	0.2	-0.25	1
0.75	0.20001	1	-3	0.75	-0.25	1
13.815511	-1	200	1	13.815511	-0.25	1
0	-1	1	-4	0	-0.25	1
0.2	1e-04	1.2	-3	0.2	-0.25	1
0	-10	10	-6	0	-1	1
0	-10	10	-6	0	-1	1
2	0	12	-2	2	-0.5	1
1	0	12	-2	1	-0.5	1
2	0	12	-2	2	-0.5	1
1	0	12	-2	1	-0.5	1
1.5	0	12	-2	1.5	-0.5	1
2	0	12	-2	2	-0.5	1
-14.8682006803499	-30	5	1	-14.8682006803499	-1	1
1	0.1	2	-1	1	-1	1
-1.51930887058023	-10	1.39	1	-1.51930887058023	-1	1
#######DEV CONSTRAINTS and DEVS#######
-15	15	2
-15	15	2
-15	15	2
0	0	0	0	0	0	0	0	0	0	0	0	0	0	0	0	0	0	0	0	0	0	0	0	0	0	0	0	0	0
0	0	0	0	0	0	0	0	0	0	0	0	0	0	0	0	0	0	0	0	0	0	0	0	0	0	0	0	0	0
0	0	0	0	0	0	0	0	0	0	0
#######LIKELIHOOD WEIGHTS#######
1
1
1
1
0
1
0
0
0
#######MISCELLANEOUS STUFF SECTION#######
2.5e-08
3
0.5	0.5	0.5	0.5	0.5	0.5	0.5	0.5	0.5	0.5	0.5	0.5
0.0229773699100256	0.320821300824607	0.904650535100891	0.994779874306442	0.999738809680904	0.999986992871533	0.999999352405202	0.999999967758134	0.999999998394772	0.99999999992008	0.999999999996021	0.999999999999802
0.2	0.2	0.2	0.2	0.2	0.2	0.2	0.2	0.2	0.2	0.2	0.2
0
1
10
0.2
1
1	0	0	0	0	0	0	0	0	0	0	0
0	1	0	0	0	0	0	0	0	0	0	0
0	0	1	0	0	0	0	0	0	0	0	0
0	0	0	1	0	0	0	0	0	0	0	0
0	0	0	0	1	0	0	0	0	0	0	0
0	0	0	0	0	1	0	0	0	0	0	0
0	0	0	0	0	0	1	0	0	0	0	0
0	0	0	0	0	0	0	1	0	0	0	0
0	0	0	0	0	0	0	0	1	0	0	0
0	0	0	0	0	0	0	0	0	1	0	0
0	0	0	0	0	0	0	0	0	0	1	0
0	0	0	0	0	0	0	0	0	0	0	1
40
31
2
1
#######END OF DATA FILE#######
999
