#######GENERAL HEADER INPUT#######
1
30
1
30
1
30
30
12
1	2	3	4	5	6	7	8	9	10	11	12
12
1	2	3	4	5	6	7	8	9	10	11	12
1
101
1
1
#######SURVEY DATA#######
30
1	2	3	4	5	6	7	8	9	10	11	12	13	14	15	16	17	18	19	20	21	22	23	24	25	26	27	28	29	30
1.4866894154398	1.63583966544036	1.44226934375758	1.476862198987	1.46538206854851	1.61258043888441	1.34416840518599	1.270865684789	1.27460335098837	1.20159961218447	1.14860619465059	0.96443005492825	1.05780670981977	0.946179072101683	0.980867033737621	0.908946081721405	0.94735836998555	0.641073830674635	0.719850515588387	0.691911084741129	0.741426256768951	0.528643626053238	0.785309615337194	0.613395456875888	0.614747648251957	0.573651696841574	0.439755825733263	0.445307046292466	0.502514636931735	0.512120270399923
0.2	0.2	0.2	0.2	0.2	0.2	0.2	0.2	0.2	0.2	0.2	0.2	0.2	0.2	0.2	0.2	0.2	0.2	0.2	0.2	0.2	0.2	0.2	0.2	0.2	0.2	0.2	0.2	0.2	0.2
30
1	2	3	4	5	6	7	8	9	10	11	12	13	14	15	16	17	18	19	20	21	22	23	24	25	26	27	28	29	30
200	200	200	200	200	200	200	200	200	200	200	200	200	200	200	200	200	200	200	200	200	200	200	200	200	200	200	200	200	200
200	200	200	200	200	200	200	200	200	200	200	200	200	200	200	200	200	200	200	200	200	200	200	200	200	200	200	200	200	200
0.075	0.17	0.15	0.09	0.135	0.08	0.04	0.04	0.045	0.015	0.03	0.13
0.05	0.145	0.1	0.145	0.12	0.06	0.075	0.05	0.035	0.055	0.03	0.135
0.085	0.155	0.135	0.155	0.1	0.04	0.1	0.04	0.065	0.01	0.005	0.11
0.07	0.13	0.245	0.095	0.07	0.08	0.05	0.05	0.05	0.035	0.035	0.09
0.125	0.1	0.175	0.135	0.085	0.05	0.085	0.04	0.03	0.04	0.02	0.115
0.065	0.155	0.075	0.115	0.17	0.08	0.04	0.05	0.04	0.05	0.045	0.115
0.05	0.21	0.18	0.1	0.095	0.07	0.05	0.055	0.04	0.025	0.02	0.105
0.06	0.115	0.18	0.2	0.055	0.09	0.07	0.045	0.02	0.045	0.025	0.095
0.08	0.14	0.16	0.155	0.135	0.035	0.06	0.05	0.03	0.02	0.04	0.095
0.095	0.115	0.185	0.095	0.155	0.105	0.06	0.035	0.035	0.015	0.01	0.095
0.085	0.195	0.15	0.09	0.115	0.105	0.045	0.04	0.04	0.03	0.03	0.075
0.07	0.23	0.155	0.15	0.11	0.035	0.09	0.04	0.035	0.02	0.02	0.045
0.13	0.19	0.135	0.125	0.105	0.08	0.04	0.025	0.035	0.02	0.04	0.075
0.095	0.14	0.145	0.2	0.08	0.115	0.065	0.055	0.03	0.025	0.005	0.045
0.08	0.195	0.15	0.095	0.11	0.105	0.055	0.05	0.03	0.03	0.03	0.07
0.095	0.185	0.155	0.135	0.145	0.08	0.065	0.05	0.01	0.005	0.015	0.06
0.09	0.215	0.19	0.155	0.115	0.07	0.055	0.02	0.01	0.02	0.025	0.035
0.075	0.23	0.21	0.165	0.075	0.06	0.065	0.025	0.04	0.02	0.005	0.03
0.075	0.16	0.285	0.17	0.105	0.04	0.06	0.025	0.025	0.015	0.005	0.035
0.07	0.225	0.185	0.2	0.12	0.055	0.04	0.03	0.03	0	0.01	0.035
0.08	0.185	0.245	0.165	0.08	0.085	0.045	0.04	0.015	0.02	0.015	0.025
0.185	0.225	0.195	0.12	0.08	0.06	0.05	0.025	0.015	0.015	0.01	0.02
0.09	0.245	0.295	0.13	0.06	0.03	0.05	0.03	0.005	0.025	0.015	0.025
0.09	0.23	0.28	0.185	0.08	0.055	0.025	0.025	0.01	0	0.005	0.015
0.165	0.235	0.165	0.195	0.09	0.055	0.035	0.01	0.01	0.01	0	0.03
0.14	0.24	0.175	0.155	0.1	0.105	0.025	0.02	0	0.02	0.01	0.01
0.145	0.16	0.32	0.12	0.09	0.055	0.055	0.005	0.01	0.02	0.01	0.01
0.15	0.265	0.2	0.17	0.105	0.055	0.02	0.01	0.005	0.005	0	0.015
0.205	0.285	0.145	0.115	0.13	0.03	0.02	0.015	0.025	0.01	0.005	0.015
0.135	0.285	0.25	0.13	0.07	0.085	0	0.015	0.01	0.01	0.005	0.005
#######LANDINGS DATA#######
1
30
160.350093809882	470.802553806483	762.034861436982	1007.65986420314	770.585507837103	1321.95159146025	1270.67161941329	2493.97375183253	1314.63619331538	1525.51429846567	1611.06987208562	1615.54592061144	1105.78059371325	1517.84783095414	1514.807308158	1272.6757123404	2242.97017584586	1611.31597324777	1459.6585714242	1328.63706560132	1643.40161496862	1082.77053942128	1629.86462422232	1202.05677042996	1120.93211038158	967.263319038185	928.307364781841	1214.06517947785	873.560756071391	1273.0749805329
0.01	0.01	0.01	0.01	0.01	0.01	0.01	0.01	0.01	0.01	0.01	0.01	0.01	0.01	0.01	0.01	0.01	0.01	0.01	0.01	0.01	0.01	0.01	0.01	0.01	0.01	0.01	0.01	0.01	0.01
30
1	2	3	4	5	6	7	8	9	10	11	12	13	14	15	16	17	18	19	20	21	22	23	24	25	26	27	28	29	30
200	200	200	200	200	200	200	200	200	200	200	200	200	200	200	200	200	200	200	200	200	200	200	200	200	200	200	200	200	200
200	200	200	200	200	200	200	200	200	200	200	200	200	200	200	200	200	200	200	200	200	200	200	200	200	200	200	200	200	200
0.095	0.12	0.11	0.125	0.08	0.1	0.065	0.065	0.07	0.04	0.045	0.085
0.1	0.11	0.09	0.115	0.08	0.07	0.085	0.085	0.065	0.055	0.02	0.125
0.06	0.17	0.09	0.135	0.13	0.08	0.045	0.04	0.025	0.035	0.045	0.145
0.05	0.105	0.185	0.125	0.075	0.035	0.115	0.085	0.045	0.03	0.035	0.115
0.07	0.12	0.07	0.165	0.095	0.1	0.03	0.08	0.03	0.045	0.03	0.165
0.105	0.145	0.085	0.14	0.145	0.065	0.03	0.065	0.065	0.04	0.02	0.095
0.065	0.155	0.155	0.1	0.075	0.08	0.055	0.085	0.065	0.025	0.035	0.105
0.1	0.09	0.145	0.195	0.08	0.08	0.055	0.045	0.04	0.03	0.045	0.095
0.095	0.15	0.105	0.14	0.14	0.08	0.05	0.03	0.065	0.04	0.035	0.07
0.09	0.11	0.19	0.095	0.14	0.11	0.025	0.035	0.035	0.025	0.04	0.105
0.08	0.135	0.12	0.175	0.13	0.105	0.08	0.03	0.025	0.015	0.005	0.1
0.055	0.165	0.16	0.13	0.14	0.055	0.09	0.075	0.02	0.02	0.015	0.075
0.095	0.1	0.165	0.185	0.07	0.09	0.06	0.035	0.08	0.01	0.045	0.065
0.12	0.145	0.135	0.165	0.115	0.085	0.055	0.02	0.02	0.045	0.015	0.08
0.13	0.14	0.15	0.15	0.11	0.105	0.045	0.05	0.03	0.015	0.035	0.04
0.11	0.13	0.195	0.135	0.1	0.08	0.075	0.05	0.03	0.01	0.03	0.055
0.145	0.15	0.135	0.12	0.11	0.075	0.045	0.07	0.03	0.04	0.015	0.065
0.095	0.15	0.175	0.155	0.11	0.08	0.035	0.05	0.035	0.04	0.02	0.055
0.09	0.155	0.21	0.195	0.135	0.055	0.03	0.04	0.015	0.01	0.005	0.06
0.12	0.175	0.15	0.165	0.12	0.095	0.05	0.02	0.015	0.005	0.02	0.065
0.205	0.175	0.2	0.125	0.1	0.075	0.06	0.025	0.01	0.015	0.005	0.005
0.165	0.195	0.125	0.165	0.1	0.07	0.07	0.02	0.02	0.015	0.02	0.035
0.14	0.21	0.215	0.135	0.095	0.075	0.065	0.015	0.015	0.01	0.005	0.02
0.105	0.175	0.275	0.155	0.065	0.09	0.03	0.035	0.03	0.025	0	0.015
0.145	0.16	0.225	0.16	0.115	0.07	0.035	0.02	0.015	0.025	0.005	0.025
0.11	0.265	0.17	0.145	0.125	0.085	0.035	0.01	0.015	0.015	0	0.025
0.155	0.18	0.225	0.175	0.07	0.095	0.035	0.02	0	0.01	0.005	0.03
0.205	0.175	0.185	0.17	0.08	0.035	0.03	0.05	0.02	0.015	0.005	0.03
0.18	0.22	0.18	0.155	0.145	0.03	0.03	0.045	0.01	0	0	0.005
0.15	0.265	0.22	0.15	0.105	0.025	0.03	0.015	0.01	0.01	0.01	0.01
#######PARAMETER SECTION#######
800	400	1200	-4	800	-0.25	1
0.18	0.01	1	-4	0.18	-0.25	1
-1.36	-5	-0.001	-4	-1.36	-0.25	1
0.1	0.05	0.3	-4	0.1	-0.25	1
0.2	0.01	0.5	-4	0.2	-0.25	1
0.75	0.20001	1	-3	0.75	-0.25	1
13.815511	-1	200	1	13.815511	-0.25	1
0	-1	1	-4	0	-0.25	1
0.2	1e-04	1.2	-3	0.2	-0.25	1
0	-10	10	-6	0	-1	1
0	-10	10	-6	0	-1	1
2	0	12	-2	2	-0.5	1
1	0	12	-2	1	-0.5	1
2	0	12	-2	2	-0.5	1
1	0	12	-2	1	-0.5	1
1.5	0	12	-2	1.5	-0.5	1
2	0	12	-2	2	-0.5	1
-14.8682006803499	-30	5	1	-14.8682006803499	-1	1
1	0.1	2	-1	1	-1	1
-1.51930887058023	-10	1.39	1	-1.51930887058023	-1	1
#######DEV CONSTRAINTS and DEVS#######
-15	15	2
-15	15	2
-15	15	2
0	0	0	0	0	0	0	0	0	0	0	0	0	0	0	0	0	0	0	0	0	0	0	0	0	0	0	0	0	0
0	0	0	0	0	0	0	0	0	0	0	0	0	0	0	0	0	0	0	0	0	0	0	0	0	0	0	0	0	0
0	0	0	0	0	0	0	0	0	0	0
#######LIKELIHOOD WEIGHTS#######
1
1
1
1
0
1
0
0
0
#######MISCELLANEOUS STUFF SECTION#######
2.5e-08
3
0.5	0.5	0.5	0.5	0.5	0.5	0.5	0.5	0.5	0.5	0.5	0.5
0.0229773699100256	0.320821300824607	0.904650535100891	0.994779874306442	0.999738809680904	0.999986992871533	0.999999352405202	0.999999967758134	0.999999998394772	0.99999999992008	0.999999999996021	0.999999999999802
0.2	0.2	0.2	0.2	0.2	0.2	0.2	0.2	0.2	0.2	0.2	0.2
0
1
10
0.2
1
1	0	0	0	0	0	0	0	0	0	0	0
0	1	0	0	0	0	0	0	0	0	0	0
0	0	1	0	0	0	0	0	0	0	0	0
0	0	0	1	0	0	0	0	0	0	0	0
0	0	0	0	1	0	0	0	0	0	0	0
0	0	0	0	0	1	0	0	0	0	0	0
0	0	0	0	0	0	1	0	0	0	0	0
0	0	0	0	0	0	0	1	0	0	0	0
0	0	0	0	0	0	0	0	1	0	0	0
0	0	0	0	0	0	0	0	0	1	0	0
0	0	0	0	0	0	0	0	0	0	1	0
0	0	0	0	0	0	0	0	0	0	0	1
40
31
2
1
#######END OF DATA FILE#######
999
