#styr																																				
1
#endyr																																			
30
#rec_age																																	
1																																						#n_ages																																		
12
# numbers of length intervals
81
#Length	bin
10	11	12	13	14	15	16	17	18	19	20	21	22	23	24	25	26	27	28	29	30	31	32	33	34	35	36	37	38	39	40	41	42	43	44	45	46	47	48	49	50	51	52	53	54	55	56	57	58	59	60	61	62	63	64	65	66	67	68	69	70	71	72	73	74	75	76	77	78	79	80	81	82	83	84	85	86	87	88	89	90
#nfsh
1
#names_fsh
OM1																																				
#catch																																			
162.351998714739	465.710161053946	762.585360384908	997.586268430786	760.61855322101	1325.22125169517	1271.42496498889	2470.95240471453	1332.87782343713	1534.30991990722	1612.76255545851	1619.87892228962	1099.98653667062	1516.56137917731	1511.81278016253	1280.72874610544	2259.38926350039	1611.02823392708	1465.46543479851	1314.88265217998	1629.95948863733	1070.55532373215	1627.5593547801	1206.54320621066	1115.46986435808	966.882243044553	916.667988582253	1201.6760679953	867.906313685658	1278.93438259529
#catch_cv																																		
0.01	0.01	0.01	0.01	0.01	0.01	0.01	0.01	0.01	0.01	0.01	0.01	0.01	0.01	0.01	0.01	0.01	0.01	0.01	0.01	0.01	0.01	0.01	0.01	0.01	0.01	0.01	0.01	0.01	0.01
#n_ages_fsh																															
30																			
#n_lengths_fsh																															
0																																						
#yrs_ages_fsh																																
1	2	3	4	5	6	7	8	9	10	11	12	13	14	15	16	17	18	19	20	21	22	23	24	25	26	27	28	29	30						
#sample_ages_fsh																														
200	200	200	200	200	200	200	200	200	200	200	200	200	200	200	200	200	200	200	200	200	200	200	200	200	200	200	200	200	200
#page_fsh	2	3	4	5	6	7	8	9	10	11																						
0.08	0.09	0.1	0.11	0.14	0.045	0.105	0.065	0.06	0.045	0.03	0.13
0.11	0.105	0.125	0.12	0.105	0.07	0.05	0.045	0.03	0.04	0.05	0.15
0.055	0.115	0.15	0.13	0.08	0.135	0.055	0.055	0.05	0.045	0.025	0.105
0.045	0.085	0.155	0.115	0.11	0.075	0.085	0.085	0.065	0.045	0.02	0.115
0.11	0.07	0.12	0.145	0.115	0.075	0.085	0.04	0.035	0.03	0.045	0.13
0.115	0.135	0.105	0.12	0.145	0.08	0.055	0.06	0.035	0.035	0.035	0.08
0.065	0.18	0.18	0.115	0.07	0.09	0.065	0.02	0.015	0.065	0.025	0.11
0.105	0.07	0.215	0.17	0.08	0.07	0.04	0.06	0.045	0.02	0.01	0.115
0.09	0.11	0.12	0.175	0.13	0.075	0.065	0.08	0.04	0.025	0.02	0.07
0.065	0.115	0.15	0.14	0.145	0.115	0.035	0.045	0.05	0.02	0.04	0.08
0.065	0.155	0.16	0.145	0.09	0.09	0.075	0.05	0.045	0.015	0.01	0.1
0.09	0.155	0.155	0.105	0.13	0.065	0.065	0.07	0.04	0.01	0.03	0.085
0.105	0.105	0.125	0.14	0.13	0.105	0.045	0.09	0.045	0.02	0.005	0.085
0.1	0.12	0.14	0.13	0.11	0.095	0.075	0.035	0.05	0.03	0.01	0.105
0.105	0.2	0.15	0.115	0.12	0.1	0.05	0.045	0.02	0.035	0.005	0.055
0.135	0.135	0.175	0.13	0.105	0.06	0.07	0.04	0.04	0.025	0.025	0.06
0.12	0.185	0.105	0.145	0.13	0.075	0.045	0.05	0.02	0.02	0.015	0.09
0.075	0.17	0.175	0.14	0.145	0.11	0.045	0.04	0.025	0.015	0.025	0.035
0.125	0.155	0.2	0.15	0.1	0.09	0.07	0.015	0.04	0.02	0.005	0.03
0.12	0.17	0.15	0.17	0.145	0.05	0.07	0.03	0.02	0.025	0.02	0.03
0.19	0.155	0.2	0.13	0.135	0.055	0.04	0.025	0.01	0.015	0	0.045
0.145	0.25	0.15	0.185	0.085	0.06	0.05	0.01	0.01	0.005	0.01	0.04
0.135	0.26	0.185	0.14	0.105	0.045	0.06	0.03	0.01	0.005	0.01	0.015
0.15	0.215	0.205	0.125	0.09	0.06	0.05	0.045	0.015	0.015	0	0.03
0.165	0.17	0.2	0.17	0.14	0.055	0.035	0.015	0.03	0.005	0.005	0.01
0.1	0.24	0.195	0.165	0.175	0.03	0.035	0.025	0.005	0.015	0.005	0.01
0.215	0.155	0.245	0.105	0.085	0.05	0.07	0.015	0.025	0.005	0.005	0.025
0.185	0.19	0.165	0.21	0.09	0.04	0.04	0.02	0.01	0.02	0.015	0.015
0.15	0.215	0.25	0.115	0.07	0.075	0.055	0.035	0.02	0.005	0	0.01
0.165	0.27	0.24	0.14	0.05	0.07	0.02	0.01	0.015	0.005	0.01	0.005
#wt_age_fsh	1 2	3	4	5	6	7	8	9	10	11																				
0.000530656	0.001196328	0.002058265	0.003034987	0.004055212	0.005064698	0.006026226	0.006916921	0.007724891	0.008446113	0.009081853	0.009636695
0.000530656	0.001196328	0.002058265	0.003034987	0.004055212	0.005064698	0.006026226	0.006916921	0.007724891	0.008446113	0.009081853	0.009636695
0.000530656	0.001196328	0.002058265	0.003034987	0.004055212	0.005064698	0.006026226	0.006916921	0.007724891	0.008446113	0.009081853	0.009636695
0.000530656	0.001196328	0.002058265	0.003034987	0.004055212	0.005064698	0.006026226	0.006916921	0.007724891	0.008446113	0.009081853	0.009636695
0.000530656	0.001196328	0.002058265	0.003034987	0.004055212	0.005064698	0.006026226	0.006916921	0.007724891	0.008446113	0.009081853	0.009636695
0.000530656	0.001196328	0.002058265	0.003034987	0.004055212	0.005064698	0.006026226	0.006916921	0.007724891	0.008446113	0.009081853	0.009636695
0.000530656	0.001196328	0.002058265	0.003034987	0.004055212	0.005064698	0.006026226	0.006916921	0.007724891	0.008446113	0.009081853	0.009636695
0.000530656	0.001196328	0.002058265	0.003034987	0.004055212	0.005064698	0.006026226	0.006916921	0.007724891	0.008446113	0.009081853	0.009636695
0.000530656	0.001196328	0.002058265	0.003034987	0.004055212	0.005064698	0.006026226	0.006916921	0.007724891	0.008446113	0.009081853	0.009636695
0.000530656	0.001196328	0.002058265	0.003034987	0.004055212	0.005064698	0.006026226	0.006916921	0.007724891	0.008446113	0.009081853	0.009636695
0.000530656	0.001196328	0.002058265	0.003034987	0.004055212	0.005064698	0.006026226	0.006916921	0.007724891	0.008446113	0.009081853	0.009636695
0.000530656	0.001196328	0.002058265	0.003034987	0.004055212	0.005064698	0.006026226	0.006916921	0.007724891	0.008446113	0.009081853	0.009636695
0.000530656	0.001196328	0.002058265	0.003034987	0.004055212	0.005064698	0.006026226	0.006916921	0.007724891	0.008446113	0.009081853	0.009636695
0.000530656	0.001196328	0.002058265	0.003034987	0.004055212	0.005064698	0.006026226	0.006916921	0.007724891	0.008446113	0.009081853	0.009636695
0.000530656	0.001196328	0.002058265	0.003034987	0.004055212	0.005064698	0.006026226	0.006916921	0.007724891	0.008446113	0.009081853	0.009636695
0.000530656	0.001196328	0.002058265	0.003034987	0.004055212	0.005064698	0.006026226	0.006916921	0.007724891	0.008446113	0.009081853	0.009636695
0.000530656	0.001196328	0.002058265	0.003034987	0.004055212	0.005064698	0.006026226	0.006916921	0.007724891	0.008446113	0.009081853	0.009636695
0.000530656	0.001196328	0.002058265	0.003034987	0.004055212	0.005064698	0.006026226	0.006916921	0.007724891	0.008446113	0.009081853	0.009636695
0.000530656	0.001196328	0.002058265	0.003034987	0.004055212	0.005064698	0.006026226	0.006916921	0.007724891	0.008446113	0.009081853	0.009636695
0.000530656	0.001196328	0.002058265	0.003034987	0.004055212	0.005064698	0.006026226	0.006916921	0.007724891	0.008446113	0.009081853	0.009636695
0.000530656	0.001196328	0.002058265	0.003034987	0.004055212	0.005064698	0.006026226	0.006916921	0.007724891	0.008446113	0.009081853	0.009636695
0.000530656	0.001196328	0.002058265	0.003034987	0.004055212	0.005064698	0.006026226	0.006916921	0.007724891	0.008446113	0.009081853	0.009636695
0.000530656	0.001196328	0.002058265	0.003034987	0.004055212	0.005064698	0.006026226	0.006916921	0.007724891	0.008446113	0.009081853	0.009636695
0.000530656	0.001196328	0.002058265	0.003034987	0.004055212	0.005064698	0.006026226	0.006916921	0.007724891	0.008446113	0.009081853	0.009636695
0.000530656	0.001196328	0.002058265	0.003034987	0.004055212	0.005064698	0.006026226	0.006916921	0.007724891	0.008446113	0.009081853	0.009636695
0.000530656	0.001196328	0.002058265	0.003034987	0.004055212	0.005064698	0.006026226	0.006916921	0.007724891	0.008446113	0.009081853	0.009636695
0.000530656	0.001196328	0.002058265	0.003034987	0.004055212	0.005064698	0.006026226	0.006916921	0.007724891	0.008446113	0.009081853	0.009636695
0.000530656	0.001196328	0.002058265	0.003034987	0.004055212	0.005064698	0.006026226	0.006916921	0.007724891	0.008446113	0.009081853	0.009636695
0.000530656	0.001196328	0.002058265	0.003034987	0.004055212	0.005064698	0.006026226	0.006916921	0.007724891	0.008446113	0.009081853	0.009636695
0.000530656	0.001196328	0.002058265	0.003034987	0.004055212	0.005064698	0.006026226	0.006916921	0.007724891	0.008446113	0.009081853	0.009636695

#nind
1
#ind_names																																	
survey_index1																																
#nobs_ind
30
#yrs_ind																																		
1	2	3	4	5	6	7	8	9	10	11	12	13	14	15	16	17	18	19	20	21	22	23	24	25	26	27	28	29	30	
#month_ind																																	
1																																						
#biom_ind																																		
1.42002921201223	1.33655306951163	1.6740235038442	1.67313222035566	1.51084831780608	1.54862957549693	1.27610867133098	1.35673342244246	1.53445922599187	1.14013140453348	1.05067220271481	1.09119887049256	1.25436278326492	1.1067946350973	1.05370318068656	0.962204004445462	1.04127743233129	0.991407805135384	0.822197982939521	0.826939802481164	0.585666974590284	0.611551660139972	0.631504138792584	0.694942226133134	0.59663019777552	0.456069822569252	0.469267802993148	0.499256930409288	0.516854400954566	0.586001286314933
#biom_cv																				
0.284005842402445	0.267310613902327	0.334804700768839	0.334626444071132	0.302169663561215	0.309725915099387	0.255221734266195	0.271346684488493	0.306891845198374	0.228026280906695	0.210134440542963	0.218239774098511	0.250872556652984	0.221358927019461	0.210740636137311	0.192440800889092	0.208255486466258	0.198281561027077	0.164439596587904	0.165387960496233	0.117133394918057	0.122310332027994	0.126300827758517	0.138988445226627	0.119326039555104	0.0912139645138504	0.0938535605986296	0.0998513860818575	0.103370880190913	0.117200257262987
#n_ages_ind																																	
30			
#n_lengths_ind																															
0																																						
#yrs_ages_ind																																
1	2	3	4	5	6	7	8	9	10	11	12	13	14	15	16	17	18	19	20	21	22	23	24	25	26	27	28	29	30																						
#sample_ages_ind																														
200	200	200	200	200	200	200	200	200	200	200	200	200	200	200	200	200	200	200	200	200	200	200	200	200	200	200	200	200	200
#page_ind																																		
0.06	0.165	0.135	0.14	0.115	0.08	0.05	0.05	0.03	0.025	0.02	0.13
0.065	0.13	0.175	0.12	0.07	0.085	0.065	0.1	0.07	0.015	0.005	0.1
0.075	0.155	0.135	0.115	0.095	0.08	0.065	0.035	0.03	0.03	0.05	0.135
0.04	0.095	0.15	0.145	0.13	0.1	0.07	0.03	0.065	0.02	0.02	0.135
0.1	0.135	0.155	0.11	0.09	0.07	0.045	0.045	0.055	0.04	0.02	0.135
0.13	0.16	0.115	0.085	0.135	0.075	0.095	0.03	0.035	0.015	0.005	0.12
0.065	0.18	0.17	0.08	0.095	0.095	0.075	0.055	0.03	0.04	0.035	0.08
0.055	0.16	0.195	0.155	0.095	0.035	0.065	0.045	0.035	0.04	0.02	0.1
0.075	0.155	0.14	0.14	0.11	0.07	0.05	0.035	0.035	0.045	0.025	0.12
0.07	0.13	0.255	0.105	0.115	0.12	0.045	0.02	0.04	0.025	0.01	0.065
0.07	0.225	0.11	0.195	0.07	0.085	0.08	0.05	0.01	0.045	0.01	0.05
0.045	0.235	0.175	0.135	0.115	0.105	0.06	0.025	0.01	0.01	0.015	0.07
0.07	0.16	0.2	0.115	0.12	0.11	0.035	0.05	0.045	0.025	0.015	0.055
0.11	0.18	0.185	0.15	0.09	0.085	0.06	0.03	0.035	0.025	0.01	0.04
0.065	0.195	0.205	0.125	0.125	0.075	0.05	0.04	0.03	0.035	0.02	0.035
0.105	0.185	0.195	0.14	0.135	0.05	0.065	0.04	0.015	0.01	0.01	0.05
0.06	0.22	0.195	0.155	0.07	0.035	0.065	0.055	0.05	0.03	0.005	0.06
0.075	0.25	0.245	0.1	0.1	0.035	0.045	0.025	0.05	0.035	0.005	0.035
0.075	0.22	0.22	0.205	0.085	0.045	0.035	0.03	0.025	0.01	0.01	0.04
0.115	0.17	0.155	0.17	0.155	0.065	0.05	0.035	0.02	0.005	0.03	0.03
0.145	0.21	0.23	0.11	0.11	0.07	0.03	0.025	0.02	0.005	0.02	0.025
0.125	0.285	0.21	0.135	0.1	0.06	0.02	0.02	0.02	0.01	0	0.015
0.1	0.31	0.16	0.12	0.08	0.075	0.06	0.04	0.01	0	0.01	0.035
0.09	0.225	0.235	0.165	0.1	0.085	0.025	0.025	0.02	0	0.02	0.01
0.16	0.23	0.185	0.15	0.14	0.035	0.035	0.01	0.02	0.01	0.005	0.02
0.125	0.285	0.225	0.115	0.085	0.08	0.045	0.01	0.01	0.01	0.01	0
0.12	0.21	0.265	0.145	0.115	0.075	0.05	0.01	0.005	0	0.005	0
0.165	0.25	0.195	0.155	0.09	0.045	0.05	0.02	0.01	0	0.01	0.01
0.17	0.275	0.205	0.13	0.125	0.035	0.035	0.005	0.005	0	0	0.015
0.12	0.3	0.26	0.145	0.065	0.04	0.02	0.025	0.01	0.015	0	0
#wt_age_ind																																	
1 1 1 1 1 1 1 1 1 1 1 1 
1 1 1 1 1 1 1 1 1 1 1 1 
1 1 1 1 1 1 1 1 1 1 1 1 
1 1 1 1 1 1 1 1 1 1 1 1 
1 1 1 1 1 1 1 1 1 1 1 1 
1 1 1 1 1 1 1 1 1 1 1 1 
1 1 1 1 1 1 1 1 1 1 1 1 
1 1 1 1 1 1 1 1 1 1 1 1 
1 1 1 1 1 1 1 1 1 1 1 1 
1 1 1 1 1 1 1 1 1 1 1 1 
1 1 1 1 1 1 1 1 1 1 1 1 
1 1 1 1 1 1 1 1 1 1 1 1 
1 1 1 1 1 1 1 1 1 1 1 1 
1 1 1 1 1 1 1 1 1 1 1 1 
1 1 1 1 1 1 1 1 1 1 1 1 
1 1 1 1 1 1 1 1 1 1 1 1 
1 1 1 1 1 1 1 1 1 1 1 1 
1 1 1 1 1 1 1 1 1 1 1 1 
1 1 1 1 1 1 1 1 1 1 1 1 
1 1 1 1 1 1 1 1 1 1 1 1 
1 1 1 1 1 1 1 1 1 1 1 1 
1 1 1 1 1 1 1 1 1 1 1 1 
1 1 1 1 1 1 1 1 1 1 1 1 
1 1 1 1 1 1 1 1 1 1 1 1 
1 1 1 1 1 1 1 1 1 1 1 1 
1 1 1 1 1 1 1 1 1 1 1 1 
1 1 1 1 1 1 1 1 1 1 1 1 
1 1 1 1 1 1 1 1 1 1 1 1 
1 1 1 1 1 1 1 1 1 1 1 1 
1 1 1 1 1 1 1 1 1 1 1 1 
# wt_pop
0.000530656	0.001196328	0.002058265	0.003034987	0.004055212	0.005064698	0.006026226	0.006916921	0.007724891	0.008446113	0.009081853	0.009636695
#maturity
0.02297737 0.32082130 0.90465054 0.99477987 0.99973881 0.99998699 0.99999935 0.99999997 1 1 1 1
#spmonth																																		
1		
#age_err																																		
1	0	0	0	0	0	0	0	0	0	0	0
0	1	0	0	0	0	0	0	0	0	0	0
0	0	1	0	0	0	0	0	0	0	0	0
0	0	0	1	0	0	0	0	0	0	0	0
0	0	0	0	1	0	0	0	0	0	0	0
0	0	0	0	0	1	0	0	0	0	0	0
0	0	0	0	0	0	1	0	0	0	0	0
0	0	0	0	0	0	0	1	0	0	0	0
0	0	0	0	0	0	0	0	1	0	0	0
0	0	0	0	0	0	0	0	0	1	0	0
0	0	0	0	0	0	0	0	0	0	1	0
0	0	0	0	0	0	0	0	0	0	0	1																														
