#styr																																				
1
#endyr																																			
30
#rec_age																																	
1																																						#n_ages																																		
12
# numbers of length intervals
81
#Length	bin
10	11	12	13	14	15	16	17	18	19	20	21	22	23	24	25	26	27	28	29	30	31	32	33	34	35	36	37	38	39	40	41	42	43	44	45	46	47	48	49	50	51	52	53	54	55	56	57	58	59	60	61	62	63	64	65	66	67	68	69	70	71	72	73	74	75	76	77	78	79	80	81	82	83	84	85	86	87	88	89	90
#nfsh
1
#names_fsh
OM1																																				
#catch																																			
160.748307761961	464.614238994609	758.08791710349	1006.43540602575	764.353065758527	1308.9318877348	1287.84353278025	2478.19170846815	1327.55870506764	1526.00032986743	1635.29649584033	1606.07851187472	1099.54150939639	1533.49304384663	1501.63441030414	1274.90785303358	2253.06520373109	1592.95047488363	1446.51286872142	1333.10859877187	1629.84687362769	1083.69831513448	1633.29439655412	1207.21967485341	1115.10039448005	981.696221169153	931.762851913806	1209.75424815291	883.201659074238	1270.71724478709
#catch_cv																																		
0.01	0.01	0.01	0.01	0.01	0.01	0.01	0.01	0.01	0.01	0.01	0.01	0.01	0.01	0.01	0.01	0.01	0.01	0.01	0.01	0.01	0.01	0.01	0.01	0.01	0.01	0.01	0.01	0.01	0.01
#n_ages_fsh																															
30																			
#n_lengths_fsh																															
0																																						
#yrs_ages_fsh																																
1	2	3	4	5	6	7	8	9	10	11	12	13	14	15	16	17	18	19	20	21	22	23	24	25	26	27	28	29	30						
#sample_ages_fsh																														
200	200	200	200	200	200	200	200	200	200	200	200	200	200	200	200	200	200	200	200	200	200	200	200	200	200	200	200	200	200
#page_fsh	2	3	4	5	6	7	8	9	10	11																						
0.07	0.125	0.105	0.115	0.08	0.09	0.035	0.085	0.075	0.05	0.025	0.145
0.115	0.1	0.07	0.095	0.06	0.08	0.07	0.08	0.075	0.035	0.06	0.16
0.06	0.17	0.105	0.11	0.1	0.085	0.09	0.055	0.035	0.03	0.02	0.14
0.045	0.12	0.17	0.12	0.085	0.06	0.09	0.05	0.025	0.04	0.02	0.175
0.075	0.08	0.15	0.14	0.09	0.065	0.08	0.065	0.025	0.04	0.045	0.145
0.04	0.13	0.1	0.14	0.17	0.095	0.06	0.025	0.05	0.02	0.03	0.14
0.055	0.16	0.21	0.09	0.12	0.075	0.055	0.035	0.035	0.02	0.03	0.115
0.065	0.085	0.165	0.14	0.06	0.05	0.115	0.08	0.045	0.03	0.015	0.15
0.1	0.12	0.1	0.17	0.14	0.045	0.03	0.055	0.05	0.03	0.035	0.125
0.08	0.11	0.175	0.115	0.13	0.07	0.065	0.03	0.03	0.045	0.01	0.14
0.075	0.185	0.12	0.205	0.04	0.105	0.09	0.045	0.015	0.015	0.045	0.06
0.135	0.12	0.16	0.175	0.055	0.065	0.065	0.06	0.01	0.015	0.02	0.12
0.07	0.165	0.105	0.215	0.105	0.105	0.045	0.055	0.03	0.025	0.025	0.055
0.11	0.185	0.125	0.15	0.105	0.07	0.05	0.03	0.04	0.045	0.005	0.085
0.08	0.13	0.155	0.165	0.11	0.075	0.065	0.075	0.03	0.025	0.02	0.07
0.115	0.12	0.205	0.115	0.11	0.105	0.05	0.05	0.05	0.005	0.025	0.05
0.14	0.185	0.145	0.14	0.11	0.085	0.05	0.06	0.015	0.005	0.005	0.06
0.08	0.22	0.165	0.16	0.125	0.08	0.035	0.035	0.015	0.02	0.015	0.05
0.125	0.14	0.175	0.175	0.11	0.085	0.045	0.03	0.03	0.03	0.01	0.045
0.11	0.145	0.195	0.17	0.12	0.065	0.065	0.02	0.03	0.025	0.01	0.045
0.185	0.105	0.19	0.16	0.1	0.1	0.045	0.02	0.02	0.015	0.01	0.05
0.165	0.215	0.12	0.205	0.045	0.075	0.065	0.025	0.03	0.03	0.005	0.02
0.125	0.225	0.285	0.08	0.12	0.045	0.04	0.035	0	0.005	0	0.04
0.17	0.145	0.2	0.16	0.07	0.08	0.045	0.04	0.06	0.02	0.005	0.005
0.175	0.145	0.17	0.2	0.16	0.055	0.025	0.025	0.01	0.015	0.005	0.015
0.09	0.27	0.165	0.185	0.12	0.07	0.035	0.025	0.005	0.02	0	0.015
0.215	0.165	0.265	0.09	0.115	0.055	0.03	0.015	0.01	0.01	0.015	0.015
0.15	0.22	0.14	0.215	0.065	0.1	0.04	0.02	0.02	0.01	0	0.02
0.21	0.285	0.18	0.11	0.105	0.045	0.035	0.01	0.005	0.005	0	0.01
0.16	0.245	0.205	0.11	0.08	0.095	0.05	0.025	0.02	0.005	0	0.005
#wt_age_fsh	1 2	3	4	5	6	7	8	9	10	11																				
0.000530656	0.001196328	0.002058265	0.003034987	0.004055212	0.005064698	0.006026226	0.006916921	0.007724891	0.008446113	0.009081853	0.009636695
0.000530656	0.001196328	0.002058265	0.003034987	0.004055212	0.005064698	0.006026226	0.006916921	0.007724891	0.008446113	0.009081853	0.009636695
0.000530656	0.001196328	0.002058265	0.003034987	0.004055212	0.005064698	0.006026226	0.006916921	0.007724891	0.008446113	0.009081853	0.009636695
0.000530656	0.001196328	0.002058265	0.003034987	0.004055212	0.005064698	0.006026226	0.006916921	0.007724891	0.008446113	0.009081853	0.009636695
0.000530656	0.001196328	0.002058265	0.003034987	0.004055212	0.005064698	0.006026226	0.006916921	0.007724891	0.008446113	0.009081853	0.009636695
0.000530656	0.001196328	0.002058265	0.003034987	0.004055212	0.005064698	0.006026226	0.006916921	0.007724891	0.008446113	0.009081853	0.009636695
0.000530656	0.001196328	0.002058265	0.003034987	0.004055212	0.005064698	0.006026226	0.006916921	0.007724891	0.008446113	0.009081853	0.009636695
0.000530656	0.001196328	0.002058265	0.003034987	0.004055212	0.005064698	0.006026226	0.006916921	0.007724891	0.008446113	0.009081853	0.009636695
0.000530656	0.001196328	0.002058265	0.003034987	0.004055212	0.005064698	0.006026226	0.006916921	0.007724891	0.008446113	0.009081853	0.009636695
0.000530656	0.001196328	0.002058265	0.003034987	0.004055212	0.005064698	0.006026226	0.006916921	0.007724891	0.008446113	0.009081853	0.009636695
0.000530656	0.001196328	0.002058265	0.003034987	0.004055212	0.005064698	0.006026226	0.006916921	0.007724891	0.008446113	0.009081853	0.009636695
0.000530656	0.001196328	0.002058265	0.003034987	0.004055212	0.005064698	0.006026226	0.006916921	0.007724891	0.008446113	0.009081853	0.009636695
0.000530656	0.001196328	0.002058265	0.003034987	0.004055212	0.005064698	0.006026226	0.006916921	0.007724891	0.008446113	0.009081853	0.009636695
0.000530656	0.001196328	0.002058265	0.003034987	0.004055212	0.005064698	0.006026226	0.006916921	0.007724891	0.008446113	0.009081853	0.009636695
0.000530656	0.001196328	0.002058265	0.003034987	0.004055212	0.005064698	0.006026226	0.006916921	0.007724891	0.008446113	0.009081853	0.009636695
0.000530656	0.001196328	0.002058265	0.003034987	0.004055212	0.005064698	0.006026226	0.006916921	0.007724891	0.008446113	0.009081853	0.009636695
0.000530656	0.001196328	0.002058265	0.003034987	0.004055212	0.005064698	0.006026226	0.006916921	0.007724891	0.008446113	0.009081853	0.009636695
0.000530656	0.001196328	0.002058265	0.003034987	0.004055212	0.005064698	0.006026226	0.006916921	0.007724891	0.008446113	0.009081853	0.009636695
0.000530656	0.001196328	0.002058265	0.003034987	0.004055212	0.005064698	0.006026226	0.006916921	0.007724891	0.008446113	0.009081853	0.009636695
0.000530656	0.001196328	0.002058265	0.003034987	0.004055212	0.005064698	0.006026226	0.006916921	0.007724891	0.008446113	0.009081853	0.009636695
0.000530656	0.001196328	0.002058265	0.003034987	0.004055212	0.005064698	0.006026226	0.006916921	0.007724891	0.008446113	0.009081853	0.009636695
0.000530656	0.001196328	0.002058265	0.003034987	0.004055212	0.005064698	0.006026226	0.006916921	0.007724891	0.008446113	0.009081853	0.009636695
0.000530656	0.001196328	0.002058265	0.003034987	0.004055212	0.005064698	0.006026226	0.006916921	0.007724891	0.008446113	0.009081853	0.009636695
0.000530656	0.001196328	0.002058265	0.003034987	0.004055212	0.005064698	0.006026226	0.006916921	0.007724891	0.008446113	0.009081853	0.009636695
0.000530656	0.001196328	0.002058265	0.003034987	0.004055212	0.005064698	0.006026226	0.006916921	0.007724891	0.008446113	0.009081853	0.009636695
0.000530656	0.001196328	0.002058265	0.003034987	0.004055212	0.005064698	0.006026226	0.006916921	0.007724891	0.008446113	0.009081853	0.009636695
0.000530656	0.001196328	0.002058265	0.003034987	0.004055212	0.005064698	0.006026226	0.006916921	0.007724891	0.008446113	0.009081853	0.009636695
0.000530656	0.001196328	0.002058265	0.003034987	0.004055212	0.005064698	0.006026226	0.006916921	0.007724891	0.008446113	0.009081853	0.009636695
0.000530656	0.001196328	0.002058265	0.003034987	0.004055212	0.005064698	0.006026226	0.006916921	0.007724891	0.008446113	0.009081853	0.009636695
0.000530656	0.001196328	0.002058265	0.003034987	0.004055212	0.005064698	0.006026226	0.006916921	0.007724891	0.008446113	0.009081853	0.009636695

#nind
1
#ind_names																																	
survey_index1																																
#nobs_ind
30
#yrs_ind																																		
1	2	3	4	5	6	7	8	9	10	11	12	13	14	15	16	17	18	19	20	21	22	23	24	25	26	27	28	29	30	
#month_ind																																	
1																																						
#biom_ind																																		
1.61015313672544	1.34140265554592	1.58030351612958	1.47101304709939	1.49365259960103	1.40143204659694	1.60148717300683	1.5913668024446	1.26987961940134	1.31314322161621	1.17289720111337	0.98754429580405	0.960651802406527	0.878449770605414	1.04687696642874	0.968559983071828	1.07540929374345	1.11907141484356	0.750416819862391	0.739568521038855	0.706749098853743	0.704052020335226	0.73915958948805	0.570773687124599	0.590956827453724	0.605794968086533	0.596186979662956	0.49400776714433	0.482633954795372	0.557240915171986
#biom_cv																				
0.322030627345088	0.268280531109185	0.316060703225915	0.294202609419877	0.298730519920206	0.280286409319388	0.320297434601365	0.318273360488921	0.253975923880269	0.262628644323243	0.234579440222673	0.19750885916081	0.192130360481305	0.175689954121083	0.209375393285747	0.193711996614366	0.215081858748691	0.223814282968711	0.150083363972478	0.147913704207771	0.141349819770749	0.140810404067045	0.14783191789761	0.11415473742492	0.118191365490745	0.121158993617307	0.119237395932591	0.0988015534288661	0.0965267909590744	0.111448183034397
#n_ages_ind																																	
30			
#n_lengths_ind																															
0																																						
#yrs_ages_ind																																
1	2	3	4	5	6	7	8	9	10	11	12	13	14	15	16	17	18	19	20	21	22	23	24	25	26	27	28	29	30																						
#sample_ages_ind																														
200	200	200	200	200	200	200	200	200	200	200	200	200	200	200	200	200	200	200	200	200	200	200	200	200	200	200	200	200	200
#page_ind																																		
0.045	0.15	0.16	0.1	0.075	0.065	0.095	0.055	0.065	0.04	0.03	0.12
0.05	0.16	0.17	0.105	0.09	0.085	0.075	0.06	0.04	0.015	0.04	0.11
0.085	0.165	0.185	0.095	0.085	0.075	0.055	0.045	0.035	0.03	0.04	0.105
0.055	0.11	0.19	0.155	0.065	0.1	0.05	0.055	0.03	0.025	0.015	0.15
0.095	0.09	0.14	0.15	0.09	0.08	0.055	0.035	0.05	0.065	0.02	0.13
0.06	0.195	0.15	0.14	0.115	0.08	0.04	0.03	0.05	0.02	0.01	0.11
0.06	0.215	0.215	0.11	0.075	0.08	0.035	0.05	0.03	0.02	0.01	0.1
0.08	0.12	0.2	0.135	0.1	0.065	0.045	0.07	0.03	0.025	0.03	0.1
0.075	0.19	0.17	0.145	0.085	0.05	0.07	0.04	0.03	0.02	0.025	0.1
0.115	0.14	0.185	0.12	0.11	0.1	0.055	0.025	0.035	0.025	0.015	0.075
0.095	0.235	0.17	0.13	0.09	0.105	0.03	0.02	0.03	0.03	0.01	0.055
0.08	0.135	0.215	0.12	0.135	0.07	0.075	0.03	0.035	0.015	0	0.09
0.055	0.145	0.22	0.195	0.085	0.105	0.075	0.03	0.03	0.025	0.005	0.03
0.065	0.155	0.135	0.14	0.16	0.085	0.06	0.065	0.025	0.05	0.005	0.055
0.075	0.19	0.17	0.14	0.11	0.065	0.045	0.07	0.045	0.015	0.04	0.035
0.08	0.175	0.175	0.09	0.095	0.11	0.09	0.045	0.035	0.025	0.01	0.07
0.075	0.24	0.125	0.15	0.085	0.07	0.045	0.055	0.04	0.04	0.02	0.055
0.07	0.22	0.205	0.14	0.135	0.065	0.05	0.035	0.02	0.02	0.01	0.03
0.095	0.17	0.25	0.175	0.09	0.065	0.045	0.02	0.03	0.025	0.01	0.025
0.085	0.22	0.2	0.15	0.11	0.08	0.055	0.02	0.02	0.015	0.01	0.035
0.115	0.185	0.22	0.135	0.115	0.095	0.035	0.01	0.025	0.015	0.01	0.04
0.14	0.255	0.175	0.115	0.08	0.115	0.025	0.02	0.04	0.01	0	0.025
0.09	0.275	0.295	0.15	0.06	0.025	0.045	0.02	0.005	0	0.005	0.03
0.12	0.265	0.225	0.14	0.105	0.045	0.04	0.015	0.015	0.005	0.015	0.01
0.09	0.185	0.255	0.215	0.105	0.065	0.03	0.015	0.01	0	0.01	0.02
0.1	0.31	0.22	0.11	0.105	0.06	0.03	0.025	0.015	0.015	0.005	0.005
0.14	0.135	0.26	0.165	0.135	0.07	0.04	0.015	0.015	0.01	0	0.015
0.105	0.27	0.17	0.215	0.095	0.04	0.03	0.03	0.035	0	0.005	0.005
0.19	0.31	0.175	0.125	0.11	0.035	0.01	0.02	0.015	0.005	0.005	0
0.125	0.27	0.305	0.115	0.06	0.065	0.02	0.005	0.02	0.01	0	0.005
#wt_age_ind																																	
1 1 1 1 1 1 1 1 1 1 1 1 
1 1 1 1 1 1 1 1 1 1 1 1 
1 1 1 1 1 1 1 1 1 1 1 1 
1 1 1 1 1 1 1 1 1 1 1 1 
1 1 1 1 1 1 1 1 1 1 1 1 
1 1 1 1 1 1 1 1 1 1 1 1 
1 1 1 1 1 1 1 1 1 1 1 1 
1 1 1 1 1 1 1 1 1 1 1 1 
1 1 1 1 1 1 1 1 1 1 1 1 
1 1 1 1 1 1 1 1 1 1 1 1 
1 1 1 1 1 1 1 1 1 1 1 1 
1 1 1 1 1 1 1 1 1 1 1 1 
1 1 1 1 1 1 1 1 1 1 1 1 
1 1 1 1 1 1 1 1 1 1 1 1 
1 1 1 1 1 1 1 1 1 1 1 1 
1 1 1 1 1 1 1 1 1 1 1 1 
1 1 1 1 1 1 1 1 1 1 1 1 
1 1 1 1 1 1 1 1 1 1 1 1 
1 1 1 1 1 1 1 1 1 1 1 1 
1 1 1 1 1 1 1 1 1 1 1 1 
1 1 1 1 1 1 1 1 1 1 1 1 
1 1 1 1 1 1 1 1 1 1 1 1 
1 1 1 1 1 1 1 1 1 1 1 1 
1 1 1 1 1 1 1 1 1 1 1 1 
1 1 1 1 1 1 1 1 1 1 1 1 
1 1 1 1 1 1 1 1 1 1 1 1 
1 1 1 1 1 1 1 1 1 1 1 1 
1 1 1 1 1 1 1 1 1 1 1 1 
1 1 1 1 1 1 1 1 1 1 1 1 
1 1 1 1 1 1 1 1 1 1 1 1 
# wt_pop
0.000530656	0.001196328	0.002058265	0.003034987	0.004055212	0.005064698	0.006026226	0.006916921	0.007724891	0.008446113	0.009081853	0.009636695
#maturity
0.02297737 0.32082130 0.90465054 0.99477987 0.99973881 0.99998699 0.99999935 0.99999997 1 1 1 1
#spmonth																																		
1		
#age_err																																		
1	0	0	0	0	0	0	0	0	0	0	0
0	1	0	0	0	0	0	0	0	0	0	0
0	0	1	0	0	0	0	0	0	0	0	0
0	0	0	1	0	0	0	0	0	0	0	0
0	0	0	0	1	0	0	0	0	0	0	0
0	0	0	0	0	1	0	0	0	0	0	0
0	0	0	0	0	0	1	0	0	0	0	0
0	0	0	0	0	0	0	1	0	0	0	0
0	0	0	0	0	0	0	0	1	0	0	0
0	0	0	0	0	0	0	0	0	1	0	0
0	0	0	0	0	0	0	0	0	0	1	0
0	0	0	0	0	0	0	0	0	0	0	1																														
