#######GENERAL HEADER INPUT#######
1
30
1
30
1
30
30
12
1	2	3	4	5	6	7	8	9	10	11	12
12
1	2	3	4	5	6	7	8	9	10	11	12
1
101
1
1
#######SURVEY DATA#######
30
1	2	3	4	5	6	7	8	9	10	11	12	13	14	15	16	17	18	19	20	21	22	23	24	25	26	27	28	29	30
1.43310616828477	1.41611902695038	1.66974506648528	1.39542630084293	1.44211638958577	1.31969582117263	1.57053064834661	1.47560242491738	1.24691332695021	1.30109663592164	1.17049017073451	1.05948490259898	1.14650749864087	0.959221583105485	0.877477577289338	1.00050159573008	1.1983923782594	0.790638446751872	0.723744328400857	0.667061089755688	0.711383234882392	0.612261740644086	0.836386336412188	0.55311315854139	0.525272269368584	0.599282130545988	0.466252682065357	0.446088307488453	0.566832434845193	0.479298845438072
0.2	0.2	0.2	0.2	0.2	0.2	0.2	0.2	0.2	0.2	0.2	0.2	0.2	0.2	0.2	0.2	0.2	0.2	0.2	0.2	0.2	0.2	0.2	0.2	0.2	0.2	0.2	0.2	0.2	0.2
30
1	2	3	4	5	6	7	8	9	10	11	12	13	14	15	16	17	18	19	20	21	22	23	24	25	26	27	28	29	30
200	200	200	200	200	200	200	200	200	200	200	200	200	200	200	200	200	200	200	200	200	200	200	200	200	200	200	200	200	200
200	200	200	200	200	200	200	200	200	200	200	200	200	200	200	200	200	200	200	200	200	200	200	200	200	200	200	200	200	200
0.1	0.13	0.11	0.105	0.11	0.07	0.07	0.065	0.065	0.04	0.02	0.115
0.095	0.13	0.1	0.09	0.105	0.1	0.1	0.055	0.035	0.04	0.03	0.12
0.04	0.21	0.145	0.155	0.07	0.085	0.05	0.05	0.035	0.035	0.02	0.105
0.035	0.13	0.195	0.15	0.085	0.09	0.085	0.025	0.03	0.05	0.045	0.08
0.085	0.11	0.13	0.105	0.12	0.075	0.085	0.07	0.055	0.04	0.03	0.095
0.09	0.185	0.12	0.095	0.125	0.06	0.055	0.03	0.03	0.05	0.02	0.14
0.08	0.17	0.19	0.105	0.065	0.09	0.045	0.045	0.02	0.01	0.045	0.135
0.08	0.13	0.155	0.165	0.09	0.065	0.07	0.03	0.045	0.015	0.02	0.135
0.08	0.185	0.135	0.12	0.11	0.05	0.08	0.095	0.03	0.01	0.03	0.075
0.1	0.2	0.125	0.13	0.13	0.08	0.015	0.03	0.035	0.04	0.025	0.09
0.09	0.175	0.125	0.125	0.12	0.095	0.085	0.04	0.03	0.04	0.01	0.065
0.09	0.215	0.145	0.135	0.145	0.04	0.045	0.035	0.015	0.01	0.01	0.115
0.08	0.17	0.16	0.18	0.085	0.11	0.04	0.04	0.06	0.015	0.015	0.045
0.105	0.175	0.175	0.18	0.085	0.065	0.06	0.02	0.025	0.025	0.01	0.075
0.06	0.235	0.17	0.12	0.07	0.12	0.06	0.06	0.01	0.03	0.015	0.05
0.135	0.215	0.15	0.115	0.08	0.065	0.075	0.04	0.05	0.02	0.03	0.025
0.09	0.17	0.23	0.1	0.13	0.07	0.045	0.035	0.04	0.02	0.015	0.055
0.09	0.245	0.23	0.1	0.085	0.06	0.065	0.03	0.015	0.015	0.02	0.045
0.08	0.215	0.22	0.17	0.11	0.05	0.045	0.015	0.015	0.02	0.005	0.055
0.075	0.19	0.16	0.17	0.145	0.05	0.045	0.05	0.02	0.015	0.02	0.06
0.175	0.175	0.19	0.11	0.13	0.105	0.03	0.025	0.01	0.005	0.015	0.03
0.16	0.275	0.2	0.125	0.07	0.08	0.035	0.025	0.01	0.01	0	0.01
0.08	0.225	0.285	0.145	0.085	0.09	0.025	0.03	0.005	0.005	0	0.025
0.075	0.23	0.265	0.145	0.065	0.085	0.045	0.025	0.03	0.02	0.005	0.01
0.185	0.22	0.19	0.165	0.105	0.04	0.04	0.005	0.03	0.01	0	0.01
0.095	0.26	0.22	0.15	0.11	0.08	0.04	0.015	0.005	0	0.015	0.01
0.09	0.23	0.27	0.145	0.095	0.085	0.03	0.025	0.005	0.005	0	0.02
0.14	0.23	0.2	0.195	0.065	0.075	0.03	0.025	0.015	0.005	0.005	0.015
0.125	0.3	0.235	0.09	0.075	0.03	0.05	0.035	0.03	0.005	0.01	0.015
0.115	0.295	0.24	0.135	0.09	0.05	0.025	0.02	0.005	0.01	0.005	0.01
#######LANDINGS DATA#######
1
30
161.546570625936	467.667837079259	764.15880950431	993.747605517812	766.450650280142	1323.80554350604	1271.46321815203	2482.0789710101	1334.53484257676	1534.49842196301	1621.71614312476	1596.24449603134	1106.22040571769	1526.67208078873	1514.36864886098	1262.53369690569	2241.71298979955	1611.1364645865	1475.69256499471	1311.97117369189	1621.45694845528	1088.78893492972	1626.21970426119	1208.2424917394	1119.91780025533	971.068744518737	920.465023269486	1209.33681232615	872.228356876473	1267.69920979493
0.01	0.01	0.01	0.01	0.01	0.01	0.01	0.01	0.01	0.01	0.01	0.01	0.01	0.01	0.01	0.01	0.01	0.01	0.01	0.01	0.01	0.01	0.01	0.01	0.01	0.01	0.01	0.01	0.01	0.01
30
1	2	3	4	5	6	7	8	9	10	11	12	13	14	15	16	17	18	19	20	21	22	23	24	25	26	27	28	29	30
200	200	200	200	200	200	200	200	200	200	200	200	200	200	200	200	200	200	200	200	200	200	200	200	200	200	200	200	200	200
200	200	200	200	200	200	200	200	200	200	200	200	200	200	200	200	200	200	200	200	200	200	200	200	200	200	200	200	200	200
0.055	0.095	0.11	0.11	0.185	0.09	0.07	0.07	0.035	0.015	0.02	0.145
0.08	0.075	0.1	0.17	0.115	0.1	0.06	0.04	0.045	0.03	0.065	0.12
0.065	0.17	0.13	0.06	0.1	0.135	0.075	0.07	0.04	0.035	0.01	0.11
0.07	0.06	0.14	0.115	0.12	0.09	0.085	0.085	0.035	0.045	0.03	0.125
0.105	0.1	0.12	0.13	0.145	0.09	0.095	0.025	0.04	0.01	0.025	0.115
0.08	0.145	0.125	0.11	0.155	0.065	0.075	0.03	0.04	0.045	0.02	0.11
0.1	0.125	0.2	0.07	0.08	0.085	0.04	0.06	0.035	0.07	0.035	0.1
0.055	0.1	0.135	0.16	0.115	0.065	0.07	0.045	0.055	0.055	0.02	0.125
0.1	0.115	0.115	0.155	0.16	0.03	0.065	0.04	0.045	0.055	0.035	0.085
0.105	0.14	0.13	0.13	0.13	0.095	0.05	0.045	0.055	0.02	0.025	0.075
0.11	0.12	0.17	0.125	0.08	0.08	0.085	0.025	0.05	0.02	0.03	0.105
0.06	0.165	0.135	0.115	0.13	0.065	0.075	0.06	0.04	0.015	0.04	0.1
0.07	0.125	0.15	0.16	0.12	0.095	0.07	0.07	0.055	0	0.015	0.07
0.08	0.145	0.125	0.14	0.165	0.08	0.06	0.06	0.03	0.045	0.015	0.055
0.105	0.11	0.155	0.115	0.125	0.095	0.085	0.06	0.02	0.055	0.02	0.055
0.135	0.095	0.175	0.12	0.135	0.1	0.08	0.04	0.03	0.02	0.02	0.05
0.11	0.175	0.145	0.15	0.105	0.125	0.03	0.055	0.015	0.03	0.01	0.05
0.12	0.16	0.21	0.085	0.12	0.075	0.05	0.055	0.03	0.02	0.025	0.05
0.165	0.12	0.195	0.215	0.075	0.05	0.045	0.035	0.025	0.02	0	0.055
0.12	0.2	0.125	0.16	0.12	0.085	0.065	0.04	0.015	0.005	0.015	0.05
0.175	0.185	0.175	0.12	0.11	0.065	0.04	0.05	0.02	0.025	0.005	0.03
0.195	0.195	0.17	0.145	0.07	0.09	0.035	0.025	0.02	0.015	0	0.04
0.15	0.21	0.22	0.135	0.08	0.055	0.06	0.035	0.015	0.005	0.015	0.02
0.11	0.165	0.27	0.185	0.12	0.05	0.04	0.03	0.02	0	0	0.01
0.185	0.13	0.185	0.22	0.1	0.07	0.025	0.025	0.02	0.015	0.01	0.015
0.16	0.315	0.16	0.165	0.135	0.035	0.01	0	0.01	0	0.005	0.005
0.13	0.16	0.28	0.14	0.135	0.07	0.04	0.015	0.005	0.005	0	0.02
0.215	0.205	0.155	0.17	0.09	0.06	0.055	0.02	0	0.02	0	0.01
0.195	0.21	0.24	0.105	0.12	0.04	0.035	0.02	0.01	0.005	0.01	0.01
0.105	0.275	0.235	0.18	0.065	0.045	0.035	0.015	0.005	0.025	0.005	0.01
#######PARAMETER SECTION#######
800	400	1200	-4	800	-0.25	1
0.18	0.01	1	-4	0.18	-0.25	1
-1.36	-5	-0.001	-4	-1.36	-0.25	1
0.1	0.05	0.3	-4	0.1	-0.25	1
0.2	0.01	0.5	-4	0.2	-0.25	1
0.75	0.20001	1	-3	0.75	-0.25	1
13.815511	-1	200	1	13.815511	-0.25	1
0	-1	1	-4	0	-0.25	1
0.2	1e-04	1.2	-3	0.2	-0.25	1
0	-10	10	-6	0	-1	1
0	-10	10	-6	0	-1	1
2	0	12	-2	2	-0.5	1
1	0	12	-2	1	-0.5	1
2	0	12	-2	2	-0.5	1
1	0	12	-2	1	-0.5	1
1.5	0	12	-2	1.5	-0.5	1
2	0	12	-2	2	-0.5	1
-14.8682006803499	-30	5	1	-14.8682006803499	-1	1
1	0.1	2	-1	1	-1	1
-1.51930887058023	-10	1.39	1	-1.51930887058023	-1	1
#######DEV CONSTRAINTS and DEVS#######
-15	15	2
-15	15	2
-15	15	2
0	0	0	0	0	0	0	0	0	0	0	0	0	0	0	0	0	0	0	0	0	0	0	0	0	0	0	0	0	0
0	0	0	0	0	0	0	0	0	0	0	0	0	0	0	0	0	0	0	0	0	0	0	0	0	0	0	0	0	0
0	0	0	0	0	0	0	0	0	0	0
#######LIKELIHOOD WEIGHTS#######
1
1
1
1
0
1
0
0
0
#######MISCELLANEOUS STUFF SECTION#######
2.5e-08
3
0.5	0.5	0.5	0.5	0.5	0.5	0.5	0.5	0.5	0.5	0.5	0.5
0.0229773699100256	0.320821300824607	0.904650535100891	0.994779874306442	0.999738809680904	0.999986992871533	0.999999352405202	0.999999967758134	0.999999998394772	0.99999999992008	0.999999999996021	0.999999999999802
0.2	0.2	0.2	0.2	0.2	0.2	0.2	0.2	0.2	0.2	0.2	0.2
0
1
10
0.2
1
1	0	0	0	0	0	0	0	0	0	0	0
0	1	0	0	0	0	0	0	0	0	0	0
0	0	1	0	0	0	0	0	0	0	0	0
0	0	0	1	0	0	0	0	0	0	0	0
0	0	0	0	1	0	0	0	0	0	0	0
0	0	0	0	0	1	0	0	0	0	0	0
0	0	0	0	0	0	1	0	0	0	0	0
0	0	0	0	0	0	0	1	0	0	0	0
0	0	0	0	0	0	0	0	1	0	0	0
0	0	0	0	0	0	0	0	0	1	0	0
0	0	0	0	0	0	0	0	0	0	1	0
0	0	0	0	0	0	0	0	0	0	0	1
40
31
2
1
#######END OF DATA FILE#######
999
