#######GENERAL HEADER INPUT#######
1
30
1
30
1
30
30
12
1	2	3	4	5	6	7	8	9	10	11	12
12
1	2	3	4	5	6	7	8	9	10	11	12
1
101
1
1
#######SURVEY DATA#######
30
1	2	3	4	5	6	7	8	9	10	11	12	13	14	15	16	17	18	19	20	21	22	23	24	25	26	27	28	29	30
1.40982914912767	1.66780078040754	1.41164945559735	1.56737248268358	1.35651114927415	1.39922933337262	1.22982571180815	1.51146875218483	1.09053437807534	1.09357947411252	1.21454454488213	0.882425935804764	0.966652050085288	0.874443285205902	0.988896142934744	0.994483258815897	1.0853923830667	0.730246191053084	0.810416993308437	0.722257546473793	0.77832169422672	0.712933620626954	0.633254034884903	0.523844990448839	0.485984168922302	0.452143626805908	0.455437174035082	0.503538250346016	0.554912632924278	0.54714428873559
0.2	0.2	0.2	0.2	0.2	0.2	0.2	0.2	0.2	0.2	0.2	0.2	0.2	0.2	0.2	0.2	0.2	0.2	0.2	0.2	0.2	0.2	0.2	0.2	0.2	0.2	0.2	0.2	0.2	0.2
30
1	2	3	4	5	6	7	8	9	10	11	12	13	14	15	16	17	18	19	20	21	22	23	24	25	26	27	28	29	30
200	200	200	200	200	200	200	200	200	200	200	200	200	200	200	200	200	200	200	200	200	200	200	200	200	200	200	200	200	200
200	200	200	200	200	200	200	200	200	200	200	200	200	200	200	200	200	200	200	200	200	200	200	200	200	200	200	200	200	200
0.055	0.125	0.165	0.115	0.125	0.055	0.1	0.045	0.05	0.04	0.01	0.115
0.105	0.105	0.15	0.105	0.115	0.06	0.08	0.045	0.03	0.035	0.02	0.15
0.06	0.16	0.125	0.16	0.095	0.105	0.065	0.03	0.04	0.015	0.01	0.135
0.025	0.135	0.175	0.125	0.1	0.045	0.085	0.055	0.06	0.025	0.025	0.145
0.1	0.12	0.095	0.16	0.085	0.085	0.08	0.07	0.065	0.025	0	0.115
0.07	0.17	0.1	0.115	0.135	0.065	0.08	0.035	0.025	0.045	0.035	0.125
0.085	0.215	0.17	0.06	0.115	0.07	0.07	0.03	0.03	0.04	0.03	0.085
0.07	0.095	0.18	0.135	0.095	0.09	0.06	0.05	0.035	0.035	0.045	0.11
0.045	0.175	0.185	0.17	0.105	0.04	0.06	0.035	0.035	0.01	0.015	0.125
0.05	0.195	0.16	0.14	0.12	0.135	0.05	0.02	0.04	0	0.02	0.07
0.075	0.155	0.205	0.16	0.07	0.115	0.045	0.04	0.02	0.025	0.03	0.06
0.06	0.16	0.22	0.115	0.125	0.055	0.055	0.065	0.035	0.025	0.03	0.055
0.07	0.11	0.185	0.175	0.1	0.075	0.05	0.075	0.07	0.035	0.02	0.035
0.07	0.175	0.175	0.16	0.09	0.045	0.085	0.035	0.05	0.03	0.02	0.065
0.065	0.2	0.21	0.095	0.135	0.08	0.045	0.045	0.035	0.01	0.03	0.05
0.115	0.14	0.175	0.16	0.09	0.095	0.055	0.04	0.03	0.02	0.025	0.055
0.095	0.175	0.18	0.165	0.1	0.075	0.035	0.03	0.025	0.005	0.015	0.1
0.045	0.245	0.205	0.13	0.1	0.065	0.04	0.055	0.025	0.015	0.02	0.055
0.095	0.185	0.24	0.15	0.095	0.075	0.045	0.02	0.04	0.01	0	0.045
0.08	0.19	0.185	0.24	0.135	0.04	0.05	0.025	0.015	0	0.01	0.03
0.155	0.15	0.25	0.105	0.13	0.075	0.06	0.015	0.025	0.005	0.01	0.02
0.12	0.285	0.13	0.115	0.075	0.095	0.06	0.04	0.025	0.015	0.005	0.035
0.115	0.275	0.26	0.08	0.075	0.045	0.04	0.05	0.01	0.005	0	0.045
0.065	0.24	0.235	0.22	0.07	0.045	0.04	0.035	0.02	0.005	0.01	0.015
0.125	0.21	0.19	0.21	0.115	0.06	0.035	0.01	0.02	0	0.02	0.005
0.105	0.285	0.21	0.155	0.11	0.045	0.025	0.015	0.01	0.015	0.005	0.02
0.105	0.205	0.27	0.105	0.11	0.11	0.045	0.01	0.015	0.015	0.005	0.005
0.155	0.265	0.165	0.195	0.09	0.03	0.025	0.035	0.01	0.015	0.005	0.01
0.15	0.28	0.225	0.095	0.095	0.075	0.03	0.03	0	0.005	0.005	0.01
0.1	0.295	0.245	0.17	0.06	0.04	0.03	0.02	0.03	0.005	0	0.005
#######LANDINGS DATA#######
1
30
161.064006926197	470.749372469796	767.025468221529	991.842976052521	769.7008217541	1323.65910703542	1273.3363095816	2480.57401595896	1321.95579804945	1529.07606783521	1616.84213536667	1611.35447985122	1103.59217420444	1519.87701550766	1522.10490430864	1281.78634402025	2250.67260219914	1613.72413848415	1455.93488241592	1325.52149625584	1614.27302301897	1071.69420207539	1631.33349542548	1208.36192910861	1114.78561467359	971.372207391317	927.313715502798	1197.45371524496	863.401242316739	1273.09839237071
0.01	0.01	0.01	0.01	0.01	0.01	0.01	0.01	0.01	0.01	0.01	0.01	0.01	0.01	0.01	0.01	0.01	0.01	0.01	0.01	0.01	0.01	0.01	0.01	0.01	0.01	0.01	0.01	0.01	0.01
30
1	2	3	4	5	6	7	8	9	10	11	12	13	14	15	16	17	18	19	20	21	22	23	24	25	26	27	28	29	30
200	200	200	200	200	200	200	200	200	200	200	200	200	200	200	200	200	200	200	200	200	200	200	200	200	200	200	200	200	200
200	200	200	200	200	200	200	200	200	200	200	200	200	200	200	200	200	200	200	200	200	200	200	200	200	200	200	200	200	200
0.08	0.095	0.125	0.13	0.105	0.08	0.085	0.065	0.02	0.045	0.04	0.13
0.085	0.06	0.14	0.165	0.125	0.095	0.08	0.03	0.02	0.03	0.04	0.13
0.05	0.105	0.115	0.135	0.09	0.085	0.08	0.055	0.03	0.07	0.035	0.15
0.025	0.065	0.15	0.1	0.12	0.08	0.08	0.08	0.065	0.08	0.005	0.15
0.1	0.08	0.09	0.14	0.075	0.125	0.07	0.07	0.06	0.035	0.025	0.13
0.11	0.15	0.14	0.12	0.11	0.065	0.07	0.055	0.035	0.02	0.03	0.095
0.07	0.13	0.175	0.14	0.095	0.1	0.045	0.05	0.035	0.03	0.025	0.105
0.11	0.085	0.16	0.205	0.095	0.08	0.055	0.035	0.025	0.04	0.015	0.095
0.055	0.1	0.155	0.145	0.14	0.085	0.045	0.075	0.025	0.035	0.025	0.115
0.145	0.075	0.175	0.115	0.13	0.095	0.025	0.03	0.03	0.03	0.01	0.14
0.135	0.155	0.105	0.145	0.115	0.105	0.095	0.02	0.035	0.015	0.01	0.065
0.11	0.125	0.165	0.125	0.125	0.065	0.07	0.04	0.025	0.045	0.02	0.085
0.12	0.09	0.17	0.14	0.095	0.125	0.04	0.035	0.045	0.01	0.01	0.12
0.075	0.125	0.165	0.145	0.125	0.085	0.08	0.035	0.05	0.03	0.025	0.06
0.085	0.145	0.155	0.125	0.11	0.1	0.05	0.055	0.03	0.035	0.025	0.085
0.1	0.155	0.16	0.15	0.095	0.09	0.095	0.03	0.035	0.015	0.02	0.055
0.1	0.18	0.115	0.215	0.09	0.085	0.075	0.035	0.035	0.02	0.01	0.04
0.075	0.205	0.235	0.14	0.095	0.07	0.055	0.035	0.025	0.02	0.01	0.035
0.1	0.11	0.265	0.16	0.135	0.065	0.055	0.03	0.005	0.03	0	0.045
0.13	0.175	0.1	0.225	0.17	0.07	0.025	0.025	0.015	0.02	0.01	0.035
0.135	0.155	0.2	0.16	0.14	0.075	0.035	0.025	0.015	0.01	0.005	0.045
0.12	0.19	0.135	0.17	0.08	0.095	0.075	0.045	0.015	0.015	0.02	0.04
0.1	0.23	0.2	0.14	0.115	0.08	0.055	0.035	0	0.025	0.005	0.015
0.145	0.165	0.205	0.16	0.115	0.075	0.03	0.025	0.025	0.025	0.01	0.02
0.185	0.135	0.21	0.155	0.115	0.07	0.04	0.025	0.03	0.015	0.005	0.015
0.12	0.28	0.17	0.135	0.12	0.08	0.035	0.01	0.005	0.02	0.005	0.02
0.115	0.14	0.29	0.135	0.135	0.095	0.04	0.015	0.01	0.015	0	0.01
0.195	0.22	0.19	0.18	0.085	0.01	0.055	0.025	0.02	0.005	0.005	0.01
0.185	0.225	0.2	0.11	0.095	0.045	0.05	0.045	0.03	0	0.005	0.01
0.165	0.26	0.25	0.175	0.045	0.045	0.015	0.015	0.005	0.015	0.01	0
#######PARAMETER SECTION#######
800	400	1200	-4	800	-0.25	1
0.18	0.01	1	-4	0.18	-0.25	1
-1.36	-5	-0.001	-4	-1.36	-0.25	1
0.1	0.05	0.3	-4	0.1	-0.25	1
0.2	0.01	0.5	-4	0.2	-0.25	1
0.75	0.20001	1	-3	0.75	-0.25	1
13.815511	-1	200	1	13.815511	-0.25	1
0	-1	1	-4	0	-0.25	1
0.2	1e-04	1.2	-3	0.2	-0.25	1
0	-10	10	-6	0	-1	1
0	-10	10	-6	0	-1	1
2	0	12	-2	2	-0.5	1
1	0	12	-2	1	-0.5	1
2	0	12	-2	2	-0.5	1
1	0	12	-2	1	-0.5	1
1.5	0	12	-2	1.5	-0.5	1
2	0	12	-2	2	-0.5	1
-14.8682006803499	-30	5	1	-14.8682006803499	-1	1
1	0.1	2	-1	1	-1	1
-1.51930887058023	-10	1.39	1	-1.51930887058023	-1	1
#######DEV CONSTRAINTS and DEVS#######
-15	15	2
-15	15	2
-15	15	2
0	0	0	0	0	0	0	0	0	0	0	0	0	0	0	0	0	0	0	0	0	0	0	0	0	0	0	0	0	0
0	0	0	0	0	0	0	0	0	0	0	0	0	0	0	0	0	0	0	0	0	0	0	0	0	0	0	0	0	0
0	0	0	0	0	0	0	0	0	0	0
#######LIKELIHOOD WEIGHTS#######
1
1
1
1
0
1
0
0
0
#######MISCELLANEOUS STUFF SECTION#######
2.5e-08
3
0.5	0.5	0.5	0.5	0.5	0.5	0.5	0.5	0.5	0.5	0.5	0.5
0.0229773699100256	0.320821300824607	0.904650535100891	0.994779874306442	0.999738809680904	0.999986992871533	0.999999352405202	0.999999967758134	0.999999998394772	0.99999999992008	0.999999999996021	0.999999999999802
0.2	0.2	0.2	0.2	0.2	0.2	0.2	0.2	0.2	0.2	0.2	0.2
0
1
10
0.2
1
1	0	0	0	0	0	0	0	0	0	0	0
0	1	0	0	0	0	0	0	0	0	0	0
0	0	1	0	0	0	0	0	0	0	0	0
0	0	0	1	0	0	0	0	0	0	0	0
0	0	0	0	1	0	0	0	0	0	0	0
0	0	0	0	0	1	0	0	0	0	0	0
0	0	0	0	0	0	1	0	0	0	0	0
0	0	0	0	0	0	0	1	0	0	0	0
0	0	0	0	0	0	0	0	1	0	0	0
0	0	0	0	0	0	0	0	0	1	0	0
0	0	0	0	0	0	0	0	0	0	1	0
0	0	0	0	0	0	0	0	0	0	0	1
40
31
2
1
#######END OF DATA FILE#######
999
