#styr																																				
1
#endyr																																			
30
#rec_age																																	
1																																						#n_ages																																		
12
# numbers of length intervals
81
#Length	bin
10	11	12	13	14	15	16	17	18	19	20	21	22	23	24	25	26	27	28	29	30	31	32	33	34	35	36	37	38	39	40	41	42	43	44	45	46	47	48	49	50	51	52	53	54	55	56	57	58	59	60	61	62	63	64	65	66	67	68	69	70	71	72	73	74	75	76	77	78	79	80	81	82	83	84	85	86	87	88	89	90
#nfsh
1
#names_fsh
OM1																																				
#catch																																			
161.575489992048	467.735565784229	759.117405542297	996.595509195022	769.720885513731	1318.20555799012	1282.21917807244	2465.09124416592	1330.45588741549	1521.34169724309	1633.2653692576	1606.58772123678	1105.01203062161	1541.74473440331	1529.43659533852	1278.36686024791	2232.73574599015	1609.50629909051	1465.82646093614	1311.03598800638	1628.56613420968	1083.54877872545	1617.87314761318	1185.07892257167	1120.19443180663	968.565308530813	929.370709424924	1200.28983352774	875.565884614904	1275.09463731972
#catch_cv																																		
0.01	0.01	0.01	0.01	0.01	0.01	0.01	0.01	0.01	0.01	0.01	0.01	0.01	0.01	0.01	0.01	0.01	0.01	0.01	0.01	0.01	0.01	0.01	0.01	0.01	0.01	0.01	0.01	0.01	0.01
#n_ages_fsh																															
30																			
#n_lengths_fsh																															
0																																						
#yrs_ages_fsh																																
1	2	3	4	5	6	7	8	9	10	11	12	13	14	15	16	17	18	19	20	21	22	23	24	25	26	27	28	29	30						
#sample_ages_fsh																														
200	200	200	200	200	200	200	200	200	200	200	200	200	200	200	200	200	200	200	200	200	200	200	200	200	200	200	200	200	200
#page_fsh	2	3	4	5	6	7	8	9	10	11																						
0.055	0.13	0.12	0.1	0.13	0.06	0.07	0.105	0.045	0.025	0.025	0.135
0.09	0.1	0.135	0.12	0.09	0.115	0.07	0.07	0.035	0.02	0.015	0.14
0.085	0.165	0.115	0.105	0.12	0.09	0.06	0.05	0.025	0.035	0.015	0.135
0.055	0.12	0.155	0.095	0.105	0.075	0.075	0.055	0.035	0.045	0.025	0.16
0.045	0.115	0.13	0.135	0.1	0.095	0.04	0.095	0.035	0.03	0.03	0.15
0.105	0.18	0.145	0.085	0.115	0.08	0.07	0.065	0.055	0.01	0.01	0.08
0.105	0.095	0.14	0.1	0.115	0.125	0.07	0.065	0.015	0.01	0.04	0.12
0.09	0.11	0.155	0.15	0.075	0.08	0.11	0.035	0.05	0.03	0.015	0.1
0.085	0.1	0.14	0.17	0.165	0.04	0.035	0.075	0.03	0.03	0.01	0.12
0.095	0.1	0.165	0.145	0.095	0.13	0.04	0.035	0.045	0.03	0.02	0.1
0.115	0.125	0.105	0.145	0.105	0.085	0.09	0.04	0.025	0.02	0.025	0.12
0.095	0.195	0.14	0.14	0.095	0.08	0.085	0.05	0.01	0.03	0.015	0.065
0.085	0.125	0.15	0.175	0.1	0.1	0.09	0.04	0.055	0.025	0.01	0.045
0.09	0.15	0.175	0.185	0.11	0.05	0.03	0.04	0.02	0.03	0.03	0.09
0.11	0.125	0.13	0.13	0.16	0.12	0.055	0.05	0.015	0.035	0.015	0.055
0.11	0.19	0.185	0.12	0.105	0.13	0.03	0.035	0.03	0.015	0.01	0.04
0.12	0.185	0.14	0.125	0.125	0.045	0.05	0.07	0.03	0.025	0.025	0.06
0.07	0.165	0.22	0.145	0.125	0.075	0.045	0.04	0.01	0.02	0.03	0.055
0.145	0.09	0.24	0.165	0.085	0.065	0.07	0.035	0.02	0.015	0.015	0.055
0.11	0.14	0.155	0.195	0.13	0.055	0.04	0.045	0.03	0.02	0.015	0.065
0.12	0.18	0.25	0.125	0.115	0.045	0.05	0.015	0.025	0.015	0.005	0.055
0.19	0.3	0.155	0.125	0.07	0.06	0.035	0.025	0.02	0.005	0.005	0.01
0.125	0.225	0.22	0.095	0.085	0.09	0.06	0.025	0.03	0.015	0.02	0.01
0.18	0.22	0.205	0.22	0.075	0.03	0.01	0.03	0.01	0.01	0	0.01
0.185	0.245	0.165	0.145	0.135	0.035	0.025	0.025	0.005	0.005	0.015	0.015
0.11	0.26	0.14	0.16	0.12	0.09	0.04	0.025	0.01	0.02	0	0.025
0.14	0.185	0.205	0.14	0.09	0.1	0.08	0.01	0.025	0.01	0	0.015
0.18	0.18	0.17	0.21	0.1	0.065	0.045	0.02	0.01	0.01	0	0.01
0.235	0.2	0.175	0.125	0.135	0.04	0.03	0.03	0.01	0.015	0.005	0
0.185	0.295	0.21	0.165	0.06	0.015	0.025	0.02	0.01	0.005	0.005	0.005
#wt_age_fsh	1 2	3	4	5	6	7	8	9	10	11																				
0.000530656	0.001196328	0.002058265	0.003034987	0.004055212	0.005064698	0.006026226	0.006916921	0.007724891	0.008446113	0.009081853	0.009636695
0.000530656	0.001196328	0.002058265	0.003034987	0.004055212	0.005064698	0.006026226	0.006916921	0.007724891	0.008446113	0.009081853	0.009636695
0.000530656	0.001196328	0.002058265	0.003034987	0.004055212	0.005064698	0.006026226	0.006916921	0.007724891	0.008446113	0.009081853	0.009636695
0.000530656	0.001196328	0.002058265	0.003034987	0.004055212	0.005064698	0.006026226	0.006916921	0.007724891	0.008446113	0.009081853	0.009636695
0.000530656	0.001196328	0.002058265	0.003034987	0.004055212	0.005064698	0.006026226	0.006916921	0.007724891	0.008446113	0.009081853	0.009636695
0.000530656	0.001196328	0.002058265	0.003034987	0.004055212	0.005064698	0.006026226	0.006916921	0.007724891	0.008446113	0.009081853	0.009636695
0.000530656	0.001196328	0.002058265	0.003034987	0.004055212	0.005064698	0.006026226	0.006916921	0.007724891	0.008446113	0.009081853	0.009636695
0.000530656	0.001196328	0.002058265	0.003034987	0.004055212	0.005064698	0.006026226	0.006916921	0.007724891	0.008446113	0.009081853	0.009636695
0.000530656	0.001196328	0.002058265	0.003034987	0.004055212	0.005064698	0.006026226	0.006916921	0.007724891	0.008446113	0.009081853	0.009636695
0.000530656	0.001196328	0.002058265	0.003034987	0.004055212	0.005064698	0.006026226	0.006916921	0.007724891	0.008446113	0.009081853	0.009636695
0.000530656	0.001196328	0.002058265	0.003034987	0.004055212	0.005064698	0.006026226	0.006916921	0.007724891	0.008446113	0.009081853	0.009636695
0.000530656	0.001196328	0.002058265	0.003034987	0.004055212	0.005064698	0.006026226	0.006916921	0.007724891	0.008446113	0.009081853	0.009636695
0.000530656	0.001196328	0.002058265	0.003034987	0.004055212	0.005064698	0.006026226	0.006916921	0.007724891	0.008446113	0.009081853	0.009636695
0.000530656	0.001196328	0.002058265	0.003034987	0.004055212	0.005064698	0.006026226	0.006916921	0.007724891	0.008446113	0.009081853	0.009636695
0.000530656	0.001196328	0.002058265	0.003034987	0.004055212	0.005064698	0.006026226	0.006916921	0.007724891	0.008446113	0.009081853	0.009636695
0.000530656	0.001196328	0.002058265	0.003034987	0.004055212	0.005064698	0.006026226	0.006916921	0.007724891	0.008446113	0.009081853	0.009636695
0.000530656	0.001196328	0.002058265	0.003034987	0.004055212	0.005064698	0.006026226	0.006916921	0.007724891	0.008446113	0.009081853	0.009636695
0.000530656	0.001196328	0.002058265	0.003034987	0.004055212	0.005064698	0.006026226	0.006916921	0.007724891	0.008446113	0.009081853	0.009636695
0.000530656	0.001196328	0.002058265	0.003034987	0.004055212	0.005064698	0.006026226	0.006916921	0.007724891	0.008446113	0.009081853	0.009636695
0.000530656	0.001196328	0.002058265	0.003034987	0.004055212	0.005064698	0.006026226	0.006916921	0.007724891	0.008446113	0.009081853	0.009636695
0.000530656	0.001196328	0.002058265	0.003034987	0.004055212	0.005064698	0.006026226	0.006916921	0.007724891	0.008446113	0.009081853	0.009636695
0.000530656	0.001196328	0.002058265	0.003034987	0.004055212	0.005064698	0.006026226	0.006916921	0.007724891	0.008446113	0.009081853	0.009636695
0.000530656	0.001196328	0.002058265	0.003034987	0.004055212	0.005064698	0.006026226	0.006916921	0.007724891	0.008446113	0.009081853	0.009636695
0.000530656	0.001196328	0.002058265	0.003034987	0.004055212	0.005064698	0.006026226	0.006916921	0.007724891	0.008446113	0.009081853	0.009636695
0.000530656	0.001196328	0.002058265	0.003034987	0.004055212	0.005064698	0.006026226	0.006916921	0.007724891	0.008446113	0.009081853	0.009636695
0.000530656	0.001196328	0.002058265	0.003034987	0.004055212	0.005064698	0.006026226	0.006916921	0.007724891	0.008446113	0.009081853	0.009636695
0.000530656	0.001196328	0.002058265	0.003034987	0.004055212	0.005064698	0.006026226	0.006916921	0.007724891	0.008446113	0.009081853	0.009636695
0.000530656	0.001196328	0.002058265	0.003034987	0.004055212	0.005064698	0.006026226	0.006916921	0.007724891	0.008446113	0.009081853	0.009636695
0.000530656	0.001196328	0.002058265	0.003034987	0.004055212	0.005064698	0.006026226	0.006916921	0.007724891	0.008446113	0.009081853	0.009636695
0.000530656	0.001196328	0.002058265	0.003034987	0.004055212	0.005064698	0.006026226	0.006916921	0.007724891	0.008446113	0.009081853	0.009636695

#nind
1
#ind_names																																	
survey_index1																																
#nobs_ind
30
#yrs_ind																																		
1	2	3	4	5	6	7	8	9	10	11	12	13	14	15	16	17	18	19	20	21	22	23	24	25	26	27	28	29	30	
#month_ind																																	
1																																						
#biom_ind																																		
1.48276041015138	1.31705099280252	1.46111622998844	1.32028389647282	1.21115899169526	1.53389459058154	1.22145524353594	1.30632211101696	1.11849331822941	1.19781732162868	1.19071200657844	1.15901317395195	1.09538564369374	1.06750194439464	0.929269769775758	0.949469807244245	0.968861900085896	1.14556873645046	0.784746671054851	0.757848829747966	0.658951652545346	0.703679077747546	0.780788543760881	0.612883138648939	0.532741757583886	0.552709620859769	0.488881410389308	0.469033035612786	0.522831867272889	0.560446177893319
#biom_cv																				
0.296552082030277	0.263410198560503	0.292223245997689	0.264056779294565	0.242231798339052	0.306778918116308	0.244291048707187	0.261264422203391	0.223698663645883	0.239563464325736	0.238142401315688	0.23180263479039	0.219077128738747	0.213500388878929	0.185853953955152	0.189893961448849	0.193772380017179	0.229113747290092	0.15694933421097	0.151569765949593	0.131790330509069	0.140735815549509	0.156157708752176	0.122576627729788	0.106548351516777	0.110541924171954	0.0977762820778615	0.0938066071225573	0.104566373454578	0.112089235578664
#n_ages_ind																																	
30			
#n_lengths_ind																															
0																																						
#yrs_ages_ind																																
1	2	3	4	5	6	7	8	9	10	11	12	13	14	15	16	17	18	19	20	21	22	23	24	25	26	27	28	29	30																						
#sample_ages_ind																														
200	200	200	200	200	200	200	200	200	200	200	200	200	200	200	200	200	200	200	200	200	200	200	200	200	200	200	200	200	200
#page_ind																																		
0.055	0.13	0.115	0.155	0.145	0.085	0.07	0.04	0.055	0.03	0.02	0.1
0.075	0.1	0.115	0.13	0.125	0.07	0.035	0.07	0.06	0.055	0.045	0.12
0.055	0.19	0.145	0.125	0.085	0.04	0.045	0.06	0.05	0.035	0.015	0.155
0.06	0.135	0.22	0.1	0.08	0.06	0.055	0.06	0.05	0.045	0.045	0.09
0.07	0.165	0.115	0.145	0.095	0.05	0.06	0.045	0.035	0.035	0.035	0.15
0.1	0.19	0.135	0.095	0.125	0.085	0.055	0.065	0.04	0.005	0.02	0.085
0.075	0.2	0.17	0.115	0.09	0.08	0.055	0.04	0.02	0.04	0.025	0.09
0.08	0.13	0.2	0.135	0.08	0.055	0.065	0.045	0.035	0.03	0.02	0.125
0.045	0.19	0.12	0.17	0.145	0.06	0.08	0.045	0.035	0.015	0.015	0.08
0.07	0.195	0.2	0.12	0.125	0.095	0.01	0.035	0.05	0.01	0.015	0.075
0.065	0.225	0.16	0.155	0.08	0.09	0.05	0.03	0.03	0.02	0.015	0.08
0.05	0.145	0.21	0.12	0.145	0.065	0.08	0.045	0.035	0.03	0.02	0.055
0.08	0.19	0.23	0.115	0.07	0.085	0.04	0.03	0.065	0.015	0.015	0.065
0.115	0.135	0.235	0.125	0.09	0.05	0.07	0.04	0.05	0.035	0.005	0.05
0.095	0.19	0.17	0.105	0.095	0.095	0.06	0.055	0.03	0.02	0.025	0.06
0.115	0.15	0.215	0.14	0.09	0.065	0.065	0.02	0.04	0.015	0.01	0.075
0.1	0.21	0.145	0.195	0.1	0.07	0.06	0.055	0.035	0.005	0.01	0.015
0.06	0.17	0.28	0.145	0.085	0.06	0.045	0.045	0.03	0.02	0.01	0.05
0.125	0.155	0.25	0.155	0.08	0.075	0.05	0.02	0.01	0.015	0.015	0.05
0.1	0.215	0.16	0.175	0.135	0.065	0.05	0.035	0.03	0.015	0	0.02
0.12	0.185	0.2	0.135	0.09	0.06	0.075	0.05	0.03	0.005	0.01	0.04
0.165	0.245	0.15	0.135	0.095	0.085	0.045	0.025	0.015	0.005	0.005	0.03
0.115	0.275	0.24	0.115	0.08	0.055	0.06	0.015	0.015	0.02	0	0.01
0.115	0.175	0.255	0.215	0.06	0.08	0.035	0.03	0.015	0	0.01	0.01
0.095	0.195	0.21	0.24	0.1	0.065	0.025	0.02	0.02	0.015	0	0.015
0.1	0.27	0.21	0.16	0.105	0.075	0.02	0.03	0.015	0	0	0.015
0.165	0.205	0.275	0.125	0.095	0.05	0.045	0.005	0.005	0.005	0.01	0.015
0.145	0.305	0.185	0.19	0.04	0.075	0.03	0.015	0.005	0.005	0.005	0
0.155	0.25	0.225	0.13	0.105	0.045	0.025	0.025	0.04	0	0	0
0.115	0.31	0.28	0.135	0.06	0.055	0.015	0.01	0.005	0.015	0	0
#wt_age_ind																																	
1 1 1 1 1 1 1 1 1 1 1 1 
1 1 1 1 1 1 1 1 1 1 1 1 
1 1 1 1 1 1 1 1 1 1 1 1 
1 1 1 1 1 1 1 1 1 1 1 1 
1 1 1 1 1 1 1 1 1 1 1 1 
1 1 1 1 1 1 1 1 1 1 1 1 
1 1 1 1 1 1 1 1 1 1 1 1 
1 1 1 1 1 1 1 1 1 1 1 1 
1 1 1 1 1 1 1 1 1 1 1 1 
1 1 1 1 1 1 1 1 1 1 1 1 
1 1 1 1 1 1 1 1 1 1 1 1 
1 1 1 1 1 1 1 1 1 1 1 1 
1 1 1 1 1 1 1 1 1 1 1 1 
1 1 1 1 1 1 1 1 1 1 1 1 
1 1 1 1 1 1 1 1 1 1 1 1 
1 1 1 1 1 1 1 1 1 1 1 1 
1 1 1 1 1 1 1 1 1 1 1 1 
1 1 1 1 1 1 1 1 1 1 1 1 
1 1 1 1 1 1 1 1 1 1 1 1 
1 1 1 1 1 1 1 1 1 1 1 1 
1 1 1 1 1 1 1 1 1 1 1 1 
1 1 1 1 1 1 1 1 1 1 1 1 
1 1 1 1 1 1 1 1 1 1 1 1 
1 1 1 1 1 1 1 1 1 1 1 1 
1 1 1 1 1 1 1 1 1 1 1 1 
1 1 1 1 1 1 1 1 1 1 1 1 
1 1 1 1 1 1 1 1 1 1 1 1 
1 1 1 1 1 1 1 1 1 1 1 1 
1 1 1 1 1 1 1 1 1 1 1 1 
1 1 1 1 1 1 1 1 1 1 1 1 
# wt_pop
0.000530656	0.001196328	0.002058265	0.003034987	0.004055212	0.005064698	0.006026226	0.006916921	0.007724891	0.008446113	0.009081853	0.009636695
#maturity
0.02297737 0.32082130 0.90465054 0.99477987 0.99973881 0.99998699 0.99999935 0.99999997 1 1 1 1
#spmonth																																		
1		
#age_err																																		
1	0	0	0	0	0	0	0	0	0	0	0
0	1	0	0	0	0	0	0	0	0	0	0
0	0	1	0	0	0	0	0	0	0	0	0
0	0	0	1	0	0	0	0	0	0	0	0
0	0	0	0	1	0	0	0	0	0	0	0
0	0	0	0	0	1	0	0	0	0	0	0
0	0	0	0	0	0	1	0	0	0	0	0
0	0	0	0	0	0	0	1	0	0	0	0
0	0	0	0	0	0	0	0	1	0	0	0
0	0	0	0	0	0	0	0	0	1	0	0
0	0	0	0	0	0	0	0	0	0	1	0
0	0	0	0	0	0	0	0	0	0	0	1																														
