# Number of parameters = 73  Objective function value = 26428.3  Maximum gradient component = 0.000393457
# sel_params[1]:
2.00000000000
# sel_params[2]:
1.00000000000
# log_Fmult_year1:
 -4.65028698074
# log_Fmult_devs:
 1.06530421227 0.509604085088 0.308053668655 -0.232285063296 0.589842082663 0.00598347418278 0.759049654340 -0.544049775584 0.201490358253 0.114198072050 0.0689869906814 -0.334477906266 0.368633391664 0.0422342825203 -0.107223600956 0.683910986764 -0.215140459783 0.00402221468807 -0.0227376429341 0.326671785687 -0.333537958949 0.512982725352 -0.191373186661 -0.00957286584169 -0.0858053759420 -0.0315202098172 0.315963248660 -0.302111581412 0.398032992038
# log_recruit_devs:
 -0.0120585789818 0.140135215286 -0.0431706985356 -0.200292099131 0.318058118874 0.193142174747 -0.0349245166091 0.182113895023 0.0224022714155 0.0459694503502 0.157283647193 -0.0972915551696 0.00653019730865 0.0219600994017 -0.113628581165 0.105279031094 0.0435427675686 -0.219065722785 -0.0922086376719 -0.322453807505 0.0702677839132 0.107676222241 -0.172800460227 -0.223011392856 0.0104985034305 -0.132710212909 0.00667077188310 0.106527304104 0.146402204975 -0.0208433952618
# log_N_year1_devs:
 -0.0302103510140 0.0284630219138 -0.131369882956 -0.0343414975987 0.0536745231173 -0.111457414110 0.0113710880907 0.0803763443838 -0.160628976732 0.468827687174 -0.388331747624
# log_q_year1:
 -8.01451447669
# log_q_devs:
 0.00000000000 0.00000000000 0.00000000000 0.00000000000 0.00000000000 0.00000000000 0.00000000000 0.00000000000 0.00000000000 0.00000000000 0.00000000000 0.00000000000 0.00000000000 0.00000000000 0.00000000000 0.00000000000 0.00000000000 0.00000000000 0.00000000000 0.00000000000 0.00000000000 0.00000000000 0.00000000000 0.00000000000 0.00000000000 0.00000000000 0.00000000000 0.00000000000 0.00000000000
# index_sel_params[1]:
1.50000000000
# index_sel_params[2]:
0.500000000000
# log_SR_scaler:
6.92309674637
# SR_steepness:
0.750000000000
