#######GENERAL HEADER INPUT#######
1
30
1
30
1
30
30
12
1	2	3	4	5	6	7	8	9	10	11	12
12
1	2	3	4	5	6	7	8	9	10	11	12
1
101
1
1
#######SURVEY DATA#######
30
1	2	3	4	5	6	7	8	9	10	11	12	13	14	15	16	17	18	19	20	21	22	23	24	25	26	27	28	29	30
1.31183377927837	1.38633874676776	1.51694551923435	1.26098571332325	1.55275026846131	1.25100793864259	1.62266214596382	1.63056235760683	1.27554504418676	1.27155025466398	1.21025257185529	1.01576730373168	0.932022219285993	1.04015364638733	0.948698136369905	0.914718263333427	0.989318462996117	0.81719359970084	0.786174684512734	0.804407411125389	0.656782942423349	0.615200461284105	0.539559164031104	0.584153891702878	0.685469682746969	0.487288573725562	0.572591756150452	0.582647560241794	0.488141240043723	0.490633197152374
0.2	0.2	0.2	0.2	0.2	0.2	0.2	0.2	0.2	0.2	0.2	0.2	0.2	0.2	0.2	0.2	0.2	0.2	0.2	0.2	0.2	0.2	0.2	0.2	0.2	0.2	0.2	0.2	0.2	0.2
30
1	2	3	4	5	6	7	8	9	10	11	12	13	14	15	16	17	18	19	20	21	22	23	24	25	26	27	28	29	30
200	200	200	200	200	200	200	200	200	200	200	200	200	200	200	200	200	200	200	200	200	200	200	200	200	200	200	200	200	200
200	200	200	200	200	200	200	200	200	200	200	200	200	200	200	200	200	200	200	200	200	200	200	200	200	200	200	200	200	200
0.06	0.17	0.15	0.125	0.08	0.1	0.085	0.035	0.035	0.015	0.03	0.115
0.045	0.12	0.165	0.095	0.09	0.1	0.065	0.05	0.085	0.035	0.02	0.13
0.025	0.195	0.13	0.105	0.095	0.095	0.055	0.07	0.045	0.07	0.01	0.105
0.05	0.125	0.17	0.09	0.11	0.13	0.11	0.02	0.03	0.03	0.02	0.115
0.065	0.125	0.12	0.17	0.085	0.075	0.065	0.065	0.035	0.05	0.035	0.11
0.1	0.195	0.11	0.145	0.075	0.095	0.065	0.045	0.04	0.02	0.02	0.09
0.06	0.13	0.215	0.105	0.115	0.11	0.025	0.03	0.035	0.04	0.02	0.115
0.07	0.145	0.21	0.165	0.08	0.03	0.05	0.03	0.06	0.03	0.025	0.105
0.08	0.175	0.135	0.175	0.12	0.05	0.055	0.06	0.02	0.015	0.03	0.085
0.11	0.185	0.225	0.095	0.095	0.09	0.05	0.03	0.02	0.01	0.02	0.07
0.085	0.18	0.165	0.175	0.09	0.085	0.05	0.015	0.035	0.02	0.02	0.08
0.075	0.225	0.165	0.14	0.12	0.065	0.04	0.07	0.02	0.02	0.005	0.055
0.055	0.195	0.205	0.145	0.095	0.1	0.02	0.04	0.03	0.025	0.01	0.08
0.065	0.19	0.185	0.155	0.125	0.07	0.055	0.03	0.03	0.025	0.005	0.065
0.075	0.215	0.155	0.135	0.1	0.11	0.04	0.05	0.04	0.025	0.02	0.035
0.105	0.185	0.215	0.105	0.075	0.065	0.045	0.025	0.035	0.05	0.04	0.055
0.09	0.22	0.195	0.16	0.12	0.055	0.05	0.025	0.03	0.005	0.01	0.04
0.07	0.17	0.23	0.135	0.11	0.07	0.055	0.045	0.035	0.045	0.01	0.025
0.09	0.165	0.26	0.19	0.11	0.03	0.04	0.04	0.025	0.01	0.015	0.025
0.095	0.22	0.17	0.17	0.14	0.065	0.075	0.02	0.01	0.015	0	0.02
0.105	0.2	0.21	0.1	0.155	0.075	0.06	0.03	0.015	0.025	0.005	0.02
0.145	0.24	0.21	0.13	0.07	0.085	0.05	0.005	0.015	0.01	0	0.04
0.095	0.28	0.255	0.115	0.13	0.045	0.025	0.02	0.02	0.01	0	0.005
0.1	0.21	0.255	0.225	0.085	0.045	0.02	0.025	0.01	0.005	0.01	0.01
0.12	0.225	0.215	0.135	0.115	0.055	0.055	0.02	0.005	0.02	0.015	0.02
0.125	0.3	0.2	0.125	0.145	0.06	0.015	0.02	0.005	0.005	0	0
0.11	0.245	0.3	0.135	0.07	0.06	0.05	0.02	0	0	0	0.01
0.11	0.25	0.2	0.205	0.085	0.065	0.04	0.015	0.005	0.01	0.005	0.01
0.14	0.33	0.24	0.085	0.08	0.03	0.03	0.02	0.03	0.005	0	0.01
0.075	0.25	0.255	0.165	0.08	0.08	0.04	0.025	0.01	0.005	0.01	0.005
#######LANDINGS DATA#######
1
30
160.808213956924	467.242506275676	759.622058315104	996.760264267635	767.281010495894	1328.96301590889	1272.24921437545	2491.58654127515	1323.15919370789	1530.06444761931	1609.64970758177	1613.45206592163	1103.74091799817	1521.76829919336	1508.58735697508	1277.89275913027	2254.26251042996	1598.77360449185	1457.19742132251	1321.89533174072	1619.40600522377	1072.76307048078	1607.750028428	1225.92627882901	1109.06116732069	976.641876467638	918.059997012093	1221.29171090131	879.276071320681	1275.11713081639
0.01	0.01	0.01	0.01	0.01	0.01	0.01	0.01	0.01	0.01	0.01	0.01	0.01	0.01	0.01	0.01	0.01	0.01	0.01	0.01	0.01	0.01	0.01	0.01	0.01	0.01	0.01	0.01	0.01	0.01
30
1	2	3	4	5	6	7	8	9	10	11	12	13	14	15	16	17	18	19	20	21	22	23	24	25	26	27	28	29	30
200	200	200	200	200	200	200	200	200	200	200	200	200	200	200	200	200	200	200	200	200	200	200	200	200	200	200	200	200	200
200	200	200	200	200	200	200	200	200	200	200	200	200	200	200	200	200	200	200	200	200	200	200	200	200	200	200	200	200	200
0.065	0.1	0.13	0.115	0.145	0.095	0.08	0.03	0.03	0.035	0.025	0.15
0.045	0.085	0.135	0.12	0.085	0.125	0.075	0.065	0.055	0.04	0.045	0.125
0.09	0.135	0.12	0.135	0.125	0.085	0.045	0.045	0.055	0.05	0.01	0.105
0.05	0.125	0.15	0.12	0.075	0.09	0.08	0.035	0.045	0.06	0.03	0.14
0.09	0.1	0.115	0.185	0.12	0.095	0.04	0.035	0.055	0.015	0.025	0.125
0.085	0.135	0.09	0.085	0.115	0.07	0.115	0.055	0.045	0.045	0.035	0.125
0.025	0.105	0.18	0.1	0.115	0.11	0.07	0.055	0.045	0.04	0.025	0.13
0.06	0.1	0.155	0.205	0.075	0.065	0.07	0.055	0.04	0.045	0.04	0.09
0.105	0.155	0.08	0.165	0.12	0.055	0.05	0.055	0.02	0.055	0.035	0.105
0.115	0.065	0.16	0.13	0.15	0.075	0.055	0.05	0.06	0.035	0.01	0.095
0.095	0.195	0.15	0.155	0.08	0.06	0.09	0.02	0.025	0.025	0.01	0.095
0.085	0.13	0.155	0.12	0.125	0.08	0.075	0.06	0.03	0.035	0.03	0.075
0.08	0.1	0.19	0.155	0.105	0.095	0.04	0.07	0.045	0.015	0.005	0.1
0.1	0.13	0.17	0.12	0.135	0.1	0.05	0.03	0.04	0.03	0.01	0.085
0.12	0.14	0.16	0.155	0.11	0.07	0.05	0.055	0.035	0.015	0.03	0.06
0.14	0.145	0.18	0.11	0.08	0.105	0.055	0.04	0.04	0.025	0.02	0.06
0.105	0.15	0.165	0.14	0.115	0.08	0.05	0.08	0.02	0.02	0.01	0.065
0.075	0.205	0.185	0.145	0.135	0.095	0.035	0.015	0.025	0.035	0.015	0.035
0.135	0.13	0.19	0.15	0.095	0.085	0.06	0.03	0.025	0.025	0.03	0.045
0.14	0.175	0.14	0.135	0.1	0.12	0.06	0.05	0.03	0.005	0.015	0.03
0.15	0.115	0.18	0.185	0.11	0.105	0.055	0.02	0.015	0.01	0.015	0.04
0.135	0.195	0.175	0.13	0.075	0.07	0.055	0.05	0.03	0.01	0.015	0.06
0.1	0.22	0.22	0.12	0.09	0.045	0.08	0.07	0.02	0.015	0.005	0.015
0.13	0.17	0.235	0.2	0.075	0.065	0.02	0.025	0.02	0.005	0.005	0.05
0.185	0.15	0.16	0.215	0.135	0.08	0.015	0.015	0.025	0.01	0.01	0
0.085	0.255	0.215	0.145	0.155	0.08	0.025	0.01	0.005	0.005	0.01	0.01
0.175	0.16	0.24	0.135	0.14	0.08	0.04	0.02	0.01	0	0	0
0.155	0.155	0.185	0.195	0.11	0.1	0.03	0.045	0.01	0.005	0	0.01
0.185	0.25	0.19	0.095	0.14	0.055	0.05	0.01	0.015	0.005	0	0.005
0.11	0.285	0.23	0.175	0.09	0.04	0.02	0.03	0.01	0	0.005	0.005
#######PARAMETER SECTION#######
800	400	1200	-4	800	-0.25	1
0.18	0.01	1	-4	0.18	-0.25	1
-1.36	-5	-0.001	-4	-1.36	-0.25	1
0.1	0.05	0.3	-4	0.1	-0.25	1
0.2	0.01	0.5	-4	0.2	-0.25	1
0.75	0.20001	1	-3	0.75	-0.25	1
13.815511	-1	200	1	13.815511	-0.25	1
0	-1	1	-4	0	-0.25	1
0.2	1e-04	1.2	-3	0.2	-0.25	1
0	-10	10	-6	0	-1	1
0	-10	10	-6	0	-1	1
2	0	12	-2	2	-0.5	1
1	0	12	-2	1	-0.5	1
2	0	12	-2	2	-0.5	1
1	0	12	-2	1	-0.5	1
1.5	0	12	-2	1.5	-0.5	1
2	0	12	-2	2	-0.5	1
-14.8682006803499	-30	5	1	-14.8682006803499	-1	1
1	0.1	2	-1	1	-1	1
-1.51930887058023	-10	1.39	1	-1.51930887058023	-1	1
#######DEV CONSTRAINTS and DEVS#######
-15	15	2
-15	15	2
-15	15	2
0	0	0	0	0	0	0	0	0	0	0	0	0	0	0	0	0	0	0	0	0	0	0	0	0	0	0	0	0	0
0	0	0	0	0	0	0	0	0	0	0	0	0	0	0	0	0	0	0	0	0	0	0	0	0	0	0	0	0	0
0	0	0	0	0	0	0	0	0	0	0
#######LIKELIHOOD WEIGHTS#######
1
1
1
1
0
1
0
0
0
#######MISCELLANEOUS STUFF SECTION#######
2.5e-08
3
0.5	0.5	0.5	0.5	0.5	0.5	0.5	0.5	0.5	0.5	0.5	0.5
0.0229773699100256	0.320821300824607	0.904650535100891	0.994779874306442	0.999738809680904	0.999986992871533	0.999999352405202	0.999999967758134	0.999999998394772	0.99999999992008	0.999999999996021	0.999999999999802
0.2	0.2	0.2	0.2	0.2	0.2	0.2	0.2	0.2	0.2	0.2	0.2
0
1
10
0.2
1
1	0	0	0	0	0	0	0	0	0	0	0
0	1	0	0	0	0	0	0	0	0	0	0
0	0	1	0	0	0	0	0	0	0	0	0
0	0	0	1	0	0	0	0	0	0	0	0
0	0	0	0	1	0	0	0	0	0	0	0
0	0	0	0	0	1	0	0	0	0	0	0
0	0	0	0	0	0	1	0	0	0	0	0
0	0	0	0	0	0	0	1	0	0	0	0
0	0	0	0	0	0	0	0	1	0	0	0
0	0	0	0	0	0	0	0	0	1	0	0
0	0	0	0	0	0	0	0	0	0	1	0
0	0	0	0	0	0	0	0	0	0	0	1
40
31
2
1
#######END OF DATA FILE#######
999
