#######GENERAL HEADER INPUT#######
1
30
1
30
1
30
30
12
1	2	3	4	5	6	7	8	9	10	11	12
12
1	2	3	4	5	6	7	8	9	10	11	12
1
101
1
1
#######SURVEY DATA#######
30
1	2	3	4	5	6	7	8	9	10	11	12	13	14	15	16	17	18	19	20	21	22	23	24	25	26	27	28	29	30
1.52537818966535	1.68886700763747	1.53897354928786	1.23587742412884	1.34814522007162	1.15953869770665	1.544399309918	1.40925655511291	1.29407877040406	1.1657432749725	1.04778404652332	1.3581972263023	1.157605726387	0.978288932252882	1.0639229152855	0.909571993867017	0.924294818318092	0.843420719487073	0.82112004000203	0.740496902104164	0.841913768028199	0.675450323286416	0.579733548298378	0.57274023406565	0.59632653561807	0.581549052850519	0.525183875985044	0.524133294223122	0.499246854339574	0.560063904051783
0.2	0.2	0.2	0.2	0.2	0.2	0.2	0.2	0.2	0.2	0.2	0.2	0.2	0.2	0.2	0.2	0.2	0.2	0.2	0.2	0.2	0.2	0.2	0.2	0.2	0.2	0.2	0.2	0.2	0.2
30
1	2	3	4	5	6	7	8	9	10	11	12	13	14	15	16	17	18	19	20	21	22	23	24	25	26	27	28	29	30
200	200	200	200	200	200	200	200	200	200	200	200	200	200	200	200	200	200	200	200	200	200	200	200	200	200	200	200	200	200
200	200	200	200	200	200	200	200	200	200	200	200	200	200	200	200	200	200	200	200	200	200	200	200	200	200	200	200	200	200
0.045	0.165	0.16	0.085	0.12	0.09	0.06	0.065	0.02	0.015	0.035	0.14
0.065	0.145	0.155	0.145	0.105	0.055	0.065	0.06	0.025	0.045	0.025	0.11
0.015	0.165	0.16	0.12	0.09	0.085	0.075	0.045	0.07	0.04	0.01	0.125
0.075	0.175	0.175	0.1	0.075	0.07	0.075	0.055	0.03	0.045	0.015	0.11
0.085	0.12	0.135	0.165	0.06	0.075	0.065	0.03	0.055	0.03	0.025	0.155
0.055	0.22	0.115	0.14	0.105	0.07	0.06	0.06	0.005	0.025	0.02	0.125
0.055	0.16	0.215	0.095	0.12	0.045	0.04	0.035	0.045	0.05	0.03	0.11
0.105	0.15	0.165	0.12	0.08	0.045	0.08	0.04	0.045	0.06	0.005	0.105
0.075	0.17	0.165	0.12	0.155	0.05	0.04	0.035	0.025	0.03	0.025	0.11
0.085	0.145	0.22	0.14	0.09	0.085	0.05	0.04	0.04	0.025	0.035	0.045
0.055	0.215	0.17	0.135	0.125	0.08	0.06	0.04	0.02	0.01	0.02	0.07
0.06	0.205	0.215	0.115	0.08	0.05	0.075	0.075	0.015	0.015	0.035	0.06
0.055	0.17	0.21	0.14	0.12	0.065	0.08	0.065	0.04	0.01	0.005	0.04
0.095	0.15	0.16	0.16	0.115	0.075	0.055	0.035	0.045	0.015	0.03	0.065
0.07	0.205	0.205	0.13	0.1	0.095	0.055	0.04	0.025	0.015	0.015	0.045
0.085	0.17	0.175	0.19	0.075	0.11	0.04	0.035	0.025	0.01	0.02	0.065
0.115	0.175	0.21	0.155	0.08	0.065	0.06	0.035	0.035	0.01	0.015	0.045
0.06	0.195	0.225	0.165	0.08	0.08	0.055	0.04	0.02	0.015	0.01	0.055
0.095	0.185	0.24	0.2	0.065	0.065	0.035	0.015	0.035	0.01	0.015	0.04
0.085	0.195	0.18	0.18	0.08	0.08	0.055	0.055	0.02	0.01	0.005	0.055
0.12	0.19	0.24	0.14	0.12	0.06	0.04	0.03	0.005	0.02	0	0.035
0.105	0.275	0.16	0.125	0.09	0.08	0.065	0.025	0.03	0.01	0.015	0.02
0.075	0.305	0.265	0.13	0.075	0.065	0.025	0.015	0.01	0.005	0.01	0.02
0.095	0.185	0.27	0.175	0.085	0.075	0.01	0.03	0.035	0.02	0.01	0.01
0.115	0.18	0.21	0.15	0.15	0.06	0.055	0.015	0.025	0.01	0.005	0.025
0.11	0.255	0.21	0.14	0.135	0.055	0.045	0.015	0.02	0.01	0	0.005
0.11	0.205	0.325	0.125	0.08	0.09	0.02	0.01	0.01	0	0.005	0.02
0.135	0.245	0.215	0.15	0.11	0.045	0.04	0.035	0.01	0	0	0.015
0.135	0.34	0.16	0.165	0.065	0.055	0.04	0.015	0.01	0	0	0.015
0.115	0.295	0.225	0.155	0.07	0.07	0.01	0.025	0.01	0.01	0.01	0.005
#######LANDINGS DATA#######
1
30
159.541684186419	468.753253112771	761.051375479495	988.233577088603	766.114093052845	1329.55867882741	1268.63318477567	2466.73398909217	1329.07377609984	1542.7225017606	1612.05546138102	1617.5283659183	1106.31858230104	1522.98852991327	1506.77686596469	1281.50121077018	2251.39303511324	1616.83900921013	1455.76275609978	1326.45224702668	1628.6607624101	1082.41564247049	1611.43253680115	1197.82420333846	1119.93482316404	974.169597602976	929.3080107277	1208.18640302177	871.604483430728	1276.78982032987
0.01	0.01	0.01	0.01	0.01	0.01	0.01	0.01	0.01	0.01	0.01	0.01	0.01	0.01	0.01	0.01	0.01	0.01	0.01	0.01	0.01	0.01	0.01	0.01	0.01	0.01	0.01	0.01	0.01	0.01
30
1	2	3	4	5	6	7	8	9	10	11	12	13	14	15	16	17	18	19	20	21	22	23	24	25	26	27	28	29	30
200	200	200	200	200	200	200	200	200	200	200	200	200	200	200	200	200	200	200	200	200	200	200	200	200	200	200	200	200	200
200	200	200	200	200	200	200	200	200	200	200	200	200	200	200	200	200	200	200	200	200	200	200	200	200	200	200	200	200	200
0.08	0.095	0.155	0.125	0.095	0.13	0.055	0.05	0.035	0.055	0.04	0.085
0.095	0.125	0.1	0.07	0.125	0.065	0.095	0.045	0.045	0.025	0.045	0.165
0.055	0.12	0.145	0.11	0.12	0.07	0.08	0.05	0.04	0.055	0.025	0.13
0.07	0.1	0.16	0.095	0.105	0.095	0.06	0.05	0.04	0.045	0.03	0.15
0.075	0.08	0.18	0.155	0.09	0.045	0.08	0.075	0.03	0.035	0.025	0.13
0.085	0.125	0.09	0.12	0.105	0.095	0.055	0.045	0.055	0.04	0.035	0.15
0.05	0.165	0.145	0.085	0.075	0.12	0.04	0.065	0.04	0.015	0.03	0.17
0.125	0.12	0.165	0.145	0.04	0.05	0.09	0.04	0.03	0.045	0.015	0.135
0.065	0.14	0.09	0.175	0.145	0.095	0.065	0.06	0.025	0.025	0.015	0.1
0.115	0.11	0.125	0.12	0.09	0.12	0.045	0.04	0.065	0.04	0.035	0.095
0.105	0.15	0.155	0.135	0.11	0.075	0.08	0.01	0.025	0.04	0.015	0.1
0.065	0.175	0.125	0.115	0.135	0.03	0.075	0.05	0.06	0.02	0.035	0.115
0.06	0.145	0.155	0.155	0.095	0.12	0.08	0.06	0.025	0.015	0.02	0.07
0.16	0.115	0.115	0.14	0.135	0.065	0.075	0.045	0.035	0.02	0.02	0.075
0.12	0.155	0.155	0.105	0.08	0.085	0.055	0.06	0.025	0.015	0.04	0.105
0.11	0.14	0.13	0.16	0.105	0.07	0.075	0.045	0.045	0.03	0.025	0.065
0.125	0.165	0.175	0.135	0.08	0.06	0.07	0.05	0.05	0.02	0.015	0.055
0.105	0.2	0.245	0.115	0.095	0.075	0.055	0.04	0.015	0.005	0.01	0.04
0.105	0.075	0.19	0.195	0.09	0.125	0.07	0.03	0.045	0.025	0.025	0.025
0.085	0.115	0.17	0.195	0.12	0.07	0.06	0.075	0.02	0.02	0.025	0.045
0.13	0.14	0.18	0.16	0.12	0.115	0.04	0.035	0.02	0.015	0.015	0.03
0.165	0.225	0.14	0.16	0.07	0.06	0.065	0.035	0.035	0.01	0.01	0.025
0.125	0.23	0.21	0.145	0.115	0.06	0.045	0.005	0.02	0.015	0.01	0.02
0.1	0.19	0.21	0.25	0.09	0.07	0.025	0.01	0.04	0	0.01	0.005
0.15	0.185	0.23	0.14	0.12	0.035	0.045	0.035	0.02	0.015	0.01	0.015
0.155	0.29	0.175	0.13	0.135	0.05	0.03	0.01	0.005	0.005	0	0.015
0.095	0.165	0.36	0.135	0.085	0.09	0.01	0.025	0.005	0.01	0.005	0.015
0.215	0.21	0.135	0.19	0.085	0.06	0.04	0.04	0.005	0.005	0.005	0.01
0.205	0.25	0.18	0.13	0.135	0.02	0.035	0.015	0.005	0	0.005	0.02
0.175	0.255	0.235	0.125	0.08	0.075	0.035	0.015	0.005	0	0	0
#######PARAMETER SECTION#######
800	400	1200	-4	800	-0.25	1
0.18	0.01	1	-4	0.18	-0.25	1
-1.36	-5	-0.001	-4	-1.36	-0.25	1
0.1	0.05	0.3	-4	0.1	-0.25	1
0.2	0.01	0.5	-4	0.2	-0.25	1
0.75	0.20001	1	-3	0.75	-0.25	1
13.815511	-1	200	1	13.815511	-0.25	1
0	-1	1	-4	0	-0.25	1
0.2	1e-04	1.2	-3	0.2	-0.25	1
0	-10	10	-6	0	-1	1
0	-10	10	-6	0	-1	1
2	0	12	-2	2	-0.5	1
1	0	12	-2	1	-0.5	1
2	0	12	-2	2	-0.5	1
1	0	12	-2	1	-0.5	1
1.5	0	12	-2	1.5	-0.5	1
2	0	12	-2	2	-0.5	1
-14.8682006803499	-30	5	1	-14.8682006803499	-1	1
1	0.1	2	-1	1	-1	1
-1.51930887058023	-10	1.39	1	-1.51930887058023	-1	1
#######DEV CONSTRAINTS and DEVS#######
-15	15	2
-15	15	2
-15	15	2
0	0	0	0	0	0	0	0	0	0	0	0	0	0	0	0	0	0	0	0	0	0	0	0	0	0	0	0	0	0
0	0	0	0	0	0	0	0	0	0	0	0	0	0	0	0	0	0	0	0	0	0	0	0	0	0	0	0	0	0
0	0	0	0	0	0	0	0	0	0	0
#######LIKELIHOOD WEIGHTS#######
1
1
1
1
0
1
0
0
0
#######MISCELLANEOUS STUFF SECTION#######
2.5e-08
3
0.5	0.5	0.5	0.5	0.5	0.5	0.5	0.5	0.5	0.5	0.5	0.5
0.0229773699100256	0.320821300824607	0.904650535100891	0.994779874306442	0.999738809680904	0.999986992871533	0.999999352405202	0.999999967758134	0.999999998394772	0.99999999992008	0.999999999996021	0.999999999999802
0.2	0.2	0.2	0.2	0.2	0.2	0.2	0.2	0.2	0.2	0.2	0.2
0
1
10
0.2
1
1	0	0	0	0	0	0	0	0	0	0	0
0	1	0	0	0	0	0	0	0	0	0	0
0	0	1	0	0	0	0	0	0	0	0	0
0	0	0	1	0	0	0	0	0	0	0	0
0	0	0	0	1	0	0	0	0	0	0	0
0	0	0	0	0	1	0	0	0	0	0	0
0	0	0	0	0	0	1	0	0	0	0	0
0	0	0	0	0	0	0	1	0	0	0	0
0	0	0	0	0	0	0	0	1	0	0	0
0	0	0	0	0	0	0	0	0	1	0	0
0	0	0	0	0	0	0	0	0	0	1	0
0	0	0	0	0	0	0	0	0	0	0	1
40
31
2
1
#######END OF DATA FILE#######
999
