#######GENERAL HEADER INPUT#######
1
30
1
30
1
30
30
12
1	2	3	4	5	6	7	8	9	10	11	12
12
1	2	3	4	5	6	7	8	9	10	11	12
1
101
1
1
#######SURVEY DATA#######
30
1	2	3	4	5	6	7	8	9	10	11	12	13	14	15	16	17	18	19	20	21	22	23	24	25	26	27	28	29	30
1.31750713009372	1.57409881894162	1.5274832613064	1.40417804428262	1.6649159760251	1.41402660386888	1.55588398959783	1.44505498597355	1.24638221036553	1.31474154139147	1.24647322700177	1.25607564481364	1.23326026088991	1.11043888613608	0.947185089465692	1.050528146153	0.998538326848187	0.906691947170175	0.832444358161501	0.734367329248318	0.629153179389781	0.726878864277115	0.596227980839723	0.575943231752521	0.636372753139374	0.599741840929765	0.55605238670772	0.603351902678971	0.442690385439662	0.5397621408957
0.2	0.2	0.2	0.2	0.2	0.2	0.2	0.2	0.2	0.2	0.2	0.2	0.2	0.2	0.2	0.2	0.2	0.2	0.2	0.2	0.2	0.2	0.2	0.2	0.2	0.2	0.2	0.2	0.2	0.2
30
1	2	3	4	5	6	7	8	9	10	11	12	13	14	15	16	17	18	19	20	21	22	23	24	25	26	27	28	29	30
200	200	200	200	200	200	200	200	200	200	200	200	200	200	200	200	200	200	200	200	200	200	200	200	200	200	200	200	200	200
200	200	200	200	200	200	200	200	200	200	200	200	200	200	200	200	200	200	200	200	200	200	200	200	200	200	200	200	200	200
0.07	0.22	0.115	0.13	0.095	0.035	0.075	0.045	0.03	0.04	0.04	0.105
0.035	0.105	0.12	0.125	0.125	0.06	0.075	0.08	0.06	0.04	0.035	0.14
0.04	0.16	0.15	0.135	0.08	0.085	0.075	0.045	0.055	0.05	0.01	0.115
0.07	0.135	0.18	0.13	0.125	0.09	0.035	0.045	0.05	0.02	0.03	0.09
0.055	0.125	0.135	0.13	0.075	0.08	0.095	0.015	0.055	0.015	0.025	0.195
0.06	0.24	0.13	0.13	0.055	0.055	0.045	0.035	0.05	0.06	0.02	0.12
0.07	0.16	0.23	0.105	0.055	0.1	0.075	0.03	0.03	0.01	0.04	0.095
0.08	0.15	0.145	0.195	0.07	0.055	0.065	0.04	0.035	0.03	0.035	0.1
0.08	0.14	0.13	0.175	0.135	0.05	0.065	0.045	0.03	0.02	0.035	0.095
0.065	0.18	0.19	0.125	0.11	0.12	0.035	0.05	0.02	0.015	0.005	0.085
0.085	0.185	0.155	0.155	0.105	0.06	0.095	0.045	0.02	0.02	0.015	0.06
0.055	0.195	0.215	0.115	0.135	0.05	0.075	0.05	0.01	0	0.03	0.07
0.06	0.185	0.17	0.175	0.085	0.08	0.075	0.05	0.04	0.01	0	0.07
0.125	0.16	0.12	0.175	0.12	0.085	0.06	0.02	0.035	0.015	0.02	0.065
0.085	0.165	0.16	0.18	0.105	0.1	0.05	0.025	0.03	0.015	0.01	0.075
0.105	0.19	0.185	0.15	0.1	0.085	0.035	0.05	0.025	0.02	0.005	0.05
0.09	0.18	0.185	0.165	0.095	0.06	0.075	0.04	0.03	0.03	0.01	0.04
0.085	0.225	0.265	0.125	0.08	0.08	0.03	0.035	0.015	0.005	0.015	0.04
0.105	0.21	0.18	0.19	0.085	0.065	0.02	0.02	0.035	0.03	0.02	0.04
0.06	0.2	0.195	0.22	0.075	0.06	0.095	0.025	0.005	0.02	0.01	0.035
0.1	0.185	0.23	0.125	0.14	0.055	0.06	0.03	0.025	0.015	0.005	0.03
0.14	0.245	0.175	0.135	0.07	0.095	0.065	0.02	0.02	0.01	0.01	0.015
0.145	0.255	0.245	0.11	0.085	0.03	0.05	0.04	0.015	0	0	0.025
0.08	0.255	0.22	0.175	0.09	0.075	0.03	0.035	0.01	0.005	0.005	0.02
0.14	0.13	0.245	0.225	0.105	0.045	0.03	0.02	0.005	0.015	0.005	0.035
0.16	0.29	0.17	0.12	0.12	0.075	0.015	0.015	0.025	0.005	0	0.005
0.125	0.25	0.17	0.155	0.11	0.075	0.045	0.01	0.005	0.01	0.02	0.025
0.13	0.215	0.215	0.15	0.08	0.08	0.06	0.03	0.015	0	0	0.025
0.175	0.3	0.205	0.125	0.085	0.06	0.03	0.01	0	0.005	0	0.005
0.14	0.28	0.21	0.17	0.06	0.075	0.02	0.005	0.01	0.01	0.015	0.005
#######LANDINGS DATA#######
1
30
161.716881024022	470.892419750602	756.509308986116	988.198200877155	769.159192053931	1325.99132733328	1288.41777962565	2482.99355213193	1326.83975054552	1539.07978379802	1611.68934290923	1615.88966992353	1101.92989367992	1516.75646762819	1503.07429414159	1279.09234021452	2260.50248985105	1610.31568214368	1450.97453554783	1313.457017916	1637.09241458863	1077.35500825117	1635.25940330866	1211.86118605324	1125.55081841867	975.920764637072	922.334515147224	1206.55563300666	876.15654357386	1276.20576457401
0.01	0.01	0.01	0.01	0.01	0.01	0.01	0.01	0.01	0.01	0.01	0.01	0.01	0.01	0.01	0.01	0.01	0.01	0.01	0.01	0.01	0.01	0.01	0.01	0.01	0.01	0.01	0.01	0.01	0.01
30
1	2	3	4	5	6	7	8	9	10	11	12	13	14	15	16	17	18	19	20	21	22	23	24	25	26	27	28	29	30
200	200	200	200	200	200	200	200	200	200	200	200	200	200	200	200	200	200	200	200	200	200	200	200	200	200	200	200	200	200
200	200	200	200	200	200	200	200	200	200	200	200	200	200	200	200	200	200	200	200	200	200	200	200	200	200	200	200	200	200
0.04	0.07	0.14	0.125	0.075	0.06	0.08	0.07	0.065	0.07	0.015	0.19
0.085	0.105	0.15	0.135	0.105	0.04	0.045	0.055	0.03	0.045	0.035	0.17
0.07	0.105	0.135	0.105	0.135	0.095	0.085	0.06	0.04	0.02	0.03	0.12
0.065	0.13	0.135	0.145	0.1	0.08	0.08	0.05	0.045	0.025	0.01	0.135
0.11	0.055	0.13	0.175	0.12	0.1	0.075	0.05	0.03	0.025	0.01	0.12
0.095	0.13	0.125	0.065	0.12	0.085	0.075	0.055	0.065	0.01	0.045	0.13
0.075	0.14	0.155	0.085	0.1	0.12	0.09	0.03	0.04	0.03	0.03	0.105
0.115	0.13	0.125	0.16	0.04	0.085	0.06	0.045	0.05	0.03	0.04	0.12
0.095	0.155	0.13	0.155	0.12	0.03	0.085	0.045	0.035	0.035	0.025	0.09
0.11	0.145	0.145	0.12	0.11	0.075	0.07	0.04	0.045	0.045	0.005	0.09
0.095	0.125	0.135	0.18	0.09	0.1	0.085	0.045	0.02	0.045	0.015	0.065
0.095	0.12	0.15	0.17	0.15	0.06	0.06	0.055	0.025	0.005	0.005	0.105
0.105	0.15	0.225	0.13	0.065	0.085	0.065	0.03	0.02	0.015	0.025	0.085
0.105	0.115	0.155	0.165	0.12	0.105	0.06	0.055	0.015	0.02	0.02	0.065
0.12	0.145	0.165	0.115	0.125	0.11	0.055	0.045	0.04	0.015	0.015	0.05
0.12	0.12	0.235	0.095	0.09	0.045	0.07	0.06	0.055	0.035	0.02	0.055
0.14	0.16	0.14	0.195	0.085	0.065	0.055	0.04	0.01	0.035	0.02	0.055
0.105	0.185	0.205	0.155	0.12	0.045	0.05	0.03	0.025	0.005	0.025	0.05
0.11	0.1	0.19	0.18	0.13	0.095	0.055	0.02	0.035	0.02	0.025	0.04
0.105	0.13	0.155	0.24	0.11	0.07	0.04	0.03	0.035	0.025	0.02	0.04
0.21	0.14	0.125	0.185	0.135	0.09	0.04	0.02	0.02	0.015	0.005	0.015
0.145	0.24	0.155	0.12	0.09	0.095	0.035	0.045	0.015	0.01	0.015	0.035
0.135	0.23	0.225	0.095	0.125	0.035	0.045	0.005	0.01	0.02	0.01	0.065
0.115	0.16	0.31	0.14	0.095	0.045	0.025	0.045	0.025	0.01	0.005	0.025
0.155	0.16	0.16	0.195	0.175	0.055	0.03	0.025	0.02	0.005	0.015	0.005
0.14	0.25	0.2	0.15	0.085	0.07	0.01	0.04	0.02	0.01	0.015	0.01
0.09	0.175	0.26	0.12	0.115	0.125	0.065	0.015	0.015	0	0.01	0.01
0.195	0.2	0.17	0.185	0.07	0.055	0.035	0.04	0.015	0.02	0.01	0.005
0.18	0.26	0.185	0.14	0.12	0.025	0.035	0.025	0.025	0.005	0	0
0.175	0.29	0.18	0.135	0.095	0.08	0.015	0.02	0	0	0	0.01
#######PARAMETER SECTION#######
800	400	1200	-4	800	-0.25	1
0.18	0.01	1	-4	0.18	-0.25	1
-1.36	-5	-0.001	-4	-1.36	-0.25	1
0.1	0.05	0.3	-4	0.1	-0.25	1
0.2	0.01	0.5	-4	0.2	-0.25	1
0.75	0.20001	1	-3	0.75	-0.25	1
13.815511	-1	200	1	13.815511	-0.25	1
0	-1	1	-4	0	-0.25	1
0.2	1e-04	1.2	-3	0.2	-0.25	1
0	-10	10	-6	0	-1	1
0	-10	10	-6	0	-1	1
2	0	12	-2	2	-0.5	1
1	0	12	-2	1	-0.5	1
2	0	12	-2	2	-0.5	1
1	0	12	-2	1	-0.5	1
1.5	0	12	-2	1.5	-0.5	1
2	0	12	-2	2	-0.5	1
-14.8682006803499	-30	5	1	-14.8682006803499	-1	1
1	0.1	2	-1	1	-1	1
-1.51930887058023	-10	1.39	1	-1.51930887058023	-1	1
#######DEV CONSTRAINTS and DEVS#######
-15	15	2
-15	15	2
-15	15	2
0	0	0	0	0	0	0	0	0	0	0	0	0	0	0	0	0	0	0	0	0	0	0	0	0	0	0	0	0	0
0	0	0	0	0	0	0	0	0	0	0	0	0	0	0	0	0	0	0	0	0	0	0	0	0	0	0	0	0	0
0	0	0	0	0	0	0	0	0	0	0
#######LIKELIHOOD WEIGHTS#######
1
1
1
1
0
1
0
0
0
#######MISCELLANEOUS STUFF SECTION#######
2.5e-08
3
0.5	0.5	0.5	0.5	0.5	0.5	0.5	0.5	0.5	0.5	0.5	0.5
0.0229773699100256	0.320821300824607	0.904650535100891	0.994779874306442	0.999738809680904	0.999986992871533	0.999999352405202	0.999999967758134	0.999999998394772	0.99999999992008	0.999999999996021	0.999999999999802
0.2	0.2	0.2	0.2	0.2	0.2	0.2	0.2	0.2	0.2	0.2	0.2
0
1
10
0.2
1
1	0	0	0	0	0	0	0	0	0	0	0
0	1	0	0	0	0	0	0	0	0	0	0
0	0	1	0	0	0	0	0	0	0	0	0
0	0	0	1	0	0	0	0	0	0	0	0
0	0	0	0	1	0	0	0	0	0	0	0
0	0	0	0	0	1	0	0	0	0	0	0
0	0	0	0	0	0	1	0	0	0	0	0
0	0	0	0	0	0	0	1	0	0	0	0
0	0	0	0	0	0	0	0	1	0	0	0
0	0	0	0	0	0	0	0	0	1	0	0
0	0	0	0	0	0	0	0	0	0	1	0
0	0	0	0	0	0	0	0	0	0	0	1
40
31
2
1
#######END OF DATA FILE#######
999
