#######GENERAL HEADER INPUT#######
1
30
1
30
1
30
30
12
1	2	3	4	5	6	7	8	9	10	11	12
12
1	2	3	4	5	6	7	8	9	10	11	12
1
101
1
1
#######SURVEY DATA#######
30
1	2	3	4	5	6	7	8	9	10	11	12	13	14	15	16	17	18	19	20	21	22	23	24	25	26	27	28	29	30
1.33419978840154	1.40550172886367	1.21880484125136	1.22761618671459	1.20264144242399	1.60190248199705	1.53304798224141	1.26779800595834	1.14065657176691	1.22524195743274	1.10165394962596	1.21375986659606	0.933479504233091	0.912702160917983	1.13346525819814	1.03229737422293	0.974619346962202	0.753697955218908	0.85614991369289	0.71784902297076	0.71133853112827	0.602929148332731	0.667550338546001	0.586925878803089	0.584511464400009	0.482497311769096	0.643809145700245	0.516815232631	0.483998299032671	0.626866672137035
0.2	0.2	0.2	0.2	0.2	0.2	0.2	0.2	0.2	0.2	0.2	0.2	0.2	0.2	0.2	0.2	0.2	0.2	0.2	0.2	0.2	0.2	0.2	0.2	0.2	0.2	0.2	0.2	0.2	0.2
30
1	2	3	4	5	6	7	8	9	10	11	12	13	14	15	16	17	18	19	20	21	22	23	24	25	26	27	28	29	30
200	200	200	200	200	200	200	200	200	200	200	200	200	200	200	200	200	200	200	200	200	200	200	200	200	200	200	200	200	200
200	200	200	200	200	200	200	200	200	200	200	200	200	200	200	200	200	200	200	200	200	200	200	200	200	200	200	200	200	200
0.07	0.12	0.165	0.105	0.115	0.09	0.075	0.015	0.065	0.03	0.02	0.13
0.065	0.14	0.1	0.125	0.105	0.1	0.065	0.065	0.06	0.03	0.02	0.125
0.065	0.215	0.13	0.135	0.105	0.07	0.045	0.03	0.04	0.025	0.045	0.095
0.055	0.1	0.17	0.14	0.09	0.05	0.095	0.055	0.07	0.025	0.03	0.12
0.07	0.105	0.185	0.145	0.095	0.07	0.06	0.075	0.045	0.025	0.015	0.11
0.07	0.14	0.135	0.105	0.115	0.07	0.07	0.085	0.035	0.03	0.01	0.135
0.065	0.16	0.17	0.145	0.095	0.095	0.025	0.035	0.08	0.015	0.025	0.09
0.065	0.145	0.13	0.15	0.08	0.075	0.075	0.05	0.06	0.025	0.015	0.13
0.06	0.16	0.145	0.18	0.135	0.055	0.045	0.04	0.015	0.035	0.025	0.105
0.105	0.13	0.2	0.11	0.125	0.075	0.045	0.045	0.045	0.025	0.015	0.08
0.085	0.165	0.115	0.155	0.085	0.07	0.12	0.015	0.01	0.03	0.03	0.12
0.075	0.185	0.205	0.085	0.105	0.09	0.055	0.045	0.005	0.05	0.02	0.08
0.08	0.17	0.24	0.105	0.1	0.115	0.035	0.07	0.025	0.01	0.005	0.045
0.11	0.2	0.16	0.14	0.135	0.03	0.065	0.045	0.025	0.015	0.02	0.055
0.095	0.14	0.17	0.135	0.125	0.105	0.05	0.045	0.02	0.035	0.02	0.06
0.125	0.15	0.255	0.14	0.1	0.055	0.035	0.025	0.03	0.01	0.03	0.045
0.1	0.195	0.185	0.2	0.07	0.045	0.025	0.045	0.025	0.02	0.03	0.06
0.085	0.21	0.195	0.15	0.125	0.04	0.07	0.035	0.02	0	0.015	0.055
0.12	0.16	0.225	0.165	0.095	0.095	0.035	0.035	0.015	0.015	0.01	0.03
0.06	0.215	0.17	0.175	0.15	0.075	0.04	0.025	0.03	0.035	0.01	0.015
0.115	0.145	0.2	0.125	0.15	0.075	0.055	0.015	0.045	0.02	0.02	0.035
0.095	0.265	0.175	0.19	0.045	0.08	0.04	0.035	0.015	0.03	0.01	0.02
0.12	0.29	0.22	0.09	0.085	0.045	0.03	0.035	0.03	0.015	0.01	0.03
0.09	0.2	0.265	0.175	0.105	0.06	0.035	0.025	0	0.02	0.005	0.02
0.14	0.23	0.22	0.155	0.095	0.055	0.035	0.02	0.005	0.02	0.01	0.015
0.145	0.29	0.21	0.09	0.115	0.075	0.005	0.035	0.015	0	0.01	0.01
0.14	0.195	0.22	0.185	0.085	0.085	0.05	0.005	0	0.01	0.015	0.01
0.18	0.225	0.215	0.19	0.03	0.05	0.05	0.02	0.01	0.005	0	0.025
0.175	0.265	0.225	0.13	0.1	0.025	0.02	0.02	0.02	0.005	0.01	0.005
0.125	0.305	0.26	0.11	0.055	0.07	0.02	0.01	0.005	0.02	0.02	0
#######LANDINGS DATA#######
1
30
160.972633470739	473.617021806414	755.596784078622	993.804265433427	769.412578012566	1327.84438149911	1269.56566262118	2494.52079242557	1316.00602418565	1517.74416067544	1618.72723131518	1616.86725589459	1103.57034961519	1519.70254832025	1511.59064176342	1272.17421809965	2250.44916656613	1608.95412494756	1453.25096507131	1320.29041701989	1619.7606152109	1078.38608912752	1638.09440582677	1206.21121455625	1127.1319379003	973.517861883117	923.38833952102	1201.78302151908	872.104254150411	1275.96917008321
0.01	0.01	0.01	0.01	0.01	0.01	0.01	0.01	0.01	0.01	0.01	0.01	0.01	0.01	0.01	0.01	0.01	0.01	0.01	0.01	0.01	0.01	0.01	0.01	0.01	0.01	0.01	0.01	0.01	0.01
30
1	2	3	4	5	6	7	8	9	10	11	12	13	14	15	16	17	18	19	20	21	22	23	24	25	26	27	28	29	30
200	200	200	200	200	200	200	200	200	200	200	200	200	200	200	200	200	200	200	200	200	200	200	200	200	200	200	200	200	200
200	200	200	200	200	200	200	200	200	200	200	200	200	200	200	200	200	200	200	200	200	200	200	200	200	200	200	200	200	200
0.075	0.06	0.15	0.145	0.105	0.09	0.105	0.06	0.045	0.015	0.03	0.12
0.105	0.095	0.15	0.11	0.11	0.085	0.08	0.015	0.04	0.03	0.04	0.14
0.035	0.105	0.135	0.075	0.11	0.12	0.105	0.075	0.03	0.055	0.03	0.125
0.045	0.105	0.175	0.13	0.135	0.07	0.1	0.03	0.025	0.035	0.04	0.11
0.105	0.11	0.075	0.14	0.095	0.09	0.075	0.045	0.07	0.02	0.025	0.15
0.08	0.155	0.125	0.12	0.135	0.08	0.065	0.075	0.045	0.015	0.015	0.09
0.09	0.13	0.195	0.095	0.07	0.13	0.07	0.035	0.025	0.03	0.03	0.1
0.08	0.125	0.21	0.165	0.065	0.085	0.07	0.045	0.005	0.02	0.015	0.115
0.125	0.17	0.1	0.175	0.095	0.05	0.045	0.055	0.02	0.015	0.035	0.115
0.105	0.13	0.13	0.14	0.095	0.1	0.05	0.05	0.08	0.03	0.015	0.075
0.105	0.15	0.145	0.16	0.1	0.06	0.085	0.045	0.02	0.025	0.02	0.085
0.09	0.11	0.165	0.145	0.125	0.11	0.055	0.03	0.025	0.025	0.03	0.09
0.115	0.135	0.17	0.11	0.115	0.09	0.07	0.045	0.05	0.03	0.015	0.055
0.13	0.15	0.14	0.165	0.12	0.035	0.065	0.05	0.03	0.025	0.03	0.06
0.095	0.135	0.185	0.15	0.13	0.075	0.085	0.02	0.03	0.01	0.005	0.08
0.14	0.105	0.145	0.175	0.095	0.055	0.065	0.05	0.035	0.045	0.025	0.065
0.105	0.16	0.145	0.18	0.09	0.08	0.04	0.075	0.01	0.02	0.03	0.065
0.13	0.165	0.145	0.155	0.155	0.07	0.035	0.025	0.035	0.02	0.02	0.045
0.115	0.135	0.31	0.135	0.075	0.065	0.045	0.05	0.02	0.025	0.005	0.02
0.135	0.16	0.185	0.18	0.105	0.06	0.055	0.03	0.03	0.01	0.01	0.04
0.11	0.17	0.195	0.14	0.135	0.085	0.045	0.04	0.02	0.01	0.005	0.045
0.135	0.245	0.11	0.165	0.09	0.1	0.055	0.02	0.02	0.02	0.01	0.03
0.125	0.285	0.235	0.095	0.07	0.035	0.05	0.035	0.03	0.005	0.015	0.02
0.15	0.19	0.25	0.175	0.075	0.07	0.02	0.01	0.015	0.015	0.01	0.02
0.16	0.135	0.16	0.225	0.14	0.065	0.035	0.025	0.015	0.01	0.01	0.02
0.12	0.23	0.175	0.135	0.14	0.105	0.02	0.035	0.005	0.015	0.005	0.015
0.135	0.155	0.23	0.155	0.09	0.105	0.065	0.015	0.005	0.01	0.015	0.02
0.165	0.21	0.115	0.18	0.1	0.065	0.085	0.015	0.03	0.005	0.01	0.02
0.235	0.215	0.22	0.1	0.12	0.015	0.015	0.035	0.015	0.025	0.005	0
0.16	0.21	0.25	0.155	0.065	0.07	0.05	0.015	0.02	0.005	0	0
#######PARAMETER SECTION#######
800	400	1200	-4	800	-0.25	1
0.18	0.01	1	-4	0.18	-0.25	1
-1.36	-5	-0.001	-4	-1.36	-0.25	1
0.1	0.05	0.3	-4	0.1	-0.25	1
0.2	0.01	0.5	-4	0.2	-0.25	1
0.75	0.20001	1	-3	0.75	-0.25	1
13.815511	-1	200	1	13.815511	-0.25	1
0	-1	1	-4	0	-0.25	1
0.2	1e-04	1.2	-3	0.2	-0.25	1
0	-10	10	-6	0	-1	1
0	-10	10	-6	0	-1	1
2	0	12	-2	2	-0.5	1
1	0	12	-2	1	-0.5	1
2	0	12	-2	2	-0.5	1
1	0	12	-2	1	-0.5	1
1.5	0	12	-2	1.5	-0.5	1
2	0	12	-2	2	-0.5	1
-14.8682006803499	-30	5	1	-14.8682006803499	-1	1
1	0.1	2	-1	1	-1	1
-1.51930887058023	-10	1.39	1	-1.51930887058023	-1	1
#######DEV CONSTRAINTS and DEVS#######
-15	15	2
-15	15	2
-15	15	2
0	0	0	0	0	0	0	0	0	0	0	0	0	0	0	0	0	0	0	0	0	0	0	0	0	0	0	0	0	0
0	0	0	0	0	0	0	0	0	0	0	0	0	0	0	0	0	0	0	0	0	0	0	0	0	0	0	0	0	0
0	0	0	0	0	0	0	0	0	0	0
#######LIKELIHOOD WEIGHTS#######
1
1
1
1
0
1
0
0
0
#######MISCELLANEOUS STUFF SECTION#######
2.5e-08
3
0.5	0.5	0.5	0.5	0.5	0.5	0.5	0.5	0.5	0.5	0.5	0.5
0.0229773699100256	0.320821300824607	0.904650535100891	0.994779874306442	0.999738809680904	0.999986992871533	0.999999352405202	0.999999967758134	0.999999998394772	0.99999999992008	0.999999999996021	0.999999999999802
0.2	0.2	0.2	0.2	0.2	0.2	0.2	0.2	0.2	0.2	0.2	0.2
0
1
10
0.2
1
1	0	0	0	0	0	0	0	0	0	0	0
0	1	0	0	0	0	0	0	0	0	0	0
0	0	1	0	0	0	0	0	0	0	0	0
0	0	0	1	0	0	0	0	0	0	0	0
0	0	0	0	1	0	0	0	0	0	0	0
0	0	0	0	0	1	0	0	0	0	0	0
0	0	0	0	0	0	1	0	0	0	0	0
0	0	0	0	0	0	0	1	0	0	0	0
0	0	0	0	0	0	0	0	1	0	0	0
0	0	0	0	0	0	0	0	0	1	0	0
0	0	0	0	0	0	0	0	0	0	1	0
0	0	0	0	0	0	0	0	0	0	0	1
40
31
2
1
#######END OF DATA FILE#######
999
