#styr																																				
1
#endyr																																			
30
#rec_age																																	
1																																						#n_ages																																		
12
# numbers of length intervals
81
#Length	bin
10	11	12	13	14	15	16	17	18	19	20	21	22	23	24	25	26	27	28	29	30	31	32	33	34	35	36	37	38	39	40	41	42	43	44	45	46	47	48	49	50	51	52	53	54	55	56	57	58	59	60	61	62	63	64	65	66	67	68	69	70	71	72	73	74	75	76	77	78	79	80	81	82	83	84	85	86	87	88	89	90
#nfsh
1
#names_fsh
OM1																																				
#catch																																			
162.506477382528	470.191953697402	760.895827918534	995.060339643003	765.112365659257	1336.87817066412	1281.35130081798	2476.8340577777	1318.34892720048	1540.15757575756	1613.07547460329	1614.08578556367	1105.19066153711	1542.0965826311	1512.74868688761	1278.13014523249	2249.86620461088	1604.43262699973	1451.46514529874	1322.31152705327	1622.84073644552	1080.44850597998	1642.95915330782	1211.97877895879	1112.90928218623	974.001937068604	934.933480617691	1209.33988430943	882.298478464659	1273.26151053289
#catch_cv																																		
0.01	0.01	0.01	0.01	0.01	0.01	0.01	0.01	0.01	0.01	0.01	0.01	0.01	0.01	0.01	0.01	0.01	0.01	0.01	0.01	0.01	0.01	0.01	0.01	0.01	0.01	0.01	0.01	0.01	0.01
#n_ages_fsh																															
30																			
#n_lengths_fsh																															
0																																						
#yrs_ages_fsh																																
1	2	3	4	5	6	7	8	9	10	11	12	13	14	15	16	17	18	19	20	21	22	23	24	25	26	27	28	29	30						
#sample_ages_fsh																														
200	200	200	200	200	200	200	200	200	200	200	200	200	200	200	200	200	200	200	200	200	200	200	200	200	200	200	200	200	200
#page_fsh	2	3	4	5	6	7	8	9	10	11																						
0.08	0.1	0.075	0.12	0.12	0.095	0.06	0.07	0.065	0.055	0.03	0.13
0.105	0.15	0.125	0.115	0.08	0.085	0.06	0.06	0.055	0.015	0.02	0.13
0.09	0.095	0.13	0.15	0.065	0.06	0.08	0.06	0.06	0.055	0.02	0.135
0.07	0.08	0.11	0.13	0.095	0.115	0.08	0.065	0.045	0.05	0.045	0.115
0.09	0.09	0.13	0.15	0.105	0.1	0.045	0.065	0.035	0.05	0.03	0.11
0.065	0.12	0.075	0.15	0.16	0.065	0.06	0.04	0.05	0.025	0.035	0.155
0.075	0.11	0.17	0.07	0.125	0.08	0.08	0.045	0.06	0.045	0.045	0.095
0.1	0.105	0.14	0.17	0.085	0.085	0.065	0.025	0.05	0.025	0.015	0.135
0.105	0.15	0.135	0.135	0.135	0.055	0.085	0.05	0.025	0.035	0.015	0.075
0.095	0.105	0.16	0.155	0.11	0.115	0.045	0.03	0.04	0.03	0.02	0.095
0.12	0.165	0.13	0.14	0.085	0.08	0.09	0.01	0.01	0.035	0.03	0.105
0.065	0.11	0.155	0.125	0.125	0.06	0.1	0.065	0.03	0.04	0.025	0.1
0.1	0.13	0.14	0.145	0.085	0.055	0.065	0.05	0.055	0.02	0.035	0.12
0.135	0.16	0.16	0.135	0.075	0.065	0.06	0.07	0.035	0.02	0.025	0.06
0.105	0.15	0.13	0.16	0.09	0.085	0.08	0.07	0.015	0.02	0.03	0.065
0.115	0.15	0.2	0.165	0.09	0.07	0.055	0.03	0.04	0.02	0.015	0.05
0.115	0.18	0.14	0.13	0.135	0.04	0.075	0.055	0.035	0.02	0.015	0.06
0.12	0.185	0.185	0.1	0.13	0.08	0.03	0.045	0.03	0.03	0.035	0.03
0.085	0.12	0.24	0.17	0.125	0.07	0.055	0.025	0.025	0.035	0	0.05
0.105	0.165	0.185	0.195	0.12	0.06	0.055	0.025	0.02	0.02	0.005	0.045
0.2	0.14	0.21	0.105	0.125	0.08	0.035	0.035	0.01	0.015	0	0.045
0.175	0.255	0.125	0.105	0.08	0.07	0.07	0.035	0.025	0.015	0.01	0.035
0.13	0.22	0.245	0.15	0.1	0.04	0.025	0.05	0.005	0.005	0.005	0.025
0.105	0.185	0.315	0.18	0.075	0.075	0.04	0	0.01	0	0	0.015
0.19	0.155	0.16	0.19	0.1	0.045	0.065	0.025	0.03	0.02	0.005	0.015
0.13	0.215	0.205	0.15	0.1	0.07	0.06	0.01	0.015	0.025	0.015	0.005
0.175	0.125	0.26	0.12	0.09	0.08	0.045	0.055	0.03	0.015	0	0.005
0.23	0.2	0.155	0.19	0.105	0.04	0.015	0.025	0	0.015	0.005	0.02
0.255	0.215	0.155	0.14	0.105	0.08	0.01	0.02	0.01	0	0.005	0.005
0.15	0.205	0.225	0.125	0.105	0.075	0.04	0.035	0.02	0.01	0	0.01
#wt_age_fsh	1 2	3	4	5	6	7	8	9	10	11																				
0.000530656	0.001196328	0.002058265	0.003034987	0.004055212	0.005064698	0.006026226	0.006916921	0.007724891	0.008446113	0.009081853	0.009636695
0.000530656	0.001196328	0.002058265	0.003034987	0.004055212	0.005064698	0.006026226	0.006916921	0.007724891	0.008446113	0.009081853	0.009636695
0.000530656	0.001196328	0.002058265	0.003034987	0.004055212	0.005064698	0.006026226	0.006916921	0.007724891	0.008446113	0.009081853	0.009636695
0.000530656	0.001196328	0.002058265	0.003034987	0.004055212	0.005064698	0.006026226	0.006916921	0.007724891	0.008446113	0.009081853	0.009636695
0.000530656	0.001196328	0.002058265	0.003034987	0.004055212	0.005064698	0.006026226	0.006916921	0.007724891	0.008446113	0.009081853	0.009636695
0.000530656	0.001196328	0.002058265	0.003034987	0.004055212	0.005064698	0.006026226	0.006916921	0.007724891	0.008446113	0.009081853	0.009636695
0.000530656	0.001196328	0.002058265	0.003034987	0.004055212	0.005064698	0.006026226	0.006916921	0.007724891	0.008446113	0.009081853	0.009636695
0.000530656	0.001196328	0.002058265	0.003034987	0.004055212	0.005064698	0.006026226	0.006916921	0.007724891	0.008446113	0.009081853	0.009636695
0.000530656	0.001196328	0.002058265	0.003034987	0.004055212	0.005064698	0.006026226	0.006916921	0.007724891	0.008446113	0.009081853	0.009636695
0.000530656	0.001196328	0.002058265	0.003034987	0.004055212	0.005064698	0.006026226	0.006916921	0.007724891	0.008446113	0.009081853	0.009636695
0.000530656	0.001196328	0.002058265	0.003034987	0.004055212	0.005064698	0.006026226	0.006916921	0.007724891	0.008446113	0.009081853	0.009636695
0.000530656	0.001196328	0.002058265	0.003034987	0.004055212	0.005064698	0.006026226	0.006916921	0.007724891	0.008446113	0.009081853	0.009636695
0.000530656	0.001196328	0.002058265	0.003034987	0.004055212	0.005064698	0.006026226	0.006916921	0.007724891	0.008446113	0.009081853	0.009636695
0.000530656	0.001196328	0.002058265	0.003034987	0.004055212	0.005064698	0.006026226	0.006916921	0.007724891	0.008446113	0.009081853	0.009636695
0.000530656	0.001196328	0.002058265	0.003034987	0.004055212	0.005064698	0.006026226	0.006916921	0.007724891	0.008446113	0.009081853	0.009636695
0.000530656	0.001196328	0.002058265	0.003034987	0.004055212	0.005064698	0.006026226	0.006916921	0.007724891	0.008446113	0.009081853	0.009636695
0.000530656	0.001196328	0.002058265	0.003034987	0.004055212	0.005064698	0.006026226	0.006916921	0.007724891	0.008446113	0.009081853	0.009636695
0.000530656	0.001196328	0.002058265	0.003034987	0.004055212	0.005064698	0.006026226	0.006916921	0.007724891	0.008446113	0.009081853	0.009636695
0.000530656	0.001196328	0.002058265	0.003034987	0.004055212	0.005064698	0.006026226	0.006916921	0.007724891	0.008446113	0.009081853	0.009636695
0.000530656	0.001196328	0.002058265	0.003034987	0.004055212	0.005064698	0.006026226	0.006916921	0.007724891	0.008446113	0.009081853	0.009636695
0.000530656	0.001196328	0.002058265	0.003034987	0.004055212	0.005064698	0.006026226	0.006916921	0.007724891	0.008446113	0.009081853	0.009636695
0.000530656	0.001196328	0.002058265	0.003034987	0.004055212	0.005064698	0.006026226	0.006916921	0.007724891	0.008446113	0.009081853	0.009636695
0.000530656	0.001196328	0.002058265	0.003034987	0.004055212	0.005064698	0.006026226	0.006916921	0.007724891	0.008446113	0.009081853	0.009636695
0.000530656	0.001196328	0.002058265	0.003034987	0.004055212	0.005064698	0.006026226	0.006916921	0.007724891	0.008446113	0.009081853	0.009636695
0.000530656	0.001196328	0.002058265	0.003034987	0.004055212	0.005064698	0.006026226	0.006916921	0.007724891	0.008446113	0.009081853	0.009636695
0.000530656	0.001196328	0.002058265	0.003034987	0.004055212	0.005064698	0.006026226	0.006916921	0.007724891	0.008446113	0.009081853	0.009636695
0.000530656	0.001196328	0.002058265	0.003034987	0.004055212	0.005064698	0.006026226	0.006916921	0.007724891	0.008446113	0.009081853	0.009636695
0.000530656	0.001196328	0.002058265	0.003034987	0.004055212	0.005064698	0.006026226	0.006916921	0.007724891	0.008446113	0.009081853	0.009636695
0.000530656	0.001196328	0.002058265	0.003034987	0.004055212	0.005064698	0.006026226	0.006916921	0.007724891	0.008446113	0.009081853	0.009636695
0.000530656	0.001196328	0.002058265	0.003034987	0.004055212	0.005064698	0.006026226	0.006916921	0.007724891	0.008446113	0.009081853	0.009636695

#nind
1
#ind_names																																	
survey_index1																																
#nobs_ind
30
#yrs_ind																																		
1	2	3	4	5	6	7	8	9	10	11	12	13	14	15	16	17	18	19	20	21	22	23	24	25	26	27	28	29	30	
#month_ind																																	
1																																						
#biom_ind																																		
1.36983493156505	1.70512400650579	1.38490245012231	1.48333731161196	1.50634296960618	1.56137768183076	1.28134798936242	1.24665652665282	1.31242184599009	1.33028771204406	1.06696952415402	0.984574589874345	0.876710419920524	1.1244893941275	1.04959485936412	1.0741443341586	1.06490817902271	0.825678798276836	0.728262599112715	0.773494411641041	0.600384309013796	0.703261187147262	0.649516644506238	0.571508633007291	0.510225062501942	0.549184759694645	0.524619851172848	0.598579299539667	0.490616222867613	0.511988122651096
#biom_cv																				
0.273966986313011	0.341024801301158	0.276980490024463	0.296667462322393	0.301268593921235	0.312275536366151	0.256269597872484	0.249331305330565	0.262484369198019	0.266057542408813	0.213393904830804	0.196914917974869	0.175342083984105	0.224897878825499	0.209918971872824	0.21482886683172	0.212981635804542	0.165135759655367	0.145652519822543	0.154698882328208	0.120076861802759	0.140652237429452	0.129903328901248	0.114301726601458	0.102045012500388	0.109836951938929	0.10492397023457	0.119715859907933	0.0981232445735226	0.102397624530219
#n_ages_ind																																	
30			
#n_lengths_ind																															
0																																						
#yrs_ages_ind																																
1	2	3	4	5	6	7	8	9	10	11	12	13	14	15	16	17	18	19	20	21	22	23	24	25	26	27	28	29	30																						
#sample_ages_ind																														
200	200	200	200	200	200	200	200	200	200	200	200	200	200	200	200	200	200	200	200	200	200	200	200	200	200	200	200	200	200
#page_ind																																		
0.06	0.15	0.145	0.105	0.095	0.07	0.095	0.085	0.04	0.035	0.025	0.095
0.085	0.105	0.155	0.14	0.115	0.1	0.045	0.04	0.035	0.025	0.025	0.13
0.08	0.14	0.125	0.105	0.11	0.11	0.07	0.04	0.04	0.015	0.025	0.14
0.055	0.12	0.205	0.1	0.13	0.045	0.085	0.055	0.035	0.03	0.035	0.105
0.06	0.185	0.115	0.14	0.09	0.075	0.05	0.075	0.01	0.03	0.025	0.145
0.145	0.18	0.095	0.1	0.12	0.09	0.035	0.03	0.025	0.035	0.02	0.125
0.065	0.185	0.23	0.095	0.065	0.09	0.04	0.08	0.03	0.035	0.02	0.065
0.06	0.1	0.16	0.24	0.085	0.085	0.085	0.03	0.045	0.02	0.01	0.08
0.07	0.205	0.135	0.14	0.155	0.03	0.065	0.045	0.035	0.02	0.015	0.085
0.11	0.135	0.215	0.09	0.125	0.095	0.045	0.035	0.035	0.015	0.03	0.07
0.075	0.16	0.195	0.195	0.07	0.085	0.07	0.045	0.01	0.015	0.02	0.06
0.075	0.18	0.165	0.145	0.1	0.06	0.075	0.055	0.03	0.015	0.015	0.085
0.08	0.15	0.24	0.12	0.08	0.105	0.055	0.055	0.035	0.005	0.01	0.065
0.13	0.155	0.135	0.165	0.095	0.085	0.06	0.03	0.05	0.01	0.015	0.07
0.115	0.225	0.155	0.115	0.09	0.085	0.055	0.045	0.03	0.03	0.02	0.035
0.08	0.19	0.235	0.1	0.12	0.07	0.055	0.035	0.01	0.025	0.025	0.055
0.085	0.245	0.18	0.105	0.06	0.055	0.07	0.03	0.045	0.03	0.015	0.08
0.09	0.225	0.18	0.145	0.105	0.065	0.07	0.035	0.01	0.025	0.01	0.04
0.055	0.225	0.22	0.16	0.12	0.06	0.045	0.03	0.02	0.02	0.005	0.04
0.125	0.17	0.185	0.175	0.085	0.06	0.055	0.065	0.025	0.015	0.03	0.01
0.18	0.13	0.235	0.135	0.12	0.09	0.02	0.025	0.005	0.015	0.005	0.04
0.14	0.27	0.175	0.175	0.055	0.04	0.065	0.02	0.02	0.015	0.015	0.01
0.13	0.31	0.21	0.095	0.075	0.045	0.045	0.035	0.02	0.01	0.01	0.015
0.14	0.155	0.31	0.175	0.08	0.055	0.025	0.02	0.02	0	0.01	0.01
0.125	0.175	0.225	0.165	0.1	0.03	0.05	0.01	0.05	0.035	0.015	0.02
0.085	0.28	0.205	0.18	0.135	0.05	0.015	0.02	0.01	0.005	0.005	0.01
0.15	0.22	0.24	0.13	0.105	0.045	0.045	0.01	0.03	0.015	0	0.01
0.14	0.245	0.22	0.195	0.07	0.055	0.035	0.015	0.01	0	0	0.015
0.155	0.345	0.23	0.095	0.09	0.03	0.025	0.01	0.005	0.005	0	0.01
0.1	0.305	0.205	0.115	0.07	0.095	0.025	0.015	0.02	0.045	0	0.005
#wt_age_ind																																	
1 1 1 1 1 1 1 1 1 1 1 1 
1 1 1 1 1 1 1 1 1 1 1 1 
1 1 1 1 1 1 1 1 1 1 1 1 
1 1 1 1 1 1 1 1 1 1 1 1 
1 1 1 1 1 1 1 1 1 1 1 1 
1 1 1 1 1 1 1 1 1 1 1 1 
1 1 1 1 1 1 1 1 1 1 1 1 
1 1 1 1 1 1 1 1 1 1 1 1 
1 1 1 1 1 1 1 1 1 1 1 1 
1 1 1 1 1 1 1 1 1 1 1 1 
1 1 1 1 1 1 1 1 1 1 1 1 
1 1 1 1 1 1 1 1 1 1 1 1 
1 1 1 1 1 1 1 1 1 1 1 1 
1 1 1 1 1 1 1 1 1 1 1 1 
1 1 1 1 1 1 1 1 1 1 1 1 
1 1 1 1 1 1 1 1 1 1 1 1 
1 1 1 1 1 1 1 1 1 1 1 1 
1 1 1 1 1 1 1 1 1 1 1 1 
1 1 1 1 1 1 1 1 1 1 1 1 
1 1 1 1 1 1 1 1 1 1 1 1 
1 1 1 1 1 1 1 1 1 1 1 1 
1 1 1 1 1 1 1 1 1 1 1 1 
1 1 1 1 1 1 1 1 1 1 1 1 
1 1 1 1 1 1 1 1 1 1 1 1 
1 1 1 1 1 1 1 1 1 1 1 1 
1 1 1 1 1 1 1 1 1 1 1 1 
1 1 1 1 1 1 1 1 1 1 1 1 
1 1 1 1 1 1 1 1 1 1 1 1 
1 1 1 1 1 1 1 1 1 1 1 1 
1 1 1 1 1 1 1 1 1 1 1 1 
# wt_pop
0.000530656	0.001196328	0.002058265	0.003034987	0.004055212	0.005064698	0.006026226	0.006916921	0.007724891	0.008446113	0.009081853	0.009636695
#maturity
0.02297737 0.32082130 0.90465054 0.99477987 0.99973881 0.99998699 0.99999935 0.99999997 1 1 1 1
#spmonth																																		
1		
#age_err																																		
1	0	0	0	0	0	0	0	0	0	0	0
0	1	0	0	0	0	0	0	0	0	0	0
0	0	1	0	0	0	0	0	0	0	0	0
0	0	0	1	0	0	0	0	0	0	0	0
0	0	0	0	1	0	0	0	0	0	0	0
0	0	0	0	0	1	0	0	0	0	0	0
0	0	0	0	0	0	1	0	0	0	0	0
0	0	0	0	0	0	0	1	0	0	0	0
0	0	0	0	0	0	0	0	1	0	0	0
0	0	0	0	0	0	0	0	0	1	0	0
0	0	0	0	0	0	0	0	0	0	1	0
0	0	0	0	0	0	0	0	0	0	0	1																														
