#######GENERAL HEADER INPUT#######
1
30
1
30
1
30
30
12
1	2	3	4	5	6	7	8	9	10	11	12
12
1	2	3	4	5	6	7	8	9	10	11	12
1
101
1
1
#######SURVEY DATA#######
30
1	2	3	4	5	6	7	8	9	10	11	12	13	14	15	16	17	18	19	20	21	22	23	24	25	26	27	28	29	30
1.6215872483499	1.56370850795491	1.76601205277166	1.49768497147961	1.43090759046186	1.46478465769245	1.34386717281987	1.49617275445726	1.30401928083037	1.21368839558521	1.3027350570756	1.33125717726301	1.06678917391173	1.16523424385279	0.863535303228403	1.10141300499206	1.00207372025951	0.858130087185653	0.797368491859449	0.750723656175579	0.774985697451109	0.808504960523754	0.680691006041471	0.480339126923336	0.43412601630768	0.550747344333456	0.633785433586509	0.535710448045571	0.558595823567014	0.532391591040664
0.2	0.2	0.2	0.2	0.2	0.2	0.2	0.2	0.2	0.2	0.2	0.2	0.2	0.2	0.2	0.2	0.2	0.2	0.2	0.2	0.2	0.2	0.2	0.2	0.2	0.2	0.2	0.2	0.2	0.2
30
1	2	3	4	5	6	7	8	9	10	11	12	13	14	15	16	17	18	19	20	21	22	23	24	25	26	27	28	29	30
200	200	200	200	200	200	200	200	200	200	200	200	200	200	200	200	200	200	200	200	200	200	200	200	200	200	200	200	200	200
200	200	200	200	200	200	200	200	200	200	200	200	200	200	200	200	200	200	200	200	200	200	200	200	200	200	200	200	200	200
0.065	0.14	0.16	0.08	0.115	0.115	0.07	0.055	0.025	0.055	0.03	0.09
0.1	0.12	0.135	0.175	0.075	0.055	0.055	0.07	0.02	0.06	0.03	0.105
0.035	0.11	0.215	0.13	0.105	0.06	0.05	0.025	0.045	0.025	0.05	0.15
0.05	0.12	0.165	0.135	0.105	0.075	0.065	0.09	0.025	0.06	0.02	0.09
0.085	0.165	0.14	0.16	0.1	0.04	0.075	0.07	0.02	0.015	0.02	0.11
0.08	0.175	0.125	0.13	0.095	0.1	0.05	0.045	0.015	0.015	0.045	0.125
0.055	0.16	0.185	0.055	0.12	0.09	0.055	0.05	0.055	0.04	0.035	0.1
0.08	0.105	0.18	0.135	0.105	0.065	0.075	0.06	0.05	0.025	0.015	0.105
0.075	0.155	0.155	0.175	0.12	0.03	0.07	0.075	0.03	0.035	0.035	0.045
0.065	0.13	0.125	0.16	0.12	0.085	0.04	0.055	0.04	0.025	0.035	0.12
0.095	0.19	0.165	0.14	0.06	0.085	0.08	0.025	0.01	0.05	0.005	0.095
0.05	0.18	0.21	0.11	0.125	0.05	0.04	0.105	0.015	0.02	0.01	0.085
0.07	0.165	0.155	0.2	0.095	0.115	0.05	0.02	0.035	0.015	0.005	0.075
0.085	0.155	0.175	0.205	0.1	0.065	0.065	0.03	0.02	0.025	0.02	0.055
0.06	0.18	0.165	0.14	0.12	0.09	0.08	0.035	0.035	0.015	0.02	0.06
0.1	0.18	0.235	0.155	0.095	0.06	0.045	0.045	0.04	0.005	0.005	0.035
0.125	0.2	0.19	0.135	0.07	0.065	0.035	0.035	0.045	0.02	0	0.08
0.06	0.225	0.26	0.115	0.115	0.07	0.055	0.015	0.035	0.01	0.01	0.03
0.12	0.17	0.195	0.17	0.1	0.1	0.065	0.01	0.025	0.02	0	0.025
0.075	0.22	0.18	0.175	0.095	0.065	0.07	0.03	0.035	0.025	0.015	0.015
0.135	0.215	0.205	0.085	0.16	0.04	0.04	0.04	0.035	0.02	0.005	0.02
0.115	0.29	0.115	0.14	0.12	0.085	0.065	0.015	0.01	0.005	0.015	0.025
0.09	0.29	0.23	0.105	0.105	0.065	0.035	0.04	0.005	0.02	0.005	0.01
0.09	0.235	0.28	0.175	0.07	0.05	0.035	0.015	0.02	0.01	0.005	0.015
0.155	0.18	0.24	0.17	0.105	0.05	0.035	0.015	0.015	0.02	0.005	0.01
0.13	0.315	0.18	0.155	0.07	0.08	0.03	0.015	0	0.01	0.005	0.01
0.135	0.24	0.235	0.15	0.06	0.06	0.05	0.01	0.015	0	0.015	0.03
0.14	0.21	0.18	0.21	0.075	0.07	0.04	0.045	0.01	0.01	0	0.01
0.195	0.285	0.16	0.135	0.11	0.065	0.005	0.01	0.01	0.01	0.01	0.005
0.1	0.32	0.26	0.14	0.065	0.06	0.02	0.01	0.025	0	0	0
#######LANDINGS DATA#######
1
30
161.958812815313	464.284912751642	757.748789058848	989.993359349247	762.137863105927	1327.99074065572	1276.06185712483	2466.032069298	1318.15028766899	1523.05000899482	1621.58116195921	1609.359488905	1104.34658626568	1520.09329637473	1510.29357707022	1273.31423715326	2230.42614215187	1606.97061837345	1446.14885915088	1316.1966882351	1620.03088012706	1071.47448416708	1621.86448588624	1216.28362462877	1112.67776807209	974.202570292129	934.008638944293	1206.2977825113	867.889584213883	1280.85193007045
0.01	0.01	0.01	0.01	0.01	0.01	0.01	0.01	0.01	0.01	0.01	0.01	0.01	0.01	0.01	0.01	0.01	0.01	0.01	0.01	0.01	0.01	0.01	0.01	0.01	0.01	0.01	0.01	0.01	0.01
30
1	2	3	4	5	6	7	8	9	10	11	12	13	14	15	16	17	18	19	20	21	22	23	24	25	26	27	28	29	30
200	200	200	200	200	200	200	200	200	200	200	200	200	200	200	200	200	200	200	200	200	200	200	200	200	200	200	200	200	200
200	200	200	200	200	200	200	200	200	200	200	200	200	200	200	200	200	200	200	200	200	200	200	200	200	200	200	200	200	200
0.055	0.105	0.16	0.12	0.115	0.08	0.065	0.04	0.055	0.035	0.025	0.145
0.06	0.095	0.13	0.18	0.115	0.09	0.06	0.055	0.035	0.005	0.035	0.14
0.085	0.16	0.145	0.095	0.09	0.07	0.05	0.02	0.035	0.03	0.05	0.17
0.05	0.085	0.175	0.155	0.12	0.08	0.07	0.05	0.045	0.045	0.015	0.11
0.135	0.085	0.095	0.14	0.085	0.09	0.07	0.075	0.035	0.02	0.015	0.155
0.08	0.165	0.1	0.1	0.09	0.08	0.06	0.08	0.05	0.045	0.035	0.115
0.1	0.16	0.16	0.105	0.09	0.105	0.06	0.045	0.035	0.02	0.03	0.09
0.08	0.125	0.185	0.16	0.075	0.035	0.095	0.04	0.04	0.04	0.035	0.09
0.06	0.125	0.12	0.19	0.145	0.04	0.065	0.04	0.03	0.045	0.04	0.1
0.135	0.11	0.19	0.095	0.14	0.085	0.05	0.03	0.045	0.025	0.015	0.08
0.105	0.135	0.145	0.17	0.075	0.085	0.095	0.03	0.02	0.025	0.025	0.09
0.085	0.2	0.165	0.1	0.13	0.05	0.095	0.065	0.045	0.025	0.015	0.025
0.045	0.165	0.15	0.18	0.105	0.095	0.06	0.04	0.025	0.035	0.015	0.085
0.105	0.15	0.16	0.15	0.09	0.065	0.065	0.055	0.035	0.04	0.02	0.065
0.095	0.16	0.14	0.12	0.12	0.07	0.07	0.055	0.04	0.045	0.035	0.05
0.075	0.16	0.165	0.14	0.095	0.105	0.095	0.03	0.035	0.025	0.005	0.07
0.125	0.245	0.15	0.125	0.11	0.06	0.035	0.04	0.035	0.015	0.02	0.04
0.06	0.19	0.215	0.13	0.1	0.075	0.03	0.065	0.055	0.025	0.015	0.04
0.12	0.16	0.205	0.145	0.12	0.09	0.045	0.03	0.025	0.005	0.01	0.045
0.13	0.225	0.125	0.185	0.12	0.055	0.045	0.01	0.035	0.025	0.005	0.04
0.155	0.185	0.145	0.15	0.145	0.07	0.025	0.035	0.02	0.01	0.005	0.055
0.15	0.16	0.165	0.195	0.095	0.085	0.06	0.025	0.015	0.005	0.015	0.03
0.125	0.23	0.225	0.09	0.1	0.06	0.06	0.045	0.02	0.005	0.01	0.03
0.095	0.14	0.26	0.195	0.085	0.08	0.035	0.04	0.025	0.02	0.01	0.015
0.17	0.19	0.17	0.2	0.095	0.05	0.045	0.025	0.02	0.01	0.005	0.02
0.12	0.255	0.16	0.14	0.15	0.09	0.02	0.02	0.01	0.015	0.005	0.015
0.18	0.17	0.22	0.13	0.13	0.095	0.04	0.01	0.01	0.005	0.005	0.005
0.165	0.2	0.17	0.185	0.135	0.055	0.04	0.015	0.005	0.005	0.005	0.02
0.18	0.23	0.175	0.14	0.15	0.06	0.015	0.03	0	0.01	0.005	0.005
0.17	0.3	0.215	0.135	0.065	0.04	0.025	0.02	0.01	0.01	0.01	0
#######PARAMETER SECTION#######
800	400	1200	-4	800	-0.25	1
0.18	0.01	1	-4	0.18	-0.25	1
-1.36	-5	-0.001	-4	-1.36	-0.25	1
0.1	0.05	0.3	-4	0.1	-0.25	1
0.2	0.01	0.5	-4	0.2	-0.25	1
0.75	0.20001	1	-3	0.75	-0.25	1
13.815511	-1	200	1	13.815511	-0.25	1
0	-1	1	-4	0	-0.25	1
0.2	1e-04	1.2	-3	0.2	-0.25	1
0	-10	10	-6	0	-1	1
0	-10	10	-6	0	-1	1
2	0	12	-2	2	-0.5	1
1	0	12	-2	1	-0.5	1
2	0	12	-2	2	-0.5	1
1	0	12	-2	1	-0.5	1
1.5	0	12	-2	1.5	-0.5	1
2	0	12	-2	2	-0.5	1
-14.8682006803499	-30	5	1	-14.8682006803499	-1	1
1	0.1	2	-1	1	-1	1
-1.51930887058023	-10	1.39	1	-1.51930887058023	-1	1
#######DEV CONSTRAINTS and DEVS#######
-15	15	2
-15	15	2
-15	15	2
0	0	0	0	0	0	0	0	0	0	0	0	0	0	0	0	0	0	0	0	0	0	0	0	0	0	0	0	0	0
0	0	0	0	0	0	0	0	0	0	0	0	0	0	0	0	0	0	0	0	0	0	0	0	0	0	0	0	0	0
0	0	0	0	0	0	0	0	0	0	0
#######LIKELIHOOD WEIGHTS#######
1
1
1
1
0
1
0
0
0
#######MISCELLANEOUS STUFF SECTION#######
2.5e-08
3
0.5	0.5	0.5	0.5	0.5	0.5	0.5	0.5	0.5	0.5	0.5	0.5
0.0229773699100256	0.320821300824607	0.904650535100891	0.994779874306442	0.999738809680904	0.999986992871533	0.999999352405202	0.999999967758134	0.999999998394772	0.99999999992008	0.999999999996021	0.999999999999802
0.2	0.2	0.2	0.2	0.2	0.2	0.2	0.2	0.2	0.2	0.2	0.2
0
1
10
0.2
1
1	0	0	0	0	0	0	0	0	0	0	0
0	1	0	0	0	0	0	0	0	0	0	0
0	0	1	0	0	0	0	0	0	0	0	0
0	0	0	1	0	0	0	0	0	0	0	0
0	0	0	0	1	0	0	0	0	0	0	0
0	0	0	0	0	1	0	0	0	0	0	0
0	0	0	0	0	0	1	0	0	0	0	0
0	0	0	0	0	0	0	1	0	0	0	0
0	0	0	0	0	0	0	0	1	0	0	0
0	0	0	0	0	0	0	0	0	1	0	0
0	0	0	0	0	0	0	0	0	0	1	0
0	0	0	0	0	0	0	0	0	0	0	1
40
31
2
1
#######END OF DATA FILE#######
999
