#######GENERAL HEADER INPUT#######
1
30
1
30
1
30
30
12
1	2	3	4	5	6	7	8	9	10	11	12
12
1	2	3	4	5	6	7	8	9	10	11	12
1
101
1
1
#######SURVEY DATA#######
30
1	2	3	4	5	6	7	8	9	10	11	12	13	14	15	16	17	18	19	20	21	22	23	24	25	26	27	28	29	30
1.54447539300258	1.74500699545556	1.36513274382263	1.60355109890866	1.23188985111289	1.27315817591928	1.59416296550242	1.68670244413949	1.24442756814877	1.3634176621489	1.14095455401161	1.13545101793645	0.984245632490937	1.0354128455648	1.07083124934924	0.946621188797021	0.916472840453905	0.922464854096583	0.878755220833232	0.791132112240576	0.703321679359573	0.724014207922092	0.801199032137241	0.691192863205822	0.586505892691298	0.523727165004833	0.513079519016589	0.509108178951229	0.484161430736345	0.515948169649455
0.2	0.2	0.2	0.2	0.2	0.2	0.2	0.2	0.2	0.2	0.2	0.2	0.2	0.2	0.2	0.2	0.2	0.2	0.2	0.2	0.2	0.2	0.2	0.2	0.2	0.2	0.2	0.2	0.2	0.2
30
1	2	3	4	5	6	7	8	9	10	11	12	13	14	15	16	17	18	19	20	21	22	23	24	25	26	27	28	29	30
200	200	200	200	200	200	200	200	200	200	200	200	200	200	200	200	200	200	200	200	200	200	200	200	200	200	200	200	200	200
200	200	200	200	200	200	200	200	200	200	200	200	200	200	200	200	200	200	200	200	200	200	200	200	200	200	200	200	200	200
0.06	0.085	0.2	0.075	0.1	0.09	0.04	0.11	0.025	0.04	0.02	0.155
0.1	0.14	0.15	0.1	0.105	0.05	0.06	0.055	0.045	0.055	0.035	0.105
0.07	0.095	0.145	0.145	0.09	0.065	0.115	0.035	0.035	0.045	0.05	0.11
0.075	0.13	0.16	0.135	0.09	0.045	0.07	0.055	0.06	0.035	0.035	0.11
0.095	0.105	0.195	0.15	0.06	0.105	0.065	0.05	0.025	0.045	0.015	0.09
0.08	0.155	0.145	0.135	0.135	0.05	0.06	0.055	0.025	0.03	0.015	0.115
0.085	0.175	0.22	0.105	0.05	0.06	0.06	0.065	0.035	0.035	0.025	0.085
0.06	0.11	0.21	0.19	0.1	0.045	0.075	0.055	0.045	0.02	0.025	0.065
0.09	0.185	0.115	0.205	0.135	0.055	0.025	0.05	0.035	0.025	0.015	0.065
0.065	0.13	0.17	0.15	0.14	0.095	0.03	0.04	0.035	0.04	0.01	0.095
0.1	0.215	0.14	0.09	0.095	0.115	0.06	0.05	0.035	0.015	0.015	0.07
0.075	0.205	0.16	0.14	0.11	0.065	0.06	0.035	0.015	0.03	0.015	0.09
0.075	0.165	0.18	0.13	0.105	0.165	0.03	0.045	0.025	0.02	0.01	0.05
0.095	0.185	0.16	0.135	0.125	0.085	0.07	0.025	0.025	0.03	0.01	0.055
0.09	0.185	0.18	0.11	0.12	0.065	0.07	0.06	0.015	0.04	0.025	0.04
0.075	0.175	0.215	0.14	0.12	0.07	0.09	0.04	0.01	0	0.015	0.05
0.09	0.265	0.19	0.11	0.065	0.08	0.065	0.045	0.03	0.02	0.005	0.035
0.065	0.3	0.18	0.1	0.11	0.065	0.065	0.035	0.02	0.01	0.005	0.045
0.07	0.16	0.19	0.2	0.12	0.075	0.05	0.03	0.025	0.03	0.005	0.045
0.085	0.25	0.15	0.19	0.12	0.05	0.055	0.025	0.005	0.04	0	0.03
0.16	0.15	0.215	0.125	0.12	0.075	0.05	0.03	0.035	0.01	0.015	0.015
0.1	0.375	0.145	0.155	0.08	0.045	0.03	0.025	0.015	0.005	0.01	0.015
0.055	0.31	0.28	0.1	0.065	0.06	0.04	0.04	0.015	0	0.005	0.03
0.09	0.245	0.22	0.24	0.06	0.055	0.035	0.02	0.02	0.005	0	0.01
0.115	0.195	0.185	0.2	0.14	0.05	0.035	0.025	0.03	0.005	0.005	0.015
0.11	0.295	0.165	0.165	0.115	0.08	0.015	0.01	0.005	0.015	0.01	0.015
0.12	0.2	0.28	0.16	0.065	0.075	0.075	0.01	0.01	0	0.005	0
0.085	0.255	0.2	0.21	0.075	0.05	0.08	0.025	0.015	0.005	0	0
0.125	0.295	0.23	0.125	0.09	0.03	0.05	0.03	0.01	0	0.005	0.01
0.145	0.305	0.24	0.145	0.07	0.03	0.015	0.02	0.015	0	0	0.015
#######LANDINGS DATA#######
1
30
161.154017506259	465.990549202969	756.435233271989	1000.42328541551	763.224329278429	1320.76015955491	1270.1070299283	2495.77258948447	1329.3730441978	1532.6078088444	1626.44313910475	1618.44121125745	1106.62222793003	1535.22756573624	1511.92346543779	1274.98158244747	2241.78817137442	1622.29355691691	1463.26023507594	1316.12084116986	1624.53020735366	1078.91869529175	1633.13974862312	1207.70410680936	1108.73336094341	980.18453568718	919.421792552404	1199.53161910205	870.003777047238	1278.14758091609
0.01	0.01	0.01	0.01	0.01	0.01	0.01	0.01	0.01	0.01	0.01	0.01	0.01	0.01	0.01	0.01	0.01	0.01	0.01	0.01	0.01	0.01	0.01	0.01	0.01	0.01	0.01	0.01	0.01	0.01
30
1	2	3	4	5	6	7	8	9	10	11	12	13	14	15	16	17	18	19	20	21	22	23	24	25	26	27	28	29	30
200	200	200	200	200	200	200	200	200	200	200	200	200	200	200	200	200	200	200	200	200	200	200	200	200	200	200	200	200	200
200	200	200	200	200	200	200	200	200	200	200	200	200	200	200	200	200	200	200	200	200	200	200	200	200	200	200	200	200	200
0.075	0.14	0.105	0.08	0.095	0.055	0.085	0.075	0.06	0.04	0.045	0.145
0.115	0.11	0.095	0.18	0.075	0.09	0.045	0.07	0.055	0.035	0.015	0.115
0.065	0.1	0.09	0.14	0.08	0.085	0.08	0.07	0.035	0.045	0.05	0.16
0.03	0.115	0.17	0.13	0.095	0.09	0.07	0.025	0.045	0.04	0.03	0.16
0.11	0.095	0.115	0.16	0.08	0.105	0.08	0.065	0.015	0.025	0.045	0.105
0.065	0.175	0.08	0.125	0.135	0.1	0.025	0.04	0.035	0.055	0.04	0.125
0.055	0.13	0.14	0.115	0.07	0.115	0.075	0.075	0.03	0.01	0.02	0.165
0.1	0.14	0.16	0.085	0.06	0.09	0.075	0.045	0.05	0.055	0.02	0.12
0.09	0.135	0.1	0.135	0.155	0.045	0.065	0.075	0.03	0.025	0.045	0.1
0.1	0.135	0.185	0.1	0.13	0.075	0.045	0.045	0.06	0.025	0.02	0.08
0.09	0.145	0.135	0.13	0.1	0.1	0.095	0.045	0.04	0.02	0.035	0.065
0.085	0.135	0.175	0.11	0.13	0.075	0.06	0.07	0.02	0.03	0.035	0.075
0.1	0.15	0.18	0.1	0.095	0.085	0.09	0.055	0.05	0.025	0.01	0.06
0.095	0.15	0.155	0.205	0.11	0.06	0.09	0.025	0.03	0.04	0	0.04
0.1	0.115	0.13	0.15	0.105	0.09	0.06	0.055	0.055	0.04	0.045	0.055
0.125	0.135	0.16	0.105	0.135	0.11	0.045	0.045	0.02	0.03	0.005	0.085
0.16	0.16	0.155	0.155	0.095	0.095	0.04	0.04	0.025	0.025	0.005	0.045
0.115	0.205	0.18	0.105	0.115	0.09	0.055	0.035	0.04	0.015	0	0.045
0.12	0.145	0.185	0.135	0.075	0.125	0.05	0.03	0.025	0.025	0.02	0.065
0.11	0.15	0.2	0.175	0.115	0.05	0.08	0.035	0.035	0.005	0.01	0.035
0.125	0.17	0.215	0.155	0.13	0.08	0.04	0.02	0.005	0.02	0.02	0.02
0.17	0.225	0.095	0.18	0.06	0.075	0.065	0.035	0.02	0.005	0.02	0.05
0.16	0.24	0.22	0.12	0.095	0.045	0.05	0.03	0.005	0.005	0.015	0.015
0.12	0.18	0.21	0.215	0.08	0.065	0.035	0.035	0.02	0.01	0.01	0.02
0.155	0.145	0.17	0.155	0.15	0.055	0.06	0.025	0.01	0.015	0.015	0.045
0.12	0.25	0.205	0.155	0.125	0.06	0.02	0.015	0.01	0.02	0.005	0.015
0.15	0.225	0.225	0.115	0.085	0.105	0.045	0.005	0.025	0.005	0	0.015
0.195	0.24	0.185	0.15	0.075	0.055	0.055	0.025	0.01	0	0	0.01
0.185	0.25	0.22	0.095	0.135	0.035	0.03	0.02	0.005	0.005	0	0.02
0.19	0.235	0.21	0.125	0.11	0.065	0.04	0.01	0.005	0.01	0	0
#######PARAMETER SECTION#######
800	400	1200	-4	800	-0.25	1
0.18	0.01	1	-4	0.18	-0.25	1
-1.36	-5	-0.001	-4	-1.36	-0.25	1
0.1	0.05	0.3	-4	0.1	-0.25	1
0.2	0.01	0.5	-4	0.2	-0.25	1
0.75	0.20001	1	-3	0.75	-0.25	1
13.815511	-1	200	1	13.815511	-0.25	1
0	-1	1	-4	0	-0.25	1
0.2	1e-04	1.2	-3	0.2	-0.25	1
0	-10	10	-6	0	-1	1
0	-10	10	-6	0	-1	1
2	0	12	-2	2	-0.5	1
1	0	12	-2	1	-0.5	1
2	0	12	-2	2	-0.5	1
1	0	12	-2	1	-0.5	1
1.5	0	12	-2	1.5	-0.5	1
2	0	12	-2	2	-0.5	1
-14.8682006803499	-30	5	1	-14.8682006803499	-1	1
1	0.1	2	-1	1	-1	1
-1.51930887058023	-10	1.39	1	-1.51930887058023	-1	1
#######DEV CONSTRAINTS and DEVS#######
-15	15	2
-15	15	2
-15	15	2
0	0	0	0	0	0	0	0	0	0	0	0	0	0	0	0	0	0	0	0	0	0	0	0	0	0	0	0	0	0
0	0	0	0	0	0	0	0	0	0	0	0	0	0	0	0	0	0	0	0	0	0	0	0	0	0	0	0	0	0
0	0	0	0	0	0	0	0	0	0	0
#######LIKELIHOOD WEIGHTS#######
1
1
1
1
0
1
0
0
0
#######MISCELLANEOUS STUFF SECTION#######
2.5e-08
3
0.5	0.5	0.5	0.5	0.5	0.5	0.5	0.5	0.5	0.5	0.5	0.5
0.0229773699100256	0.320821300824607	0.904650535100891	0.994779874306442	0.999738809680904	0.999986992871533	0.999999352405202	0.999999967758134	0.999999998394772	0.99999999992008	0.999999999996021	0.999999999999802
0.2	0.2	0.2	0.2	0.2	0.2	0.2	0.2	0.2	0.2	0.2	0.2
0
1
10
0.2
1
1	0	0	0	0	0	0	0	0	0	0	0
0	1	0	0	0	0	0	0	0	0	0	0
0	0	1	0	0	0	0	0	0	0	0	0
0	0	0	1	0	0	0	0	0	0	0	0
0	0	0	0	1	0	0	0	0	0	0	0
0	0	0	0	0	1	0	0	0	0	0	0
0	0	0	0	0	0	1	0	0	0	0	0
0	0	0	0	0	0	0	1	0	0	0	0
0	0	0	0	0	0	0	0	1	0	0	0
0	0	0	0	0	0	0	0	0	1	0	0
0	0	0	0	0	0	0	0	0	0	1	0
0	0	0	0	0	0	0	0	0	0	0	1
40
31
2
1
#######END OF DATA FILE#######
999
