#######GENERAL HEADER INPUT#######
1
30
1
30
1
30
30
12
1	2	3	4	5	6	7	8	9	10	11	12
12
1	2	3	4	5	6	7	8	9	10	11	12
1
101
1
1
#######SURVEY DATA#######
30
1	2	3	4	5	6	7	8	9	10	11	12	13	14	15	16	17	18	19	20	21	22	23	24	25	26	27	28	29	30
1.38832661381174	1.59115540246475	1.65045700076875	1.39484780844163	1.4978828506701	1.52446212009693	1.27712301448832	1.54732408910552	1.20155830085717	1.33210990984905	1.14972194167708	1.1510546798658	1.28452557081971	0.928715983476041	0.903742861838205	0.989551096963393	0.964053822809181	0.779302323628653	0.674633349091049	0.653050509336106	0.584071318943353	0.651774760354737	0.60550578251569	0.554017275748196	0.504286735873048	0.59912590040819	0.594133273436164	0.476088298653935	0.47772139400548	0.553496768450036
0.2	0.2	0.2	0.2	0.2	0.2	0.2	0.2	0.2	0.2	0.2	0.2	0.2	0.2	0.2	0.2	0.2	0.2	0.2	0.2	0.2	0.2	0.2	0.2	0.2	0.2	0.2	0.2	0.2	0.2
30
1	2	3	4	5	6	7	8	9	10	11	12	13	14	15	16	17	18	19	20	21	22	23	24	25	26	27	28	29	30
200	200	200	200	200	200	200	200	200	200	200	200	200	200	200	200	200	200	200	200	200	200	200	200	200	200	200	200	200	200
200	200	200	200	200	200	200	200	200	200	200	200	200	200	200	200	200	200	200	200	200	200	200	200	200	200	200	200	200	200
0.06	0.125	0.16	0.105	0.075	0.095	0.07	0.065	0.045	0.025	0.04	0.135
0.09	0.095	0.105	0.18	0.09	0.13	0.07	0.055	0.03	0.035	0.01	0.11
0.065	0.19	0.115	0.085	0.13	0.065	0.075	0.05	0.075	0.02	0.04	0.09
0.055	0.145	0.18	0.11	0.15	0.095	0.055	0.02	0.035	0.025	0.025	0.105
0.125	0.14	0.1	0.115	0.13	0.09	0.055	0.04	0.055	0.015	0.01	0.125
0.09	0.155	0.145	0.12	0.13	0.075	0.045	0.05	0.03	0.04	0.02	0.1
0.09	0.175	0.205	0.08	0.055	0.075	0.05	0.045	0.035	0.04	0.04	0.11
0.06	0.14	0.19	0.155	0.105	0.1	0.04	0.06	0.035	0.035	0.02	0.06
0.055	0.16	0.16	0.185	0.12	0.03	0.06	0.06	0.05	0.01	0.005	0.105
0.07	0.21	0.17	0.11	0.1	0.145	0.03	0.025	0.04	0.015	0.015	0.07
0.085	0.175	0.17	0.125	0.12	0.095	0.06	0.02	0.015	0.01	0.025	0.1
0.06	0.195	0.2	0.125	0.085	0.055	0.065	0.055	0.04	0.045	0.02	0.055
0.08	0.14	0.23	0.165	0.07	0.06	0.065	0.035	0.04	0.01	0.015	0.09
0.085	0.14	0.2	0.135	0.145	0.075	0.065	0.04	0.035	0.025	0.01	0.045
0.065	0.165	0.22	0.11	0.12	0.09	0.03	0.05	0.02	0.035	0.04	0.055
0.12	0.195	0.17	0.16	0.11	0.085	0.065	0.03	0.015	0.01	0.015	0.025
0.11	0.27	0.16	0.155	0.08	0.07	0.035	0.035	0.03	0.01	0.005	0.04
0.07	0.195	0.255	0.115	0.105	0.05	0.055	0.06	0.015	0.03	0.005	0.045
0.1	0.155	0.225	0.175	0.115	0.06	0.06	0.05	0.015	0.01	0.015	0.02
0.06	0.24	0.18	0.165	0.08	0.1	0.04	0.03	0.025	0.025	0.01	0.045
0.115	0.16	0.225	0.135	0.095	0.06	0.03	0.085	0.03	0.01	0.005	0.05
0.13	0.31	0.165	0.11	0.06	0.11	0.05	0	0.02	0.01	0	0.035
0.11	0.31	0.225	0.115	0.055	0.045	0.03	0.03	0.03	0.01	0.005	0.035
0.085	0.2	0.26	0.225	0.045	0.085	0.035	0.005	0.02	0.015	0.015	0.01
0.14	0.215	0.185	0.185	0.11	0.06	0.05	0.02	0.015	0.005	0.01	0.005
0.07	0.33	0.22	0.165	0.09	0.065	0.03	0.01	0.005	0.015	0	0
0.12	0.22	0.29	0.135	0.075	0.08	0.045	0.01	0.005	0.005	0	0.015
0.095	0.285	0.155	0.245	0.085	0.05	0.03	0.03	0.01	0.01	0	0.005
0.175	0.22	0.26	0.11	0.08	0.04	0.035	0.04	0.01	0.015	0	0.015
0.1	0.325	0.24	0.125	0.065	0.07	0.015	0.015	0.015	0.015	0.005	0.01
#######LANDINGS DATA#######
1
30
161.013832295032	470.015963396499	759.075981522288	992.256519710712	756.294739446443	1336.88571143665	1279.73413592265	2483.94594099387	1331.26945379548	1523.73772899952	1625.44883644769	1613.43830160299	1098.31955787399	1532.83532480966	1501.99358388645	1268.06194119354	2247.40454428214	1636.26830864575	1458.54213260314	1322.20957173498	1630.81813842924	1082.22375040341	1630.61290383374	1201.79219283369	1121.23865584842	969.769320872964	922.516403807068	1222.02965460434	877.128143626149	1275.04734528097
0.01	0.01	0.01	0.01	0.01	0.01	0.01	0.01	0.01	0.01	0.01	0.01	0.01	0.01	0.01	0.01	0.01	0.01	0.01	0.01	0.01	0.01	0.01	0.01	0.01	0.01	0.01	0.01	0.01	0.01
30
1	2	3	4	5	6	7	8	9	10	11	12	13	14	15	16	17	18	19	20	21	22	23	24	25	26	27	28	29	30
200	200	200	200	200	200	200	200	200	200	200	200	200	200	200	200	200	200	200	200	200	200	200	200	200	200	200	200	200	200
200	200	200	200	200	200	200	200	200	200	200	200	200	200	200	200	200	200	200	200	200	200	200	200	200	200	200	200	200	200
0.055	0.1	0.125	0.12	0.155	0.105	0.04	0.05	0.075	0.04	0.02	0.115
0.11	0.105	0.165	0.08	0.115	0.09	0.025	0.045	0.025	0.065	0.045	0.13
0.05	0.165	0.15	0.09	0.07	0.065	0.1	0.05	0.03	0.055	0.045	0.13
0.055	0.085	0.14	0.12	0.095	0.11	0.085	0.065	0.035	0.025	0.02	0.165
0.095	0.085	0.12	0.12	0.1	0.04	0.06	0.06	0.085	0.035	0.02	0.18
0.125	0.125	0.115	0.11	0.105	0.075	0.1	0.045	0.04	0.03	0.03	0.1
0.065	0.12	0.18	0.085	0.06	0.13	0.06	0.045	0.085	0.05	0.035	0.085
0.07	0.075	0.21	0.14	0.08	0.07	0.085	0.055	0.03	0.07	0.025	0.09
0.06	0.11	0.095	0.185	0.145	0.1	0.07	0.05	0.04	0.045	0.02	0.08
0.13	0.135	0.15	0.055	0.12	0.11	0.035	0.05	0.035	0.035	0.02	0.125
0.1	0.135	0.125	0.18	0.09	0.085	0.065	0.015	0.04	0.04	0.02	0.105
0.08	0.155	0.18	0.125	0.13	0.04	0.07	0.05	0.04	0.035	0.02	0.075
0.1	0.15	0.175	0.16	0.135	0.075	0.06	0.02	0.055	0.01	0.01	0.05
0.14	0.14	0.155	0.16	0.11	0.07	0.065	0.035	0.045	0.025	0.015	0.04
0.105	0.21	0.195	0.075	0.115	0.06	0.06	0.045	0.03	0.025	0.015	0.065
0.105	0.145	0.18	0.155	0.095	0.115	0.05	0.025	0.045	0.015	0.02	0.05
0.12	0.185	0.15	0.155	0.08	0.065	0.055	0.06	0.02	0.035	0.035	0.04
0.105	0.21	0.175	0.12	0.125	0.075	0.035	0.04	0.035	0.015	0.01	0.055
0.115	0.135	0.225	0.205	0.105	0.085	0.03	0.01	0.04	0.01	0.015	0.025
0.1	0.145	0.16	0.17	0.11	0.09	0.09	0.03	0.03	0.025	0	0.05
0.14	0.13	0.2	0.115	0.165	0.065	0.055	0.03	0.03	0.005	0.02	0.045
0.145	0.275	0.155	0.12	0.12	0.05	0.055	0.04	0.02	0	0.005	0.015
0.125	0.21	0.23	0.075	0.11	0.05	0.055	0.045	0.045	0.015	0	0.04
0.115	0.18	0.265	0.205	0.055	0.06	0.04	0.04	0.02	0.01	0	0.01
0.17	0.18	0.15	0.2	0.145	0.06	0.02	0.025	0.035	0.01	0	0.005
0.125	0.27	0.19	0.125	0.085	0.1	0.025	0.025	0.005	0.025	0.005	0.02
0.155	0.2	0.19	0.17	0.11	0.09	0.05	0.005	0.01	0	0.005	0.015
0.21	0.18	0.2	0.185	0.105	0.035	0.03	0.05	0	0	0	0.005
0.18	0.225	0.185	0.14	0.14	0.015	0.04	0.02	0.02	0.015	0.01	0.01
0.145	0.215	0.28	0.155	0.105	0.035	0.035	0.015	0.005	0.005	0.005	0
#######PARAMETER SECTION#######
800	400	1200	-4	800	-0.25	1
0.18	0.01	1	-4	0.18	-0.25	1
-1.36	-5	-0.001	-4	-1.36	-0.25	1
0.1	0.05	0.3	-4	0.1	-0.25	1
0.2	0.01	0.5	-4	0.2	-0.25	1
0.75	0.20001	1	-3	0.75	-0.25	1
13.815511	-1	200	1	13.815511	-0.25	1
0	-1	1	-4	0	-0.25	1
0.2	1e-04	1.2	-3	0.2	-0.25	1
0	-10	10	-6	0	-1	1
0	-10	10	-6	0	-1	1
2	0	12	-2	2	-0.5	1
1	0	12	-2	1	-0.5	1
2	0	12	-2	2	-0.5	1
1	0	12	-2	1	-0.5	1
1.5	0	12	-2	1.5	-0.5	1
2	0	12	-2	2	-0.5	1
-14.8682006803499	-30	5	1	-14.8682006803499	-1	1
1	0.1	2	-1	1	-1	1
-1.51930887058023	-10	1.39	1	-1.51930887058023	-1	1
#######DEV CONSTRAINTS and DEVS#######
-15	15	2
-15	15	2
-15	15	2
0	0	0	0	0	0	0	0	0	0	0	0	0	0	0	0	0	0	0	0	0	0	0	0	0	0	0	0	0	0
0	0	0	0	0	0	0	0	0	0	0	0	0	0	0	0	0	0	0	0	0	0	0	0	0	0	0	0	0	0
0	0	0	0	0	0	0	0	0	0	0
#######LIKELIHOOD WEIGHTS#######
1
1
1
1
0
1
0
0
0
#######MISCELLANEOUS STUFF SECTION#######
2.5e-08
3
0.5	0.5	0.5	0.5	0.5	0.5	0.5	0.5	0.5	0.5	0.5	0.5
0.0229773699100256	0.320821300824607	0.904650535100891	0.994779874306442	0.999738809680904	0.999986992871533	0.999999352405202	0.999999967758134	0.999999998394772	0.99999999992008	0.999999999996021	0.999999999999802
0.2	0.2	0.2	0.2	0.2	0.2	0.2	0.2	0.2	0.2	0.2	0.2
0
1
10
0.2
1
1	0	0	0	0	0	0	0	0	0	0	0
0	1	0	0	0	0	0	0	0	0	0	0
0	0	1	0	0	0	0	0	0	0	0	0
0	0	0	1	0	0	0	0	0	0	0	0
0	0	0	0	1	0	0	0	0	0	0	0
0	0	0	0	0	1	0	0	0	0	0	0
0	0	0	0	0	0	1	0	0	0	0	0
0	0	0	0	0	0	0	1	0	0	0	0
0	0	0	0	0	0	0	0	1	0	0	0
0	0	0	0	0	0	0	0	0	1	0	0
0	0	0	0	0	0	0	0	0	0	1	0
0	0	0	0	0	0	0	0	0	0	0	1
40
31
2
1
#######END OF DATA FILE#######
999
