# Number of parameters = 73  Objective function value = 26321.7  Maximum gradient component = 0.00395245
# sel_params[1]:
2.00000000000
# sel_params[2]:
1.00000000000
# log_Fmult_year1:
 -4.65043416510
# log_Fmult_devs:
 1.08273940469 0.497567625827 0.301860886678 -0.228491689445 0.595562363951 0.00497155064236 0.753308173593 -0.527653672500 0.189052658571 0.123238808641 0.0661138007361 -0.327271531289 0.374062519230 0.0597419211859 -0.118027176277 0.679492849180 -0.192931000657 -0.00667150955442 -0.0145040247335 0.333671573349 -0.320565405337 0.510057014344 -0.175040562292 -4.91429310809e-005 -0.0804429476224 -0.0223378766464 0.344713210544 -0.276851959908 0.438809752982
# log_recruit_devs:
 0.00987977140198 0.287870663313 -0.0875522179618 -0.251874198891 0.294926341152 0.226152228332 -0.119791312280 0.260035631605 -0.0782777316837 0.121867699478 0.0955921952967 -0.0537027196557 -0.0478332964825 0.0392997459226 -0.0455322174556 0.0637573279212 0.0639629266910 -0.239932861257 -0.0950526397303 -0.252563001851 0.112685384266 0.110407955737 -0.161399708302 -0.241140361520 0.0994722621961 -0.281527364957 -0.0379370821227 0.0479270027701 0.237471230063 -0.0771916519944
# log_N_year1_devs:
 -0.0793599575284 0.0126108428276 -0.0351284469569 -0.0490586559287 -0.204239744518 0.0927672073966 0.110978004594 -0.0428119772101 -0.314451050460 0.0940600454726 -0.239474786285
# log_q_year1:
 -7.92584853419
# log_q_devs:
 0.00000000000 0.00000000000 0.00000000000 0.00000000000 0.00000000000 0.00000000000 0.00000000000 0.00000000000 0.00000000000 0.00000000000 0.00000000000 0.00000000000 0.00000000000 0.00000000000 0.00000000000 0.00000000000 0.00000000000 0.00000000000 0.00000000000 0.00000000000 0.00000000000 0.00000000000 0.00000000000 0.00000000000 0.00000000000 0.00000000000 0.00000000000 0.00000000000 0.00000000000
# index_sel_params[1]:
1.50000000000
# index_sel_params[2]:
0.500000000000
# log_SR_scaler:
6.90711366024
# SR_steepness:
0.750000000000
