#######GENERAL HEADER INPUT#######
1
30
1
30
1
30
30
12
1	2	3	4	5	6	7	8	9	10	11	12
12
1	2	3	4	5	6	7	8	9	10	11	12
1
101
1
1
#######SURVEY DATA#######
30
1	2	3	4	5	6	7	8	9	10	11	12	13	14	15	16	17	18	19	20	21	22	23	24	25	26	27	28	29	30
1.32316443372347	1.32767864573896	1.34795238020046	1.42901163967453	1.60110830443534	1.56380912000643	1.2983303308921	1.15880739134512	1.36954452596303	1.0406566838814	1.25416899800552	1.16269910431108	1.15332182945164	1.04407274996201	0.84865701858473	0.787775866533746	0.837963845746044	0.874864312417204	0.9589782690106	0.72706903128391	0.674649604906383	0.647169618919111	0.596099726862772	0.568838119385839	0.561332291506601	0.575473177977198	0.539476689212977	0.555837323107902	0.575836983044954	0.623721844869448
0.2	0.2	0.2	0.2	0.2	0.2	0.2	0.2	0.2	0.2	0.2	0.2	0.2	0.2	0.2	0.2	0.2	0.2	0.2	0.2	0.2	0.2	0.2	0.2	0.2	0.2	0.2	0.2	0.2	0.2
30
1	2	3	4	5	6	7	8	9	10	11	12	13	14	15	16	17	18	19	20	21	22	23	24	25	26	27	28	29	30
200	200	200	200	200	200	200	200	200	200	200	200	200	200	200	200	200	200	200	200	200	200	200	200	200	200	200	200	200	200
200	200	200	200	200	200	200	200	200	200	200	200	200	200	200	200	200	200	200	200	200	200	200	200	200	200	200	200	200	200
0.075	0.155	0.12	0.085	0.125	0.095	0.085	0.045	0.01	0.055	0.02	0.13
0.06	0.13	0.135	0.12	0.09	0.085	0.085	0.045	0.07	0.045	0.025	0.11
0.045	0.155	0.16	0.13	0.11	0.13	0.035	0.035	0.05	0.04	0.02	0.09
0.045	0.135	0.16	0.085	0.095	0.06	0.065	0.065	0.035	0.045	0.04	0.17
0.07	0.105	0.135	0.13	0.115	0.07	0.065	0.04	0.055	0.04	0.035	0.14
0.09	0.16	0.1	0.115	0.14	0.085	0.075	0.05	0.015	0.02	0.025	0.125
0.045	0.125	0.21	0.09	0.13	0.09	0.07	0.05	0.035	0.01	0.025	0.12
0.075	0.155	0.205	0.16	0.1	0.045	0.08	0.04	0.045	0.02	0.01	0.065
0.065	0.18	0.125	0.17	0.11	0.035	0.055	0.065	0.02	0.025	0.01	0.14
0.06	0.155	0.18	0.14	0.105	0.09	0.015	0.065	0.05	0.025	0.015	0.1
0.1	0.145	0.14	0.135	0.09	0.1	0.075	0.04	0.045	0.025	0.025	0.08
0.11	0.19	0.17	0.155	0.05	0.07	0.07	0.06	0.02	0.01	0.025	0.07
0.07	0.18	0.18	0.11	0.105	0.1	0.055	0.05	0.035	0.025	0.02	0.07
0.1	0.165	0.145	0.19	0.075	0.085	0.07	0.035	0.03	0.04	0.01	0.055
0.075	0.195	0.165	0.15	0.1	0.105	0.05	0.05	0.025	0.035	0.01	0.04
0.085	0.19	0.19	0.12	0.055	0.11	0.06	0.045	0.05	0.015	0.03	0.05
0.08	0.25	0.2	0.12	0.08	0.085	0.045	0.04	0.015	0	0.02	0.065
0.08	0.23	0.195	0.08	0.135	0.075	0.065	0.05	0.015	0.01	0.01	0.055
0.095	0.17	0.205	0.155	0.11	0.07	0.05	0.05	0.02	0.01	0.035	0.03
0.08	0.24	0.175	0.185	0.13	0.055	0.05	0.03	0.015	0.015	0.015	0.01
0.115	0.2	0.195	0.105	0.1	0.11	0.045	0.04	0.015	0.03	0.02	0.025
0.12	0.27	0.19	0.125	0.09	0.095	0.02	0.015	0.015	0.02	0	0.04
0.065	0.315	0.295	0.085	0.105	0.03	0.045	0.01	0.015	0	0.01	0.025
0.125	0.17	0.305	0.16	0.075	0.075	0.04	0.015	0.015	0	0.005	0.015
0.16	0.18	0.2	0.2	0.115	0.06	0.02	0.035	0.02	0.005	0	0.005
0.1	0.32	0.145	0.105	0.12	0.115	0.03	0.02	0.005	0.01	0.01	0.02
0.1	0.19	0.245	0.14	0.125	0.105	0.03	0.015	0.01	0.005	0.02	0.015
0.13	0.28	0.175	0.15	0.115	0.07	0.02	0.03	0	0.005	0.01	0.015
0.105	0.295	0.2	0.165	0.13	0.04	0.015	0.025	0.01	0.005	0	0.01
0.13	0.34	0.21	0.125	0.035	0.075	0.03	0.025	0.01	0.015	0.005	0
#######LANDINGS DATA#######
1
30
161.451425482214	466.555894243883	758.099992567536	995.091386095857	763.497200123709	1335.8237124819	1281.59830689468	2453.08455518774	1328.10971961911	1521.30489758521	1608.8702467243	1608.99013672752	1104.25395530131	1522.63114657788	1499.37864554358	1276.18045584973	2252.81954272879	1612.34832044734	1457.33322445086	1313.30607446587	1634.45643518808	1079.44631948634	1636.76515013857	1212.93232202262	1117.46203785234	968.752710289842	921.416388430874	1215.20869271632	875.553200498151	1274.50587171575
0.01	0.01	0.01	0.01	0.01	0.01	0.01	0.01	0.01	0.01	0.01	0.01	0.01	0.01	0.01	0.01	0.01	0.01	0.01	0.01	0.01	0.01	0.01	0.01	0.01	0.01	0.01	0.01	0.01	0.01
30
1	2	3	4	5	6	7	8	9	10	11	12	13	14	15	16	17	18	19	20	21	22	23	24	25	26	27	28	29	30
200	200	200	200	200	200	200	200	200	200	200	200	200	200	200	200	200	200	200	200	200	200	200	200	200	200	200	200	200	200
200	200	200	200	200	200	200	200	200	200	200	200	200	200	200	200	200	200	200	200	200	200	200	200	200	200	200	200	200	200
0.06	0.1	0.135	0.15	0.1	0.06	0.055	0.045	0.065	0.04	0.04	0.15
0.095	0.06	0.155	0.11	0.12	0.09	0.07	0.07	0.07	0.03	0.01	0.12
0.045	0.13	0.155	0.08	0.095	0.105	0.07	0.06	0.065	0.045	0.03	0.12
0.075	0.085	0.16	0.14	0.085	0.065	0.075	0.05	0.04	0.025	0.03	0.17
0.095	0.08	0.12	0.125	0.105	0.07	0.08	0.07	0.015	0.06	0.045	0.135
0.095	0.18	0.07	0.095	0.135	0.06	0.07	0.06	0.03	0.01	0.015	0.18
0.04	0.155	0.195	0.12	0.07	0.1	0.045	0.02	0.03	0.035	0.035	0.155
0.075	0.115	0.175	0.18	0.065	0.065	0.075	0.095	0.04	0.025	0.025	0.065
0.095	0.15	0.165	0.125	0.18	0.04	0.04	0.04	0.035	0.03	0.005	0.095
0.09	0.1	0.14	0.115	0.12	0.105	0.045	0.05	0.04	0.04	0.025	0.13
0.095	0.175	0.155	0.13	0.06	0.105	0.09	0.03	0.015	0.03	0.02	0.095
0.095	0.16	0.165	0.11	0.095	0.08	0.08	0.07	0.03	0.025	0.005	0.085
0.07	0.105	0.2	0.175	0.095	0.105	0.05	0.035	0.035	0.015	0.015	0.1
0.105	0.15	0.14	0.145	0.175	0.07	0.055	0.025	0.04	0.03	0	0.065
0.095	0.16	0.155	0.135	0.15	0.08	0.055	0.03	0.035	0.025	0.015	0.065
0.105	0.145	0.15	0.145	0.09	0.1	0.075	0.03	0.07	0.02	0.02	0.05
0.1	0.2	0.135	0.155	0.105	0.055	0.055	0.06	0.025	0.05	0.015	0.045
0.095	0.195	0.155	0.145	0.11	0.04	0.065	0.065	0.03	0.02	0.025	0.055
0.12	0.17	0.215	0.18	0.095	0.045	0.06	0.04	0.035	0.01	0.01	0.02
0.105	0.18	0.145	0.205	0.145	0.04	0.07	0.04	0.025	0.02	0.005	0.02
0.13	0.215	0.16	0.145	0.1	0.095	0.045	0.045	0.005	0.015	0.015	0.03
0.165	0.205	0.145	0.14	0.07	0.08	0.055	0.05	0.04	0.005	0.01	0.035
0.145	0.25	0.235	0.075	0.07	0.035	0.055	0.045	0.02	0.03	0.015	0.025
0.17	0.185	0.225	0.165	0.1	0.04	0.035	0.03	0.025	0	0	0.025
0.155	0.125	0.205	0.205	0.135	0.05	0.025	0.045	0.025	0.02	0.01	0
0.125	0.24	0.15	0.16	0.105	0.1	0.03	0.045	0.025	0	0.005	0.015
0.13	0.16	0.27	0.14	0.07	0.11	0.055	0.025	0.015	0.005	0.005	0.015
0.18	0.175	0.195	0.155	0.11	0.08	0.045	0.015	0.025	0.005	0	0.015
0.205	0.205	0.195	0.115	0.155	0.07	0.015	0.01	0.015	0.005	0	0.01
0.2	0.215	0.205	0.165	0.1	0.055	0.01	0.01	0.025	0.005	0.005	0.005
#######PARAMETER SECTION#######
800	400	1200	-4	800	-0.25	1
0.18	0.01	1	-4	0.18	-0.25	1
-1.36	-5	-0.001	-4	-1.36	-0.25	1
0.1	0.05	0.3	-4	0.1	-0.25	1
0.2	0.01	0.5	-4	0.2	-0.25	1
0.75	0.20001	1	-3	0.75	-0.25	1
13.815511	-1	200	1	13.815511	-0.25	1
0	-1	1	-4	0	-0.25	1
0.2	1e-04	1.2	-3	0.2	-0.25	1
0	-10	10	-6	0	-1	1
0	-10	10	-6	0	-1	1
2	0	12	-2	2	-0.5	1
1	0	12	-2	1	-0.5	1
2	0	12	-2	2	-0.5	1
1	0	12	-2	1	-0.5	1
1.5	0	12	-2	1.5	-0.5	1
2	0	12	-2	2	-0.5	1
-14.8682006803499	-30	5	1	-14.8682006803499	-1	1
1	0.1	2	-1	1	-1	1
-1.51930887058023	-10	1.39	1	-1.51930887058023	-1	1
#######DEV CONSTRAINTS and DEVS#######
-15	15	2
-15	15	2
-15	15	2
0	0	0	0	0	0	0	0	0	0	0	0	0	0	0	0	0	0	0	0	0	0	0	0	0	0	0	0	0	0
0	0	0	0	0	0	0	0	0	0	0	0	0	0	0	0	0	0	0	0	0	0	0	0	0	0	0	0	0	0
0	0	0	0	0	0	0	0	0	0	0
#######LIKELIHOOD WEIGHTS#######
1
1
1
1
0
1
0
0
0
#######MISCELLANEOUS STUFF SECTION#######
2.5e-08
3
0.5	0.5	0.5	0.5	0.5	0.5	0.5	0.5	0.5	0.5	0.5	0.5
0.0229773699100256	0.320821300824607	0.904650535100891	0.994779874306442	0.999738809680904	0.999986992871533	0.999999352405202	0.999999967758134	0.999999998394772	0.99999999992008	0.999999999996021	0.999999999999802
0.2	0.2	0.2	0.2	0.2	0.2	0.2	0.2	0.2	0.2	0.2	0.2
0
1
10
0.2
1
1	0	0	0	0	0	0	0	0	0	0	0
0	1	0	0	0	0	0	0	0	0	0	0
0	0	1	0	0	0	0	0	0	0	0	0
0	0	0	1	0	0	0	0	0	0	0	0
0	0	0	0	1	0	0	0	0	0	0	0
0	0	0	0	0	1	0	0	0	0	0	0
0	0	0	0	0	0	1	0	0	0	0	0
0	0	0	0	0	0	0	1	0	0	0	0
0	0	0	0	0	0	0	0	1	0	0	0
0	0	0	0	0	0	0	0	0	1	0	0
0	0	0	0	0	0	0	0	0	0	1	0
0	0	0	0	0	0	0	0	0	0	0	1
40
31
2
1
#######END OF DATA FILE#######
999
