# Number of parameters = 73  Objective function value = 26390.0  Maximum gradient component = 0.000307206
# sel_params[1]:
2.00000000000
# sel_params[2]:
1.00000000000
# log_Fmult_year1:
 -4.64151888388
# log_Fmult_devs:
 1.06665151058 0.509392998648 0.312947352519 -0.233862154031 0.587065994000 0.00340838109936 0.753085787637 -0.526937888216 0.198073058748 0.132605150210 0.0661904142631 -0.331208598838 0.377528629329 0.0532758862614 -0.131370869026 0.681332543648 -0.210316792728 0.00388145749079 -0.0112458724465 0.325081045181 -0.305667942124 0.500720308877 -0.205398041758 0.000843382085430 -0.0926823805569 -0.0251510440886 0.330757030126 -0.282994611780 0.402278194346
# log_recruit_devs:
 0.00228396831336 0.182524615454 -0.147881379475 -0.163278403562 0.267020303195 0.225315694058 -0.00502874142595 0.141411390601 -0.101505441147 0.126392131871 0.0215960133400 -0.0199400684692 -0.0459551284314 0.0993836131596 -0.102896304918 0.156336534056 0.0484414240856 -0.252839888498 -0.127755631594 -0.358342301304 0.164215547397 0.130048558806 -0.102832766946 -0.257662731273 0.0902419233204 -0.262272783102 -0.0165989586342 0.0534408577819 0.189990612954 0.0661473403874
# log_N_year1_devs:
 0.000541744488732 0.0209016437145 -0.104522144845 0.0476032670897 -0.189090317694 -0.0126608140815 0.0449728847659 -0.159615295898 -0.153832443508 0.384948334904 -0.324218726512
# log_q_year1:
 -8.00146406694
# log_q_devs:
 0.00000000000 0.00000000000 0.00000000000 0.00000000000 0.00000000000 0.00000000000 0.00000000000 0.00000000000 0.00000000000 0.00000000000 0.00000000000 0.00000000000 0.00000000000 0.00000000000 0.00000000000 0.00000000000 0.00000000000 0.00000000000 0.00000000000 0.00000000000 0.00000000000 0.00000000000 0.00000000000 0.00000000000 0.00000000000 0.00000000000 0.00000000000 0.00000000000 0.00000000000
# index_sel_params[1]:
1.50000000000
# index_sel_params[2]:
0.500000000000
# log_SR_scaler:
6.91760579712
# SR_steepness:
0.750000000000
