# Number of parameters = 73  Objective function value = 26484.4  Maximum gradient component = 0.00180475
# sel_params[1]:
2.00000000000
# sel_params[2]:
1.00000000000
# log_Fmult_year1:
 -4.68198374220
# log_Fmult_devs:
 1.06991636562 0.514798793478 0.298345900642 -0.211261597036 0.571066865532 0.0187190584940 0.750224432636 -0.546687228572 0.205592300173 0.116885697582 0.0707421685602 -0.328561683897 0.384403123802 0.0607814887277 -0.0942863035061 0.659664420706 -0.204415897192 0.00561523019572 -0.0163336227765 0.320014454084 -0.311133497699 0.493201370843 -0.191567598197 -0.00750765365891 -0.0859092792152 -0.0185181494996 0.353276031659 -0.265504848289 0.425129265184
# log_recruit_devs:
 0.0193908110496 0.143398047336 -0.0223744202589 -0.0874376137365 0.290829136104 0.259081259559 -0.00738915003601 0.143421642002 -0.0714456075883 0.160859970465 0.0619750637028 -0.195070601343 -0.0399602427985 -0.0288724487750 -0.0377501102639 0.135247829082 0.0824460824654 -0.207039182668 -0.100438365295 -0.296530579232 0.0968883126599 0.126102619399 -0.155196522360 -0.220558631148 0.0279292098129 -0.255379710172 -0.128086499549 0.0549318811552 0.130676655402 0.120351165029
# log_N_year1_devs:
 0.0630543830503 -0.0786491097805 0.0293183803742 -0.153655562345 0.0215757032740 0.0466799323437 0.136467288993 -0.124381225183 -0.0326368607229 -0.151178711318 -0.154813468825
# log_q_year1:
 -7.98535410814
# log_q_devs:
 0.00000000000 0.00000000000 0.00000000000 0.00000000000 0.00000000000 0.00000000000 0.00000000000 0.00000000000 0.00000000000 0.00000000000 0.00000000000 0.00000000000 0.00000000000 0.00000000000 0.00000000000 0.00000000000 0.00000000000 0.00000000000 0.00000000000 0.00000000000 0.00000000000 0.00000000000 0.00000000000 0.00000000000 0.00000000000 0.00000000000 0.00000000000 0.00000000000 0.00000000000
# index_sel_params[1]:
1.50000000000
# index_sel_params[2]:
0.500000000000
# log_SR_scaler:
6.91226017343
# SR_steepness:
0.750000000000
