#######GENERAL HEADER INPUT#######
1
30
1
30
1
30
30
12
1	2	3	4	5	6	7	8	9	10	11	12
12
1	2	3	4	5	6	7	8	9	10	11	12
1
1001
1
-1
#######SURVEY DATA#######
30
1	2	3	4	5	6	7	8	9	10	11	12	13	14	15	16	17	18	19	20	21	22	23	24	25	26	27	28	29	30
1.39951089958986	1.39119402505417	1.69311595052813	1.32194847033271	1.36454814358798	1.54611059480251	1.42069495549221	1.14994769245431	1.20180036895746	1.52500607302114	1.17099581927598	1.01380546430057	1.27916963368112	1.26785347844351	1.44785666102251	1.05162279100791	1.19706606627182	0.968397024503922	0.706953194712723	0.687280691934415	0.649147797413247	0.720310557696104	0.637821172410533	0.492154909545669	0.462443246637056	0.555453196498159	0.606570361553938	0.682495049494509	0.51944309453977	0.481001723353592
0.2	0.2	0.2	0.2	0.2	0.2	0.2	0.2	0.2	0.2	0.2	0.2	0.2	0.2	0.2	0.2	0.2	0.2	0.2	0.2	0.2	0.2	0.2	0.2	0.2	0.2	0.2	0.2	0.2	0.2
30
1	2	3	4	5	6	7	8	9	10	11	12	13	14	15	16	17	18	19	20	21	22	23	24	25	26	27	28	29	30
200	200	200	200	200	200	200	200	200	200	200	200	200	200	200	200	200	200	200	200	200	200	200	200	200	200	200	200	200	200
200	200	200	200	200	200	200	200	200	200	200	200	200	200	200	200	200	200	200	200	200	200	200	200	200	200	200	200	200	200
0.065	0.12	0.11	0.13	0.11	0.14	0.04	0.03	0.07	0.045	0.02	0.12
0.025	0.14	0.125	0.155	0.11	0.11	0.085	0.05	0.04	0.04	0.02	0.1
0.065	0.07	0.135	0.175	0.095	0.115	0.05	0.04	0.03	0.03	0.035	0.16
0.025	0.16	0.12	0.135	0.125	0.07	0.075	0.06	0.055	0.055	0.02	0.1
0.095	0.105	0.185	0.075	0.09	0.1	0.07	0.07	0.03	0.035	0.02	0.125
0.085	0.235	0.08	0.15	0.045	0.03	0.07	0.06	0.04	0.045	0.015	0.145
0.055	0.205	0.215	0.08	0.085	0.045	0.05	0.045	0.035	0.02	0.02	0.145
0.07	0.135	0.19	0.225	0.035	0.07	0.05	0.04	0.02	0.035	0.02	0.11
0.05	0.17	0.14	0.16	0.125	0.075	0.055	0.045	0.055	0.055	0.025	0.045
0.135	0.115	0.19	0.105	0.105	0.105	0.05	0.035	0.04	0.02	0.01	0.09
0.035	0.22	0.13	0.165	0.085	0.085	0.11	0.03	0.04	0.005	0.02	0.075
0.14	0.08	0.305	0.125	0.105	0.055	0.055	0.055	0.045	0.005	0	0.03
0.035	0.28	0.1	0.205	0.075	0.075	0.06	0.03	0.055	0.01	0.025	0.05
0.085	0.1	0.315	0.095	0.16	0.04	0.075	0.02	0.035	0.03	0	0.045
0.1	0.245	0.085	0.195	0.045	0.135	0.02	0.05	0.025	0.035	0.02	0.045
0.085	0.235	0.185	0.105	0.19	0.03	0.08	0.03	0.005	0.01	0.02	0.025
0.045	0.165	0.27	0.145	0.06	0.125	0.035	0.055	0.01	0.02	0.025	0.045
0.04	0.14	0.205	0.225	0.11	0.025	0.075	0.025	0.055	0.005	0.03	0.065
0.04	0.155	0.145	0.135	0.155	0.1	0.035	0.08	0.04	0.055	0.01	0.05
0.165	0.14	0.15	0.11	0.09	0.125	0.075	0.02	0.035	0.025	0.025	0.04
0.05	0.41	0.14	0.08	0.08	0.085	0.07	0.02	0.02	0.015	0	0.03
0.095	0.18	0.285	0.135	0.04	0.055	0.025	0.08	0.025	0.01	0.035	0.035
0.05	0.22	0.17	0.315	0.08	0.045	0.04	0.02	0.035	0.01	0	0.015
0.105	0.085	0.295	0.155	0.175	0.045	0.015	0.025	0.025	0.035	0.015	0.025
0.255	0.17	0.07	0.155	0.11	0.14	0.045	0.01	0.015	0.015	0.01	0.005
0.115	0.495	0.13	0.045	0.075	0.035	0.045	0.02	0.005	0.005	0.015	0.015
0.17	0.255	0.34	0.085	0.025	0.055	0.03	0.01	0.015	0	0.005	0.01
0.01	0.4	0.215	0.23	0.055	0.025	0.025	0.02	0.01	0.005	0	0.005
0.205	0.04	0.37	0.15	0.175	0.03	0	0.02	0	0	0.005	0.005
0.08	0.305	0.03	0.32	0.1	0.115	0.025	0	0.015	0	0	0.01
#######LANDINGS DATA#######
1
30
194.91749362085	559.795353168017	890.181115333773	1157.55490394138	878.901888080763	1473.68056072301	1407.96336364214	2717.35540395386	1449.65516807133	1675.51358284303	1794.66230836775	1827.70628338667	1300.39114585363	1863.72693120772	1889.89414729093	1656.0312428644	3020.38045715628	2129.92854385584	1833.94043320014	1578.14663063552	1896.51760372748	1243.58116727751	1832.82629744245	1295.38372948222	1128.69155621115	999.470212872019	1037.66272502381	1482.53262860597	1074.61559885462	1483.68018483715
0.01	0.01	0.01	0.01	0.01	0.01	0.01	0.01	0.01	0.01	0.01	0.01	0.01	0.01	0.01	0.01	0.01	0.01	0.01	0.01	0.01	0.01	0.01	0.01	0.01	0.01	0.01	0.01	0.01	0.01
30
1	2	3	4	5	6	7	8	9	10	11	12	13	14	15	16	17	18	19	20	21	22	23	24	25	26	27	28	29	30
200	200	200	200	200	200	200	200	200	200	200	200	200	200	200	200	200	200	200	200	200	200	200	200	200	200	200	200	200	200
200	200	200	200	200	200	200	200	200	200	200	200	200	200	200	200	200	200	200	200	200	200	200	200	200	200	200	200	200	200
0.065	0.11	0.13	0.09	0.11	0.08	0.085	0.045	0.065	0.025	0.065	0.13
0.045	0.08	0.17	0.115	0.105	0.125	0.06	0.065	0.04	0.03	0.015	0.15
0.075	0.06	0.09	0.12	0.12	0.11	0.095	0.075	0.03	0.02	0.035	0.17
0.095	0.115	0.09	0.125	0.095	0.105	0.085	0.065	0.055	0.05	0.045	0.075
0.095	0.075	0.14	0.065	0.135	0.095	0.07	0.075	0.035	0.025	0.015	0.175
0.09	0.185	0.095	0.115	0.075	0.095	0.015	0.05	0.08	0.04	0.02	0.14
0.03	0.135	0.185	0.1	0.11	0.07	0.085	0.04	0.05	0.06	0.01	0.125
0.105	0.085	0.165	0.115	0.07	0.07	0.06	0.07	0.065	0.04	0.03	0.125
0.045	0.175	0.135	0.22	0.125	0.01	0.045	0.035	0.04	0.04	0.03	0.1
0.165	0.125	0.12	0.105	0.115	0.115	0.04	0.06	0.03	0.02	0.025	0.08
0.05	0.265	0.105	0.155	0.12	0.085	0.055	0.03	0.03	0.02	0.02	0.065
0.155	0.095	0.22	0.135	0.075	0.06	0.07	0.06	0.02	0.03	0.01	0.07
0.06	0.295	0.145	0.195	0.065	0.07	0.035	0.04	0.03	0.005	0	0.06
0.145	0.08	0.235	0.09	0.14	0.085	0.075	0.03	0.03	0.02	0.01	0.06
0.185	0.14	0.1	0.175	0.07	0.13	0.025	0.045	0.02	0.03	0.045	0.035
0.05	0.235	0.21	0.075	0.17	0.08	0.08	0.015	0.02	0.005	0.015	0.045
0.07	0.105	0.265	0.185	0.06	0.1	0.045	0.065	0.01	0.02	0.02	0.055
0.075	0.105	0.15	0.195	0.18	0.065	0.11	0.02	0.04	0.015	0.005	0.04
0.075	0.105	0.075	0.19	0.23	0.11	0.03	0.09	0.025	0.02	0	0.05
0.245	0.13	0.075	0.155	0.09	0.11	0.075	0.01	0.055	0.01	0.015	0.03
0.12	0.31	0.155	0.07	0.08	0.075	0.09	0.02	0.005	0.035	0.015	0.025
0.11	0.2	0.305	0.06	0.08	0.085	0.045	0.06	0.025	0.01	0.005	0.015
0.045	0.24	0.2	0.2	0.08	0.045	0.04	0.035	0.055	0.02	0.005	0.035
0.085	0.115	0.27	0.18	0.185	0.035	0.03	0.01	0.035	0.03	0.01	0.015
0.265	0.14	0.055	0.205	0.115	0.125	0.015	0.025	0.02	0.01	0.005	0.02
0.145	0.375	0.16	0.05	0.1	0.025	0.07	0.01	0.005	0.005	0.025	0.03
0.225	0.185	0.29	0.075	0.04	0.09	0.04	0.035	0.01	0	0	0.01
0.02	0.31	0.225	0.275	0.07	0.03	0.03	0.01	0.01	0.015	0	0.005
0.17	0.025	0.37	0.145	0.2	0.03	0.01	0.01	0.005	0.005	0.01	0.02
0.11	0.325	0.035	0.28	0.085	0.105	0.025	0	0.015	0	0.015	0.005
#######PARAMETER SECTION#######
800	400	1200	-4	800	-0.25	1
0.18	0.01	1	-4	0.18	-0.25	1
-1.36	-5	-0.001	-4	-1.36	-0.25	1
0.1	0.05	0.3	-4	0.1	-0.25	1
0.2	0.01	0.5	-4	0.2	-0.25	1
0.75	0.20001	1	-3	0.75	-0.25	1
13.815511	-1	200	1	13.815511	-0.25	1
0	-1	1	-4	0	-0.25	1
0.6	1e-04	1.2	-3	0.6	-0.25	1
0	-10	10	-6	0	-1	1
0	-10	10	-6	0	-1	1
2	0	12	2	2	-0.5	1
1	0	12	2	1	-0.5	1
2	0	12	-2	2	-0.5	1
1	0	12	-2	1	-0.5	1
1.5	0	12	2	1.5	-0.5	1
2	0	12	2	2	-0.5	1
-15.0301450691108	-30	5	1	-15.0301450691108	-1	1
1	0.1	2	-1	1	-1	1
-1.54399197800355	-10	1.39	1	-1.54399197800355	-1	1
#######DEV CONSTRAINTS and DEVS#######
-15	15	2
-15	15	2
-15	15	2
0	0	0	0	0	0	0	0	0	0	0	0	0	0	0	0	0	0	0	0	0	0	0	0	0	0	0	0	0	0
0	0	0	0	0	0	0	0	0	0	0	0	0	0	0	0	0	0	0	0	0	0	0	0	0	0	0	0	0	0
0	0	0	0	0	0	0	0	0	0	0
#######LIKELIHOOD WEIGHTS#######
1
1
1
1
0
1
0
0
0
#######MISCELLANEOUS STUFF SECTION#######
2.5e-08
3
0.5	0.5	0.5	0.5	0.5	0.5	0.5	0.5	0.5	0.5	0.5	0.5
0.0229773699100256	0.320821300824607	0.904650535100891	0.994779874306442	0.999738809680904	0.999986992871533	0.999999352405202	0.999999967758134	0.999999998394772	0.99999999992008	0.999999999996021	0.999999999999802
0.2	0.2	0.2	0.2	0.2	0.2	0.2	0.2	0.2	0.2	0.2	0.2
0
1
10
0.2
1
1	0	0	0	0	0	0	0	0	0	0	0
0	1	0	0	0	0	0	0	0	0	0	0
0	0	1	0	0	0	0	0	0	0	0	0
0	0	0	1	0	0	0	0	0	0	0	0
0	0	0	0	1	0	0	0	0	0	0	0
0	0	0	0	0	1	0	0	0	0	0	0
0	0	0	0	0	0	1	0	0	0	0	0
0	0	0	0	0	0	0	1	0	0	0	0
0	0	0	0	0	0	0	0	1	0	0	0
0	0	0	0	0	0	0	0	0	1	0	0
0	0	0	0	0	0	0	0	0	0	1	0
0	0	0	0	0	0	0	0	0	0	0	1
40
31
2
1
#######END OF DATA FILE#######
999
