# Number of parameters = 73  Objective function value = 26269.6  Maximum gradient component = 0.00194120
# sel_params[1]:
2.00000000000
# sel_params[2]:
1.00000000000
# log_Fmult_year1:
 -4.63032652846
# log_Fmult_devs:
 1.07020245514 0.510242552439 0.306578686352 -0.236819073656 0.580131291751 0.0134036991565 0.738555741190 -0.535296546344 0.189920406153 0.135186377898 0.0567059913604 -0.329683904508 0.366789598800 0.0717711230668 -0.111414752767 0.677173138553 -0.184996321599 -0.0172464912859 -0.0180747113013 0.332434985712 -0.322402503921 0.505218878227 -0.193226595997 -0.0181544359316 -0.0997362088611 -0.0367259478790 0.313588396669 -0.283197807292 0.417515390996
# log_recruit_devs:
 -0.0892682854018 0.214896611603 0.0408392603021 -0.282213623393 0.345461877362 0.270298137602 -0.0122505872868 0.0839419417621 -0.00337464443817 0.174848000675 0.107558247345 -0.126296260684 -0.161427127085 0.0187973602036 -0.0603603386646 0.0726199688835 0.123698867586 -0.178302710636 -0.131537035509 -0.315948127029 0.128454454379 0.0429978616356 -0.0402966941230 -0.177061505059 0.158987008817 -0.263120006509 -0.0793107931347 0.0695306517160 0.112769873747 -0.0449323846674
# log_N_year1_devs:
 0.0190150002290 -0.0126596386987 -0.0383757100524 -0.0402083441564 -0.0806557100525 -0.170679680436 -0.0720395357688 -0.0207862561997 -0.0927643136216 -0.305377047899 -0.139133009320
# log_q_year1:
 -7.94335798193
# log_q_devs:
 0.00000000000 0.00000000000 0.00000000000 0.00000000000 0.00000000000 0.00000000000 0.00000000000 0.00000000000 0.00000000000 0.00000000000 0.00000000000 0.00000000000 0.00000000000 0.00000000000 0.00000000000 0.00000000000 0.00000000000 0.00000000000 0.00000000000 0.00000000000 0.00000000000 0.00000000000 0.00000000000 0.00000000000 0.00000000000 0.00000000000 0.00000000000 0.00000000000 0.00000000000
# index_sel_params[1]:
1.50000000000
# index_sel_params[2]:
0.500000000000
# log_SR_scaler:
6.91779526184
# SR_steepness:
0.750000000000
