# Number of parameters = 73  Objective function value = 26394.0  Maximum gradient component = 0.000888927
# sel_params[1]:
2.00000000000
# sel_params[2]:
1.00000000000
# log_Fmult_year1:
 -4.69234173101
# log_Fmult_devs:
 1.08390936584 0.513954986878 0.302417205180 -0.214860452760 0.583631084538 0.0192022442236 0.749507660259 -0.535651593841 0.198021089168 0.127356691640 0.0768212730273 -0.316508083165 0.363011222219 0.0602556917936 -0.115017925111 0.657463525017 -0.203028259990 -0.0138606575581 -0.00820513523987 0.327964833331 -0.321151166693 0.497261933312 -0.192110885656 -0.0209380454173 -0.0995440694092 -0.0421906558938 0.332567211410 -0.305521758831 0.398197914194
# log_recruit_devs:
 -0.0554176568074 0.154021531076 -0.132862412523 -0.193057499149 0.285044991268 0.255582533463 -0.0403707409128 0.0995509031458 -0.00353414597510 0.0508165520783 0.0407527754017 -0.100736655342 0.0257217091547 0.0309482637527 0.0366470403560 0.130689295340 0.103307155781 -0.262340519258 -0.211281472008 -0.284106987721 0.174200538562 0.117407510052 -0.0722394916825 -0.325064172950 0.155923933497 -0.244713743456 -0.0223500384806 0.129919892742 0.0991220211528 0.0584188894422
# log_N_year1_devs:
 0.0181109281949 0.0942940079234 -0.0141558096037 -0.0524700679132 -0.118858719021 -0.0974277313793 -0.0568242828381 -0.184839875027 0.0330592636637 0.134140115897 -0.0518638344004
# log_q_year1:
 -7.97081896192
# log_q_devs:
 0.00000000000 0.00000000000 0.00000000000 0.00000000000 0.00000000000 0.00000000000 0.00000000000 0.00000000000 0.00000000000 0.00000000000 0.00000000000 0.00000000000 0.00000000000 0.00000000000 0.00000000000 0.00000000000 0.00000000000 0.00000000000 0.00000000000 0.00000000000 0.00000000000 0.00000000000 0.00000000000 0.00000000000 0.00000000000 0.00000000000 0.00000000000 0.00000000000 0.00000000000
# index_sel_params[1]:
1.50000000000
# index_sel_params[2]:
0.500000000000
# log_SR_scaler:
6.91420828933
# SR_steepness:
0.750000000000
