# Number of parameters = 73  Objective function value = 26368.0  Maximum gradient component = 0.00218878
# sel_params[1]:
2.00000000000
# sel_params[2]:
1.00000000000
# log_Fmult_year1:
 -4.69752440902
# log_Fmult_devs:
 1.06658989576 0.525617932796 0.304191934608 -0.215727933063 0.583554032536 0.00659994579427 0.747664590793 -0.528031323918 0.207412734091 0.124610062865 0.0481791798829 -0.315849902641 0.382626854957 0.0511760426408 -0.101303145245 0.665657621879 -0.194829127551 -0.00356319961446 -0.00954407958143 0.343749807526 -0.309463018226 0.491315394588 -0.194787086334 -0.0177000334505 -0.0925136597652 -0.0369308978353 0.334947036273 -0.288557292207 0.409230891263
# log_recruit_devs:
 -0.0764762744235 0.257607201540 -0.0172966699637 -0.118952892787 0.234970138480 0.166552329464 -0.0146052989986 0.176047751567 -0.0190966948704 0.120308563487 0.124479275739 -0.118040852157 -0.106325145386 0.000622301724592 -0.00764444753144 0.0700123180711 0.0714252434146 -0.304355572204 -0.190538394524 -0.259056136259 0.165795835277 0.161511757101 -0.0985729300518 -0.146038898428 0.0368930064142 -0.249277858690 -0.0451494789804 0.115675133019 0.227102118061 -0.157575428103
# log_N_year1_devs:
 -0.0654054119719 -0.00285092759811 -0.0150764075860 -0.0405475154667 0.0112350369432 0.0777185026487 -0.128809053153 -0.233512842137 -0.0713278809772 0.00302897488043 0.00791678384186
# log_q_year1:
 -7.98173377238
# log_q_devs:
 0.00000000000 0.00000000000 0.00000000000 0.00000000000 0.00000000000 0.00000000000 0.00000000000 0.00000000000 0.00000000000 0.00000000000 0.00000000000 0.00000000000 0.00000000000 0.00000000000 0.00000000000 0.00000000000 0.00000000000 0.00000000000 0.00000000000 0.00000000000 0.00000000000 0.00000000000 0.00000000000 0.00000000000 0.00000000000 0.00000000000 0.00000000000 0.00000000000 0.00000000000
# index_sel_params[1]:
1.50000000000
# index_sel_params[2]:
0.500000000000
# log_SR_scaler:
6.91099845261
# SR_steepness:
0.750000000000
