# Number of parameters = 73  Objective function value = 26330.3  Maximum gradient component = 0.00172125
# sel_params[1]:
2.00000000000
# sel_params[2]:
1.00000000000
# log_Fmult_year1:
 -4.62767953603
# log_Fmult_devs:
 1.06283082373 0.506296791900 0.303322791015 -0.225585326758 0.584066008006 0.0215738812000 0.739345509905 -0.544987540220 0.192007996281 0.124552374276 0.0612121197613 -0.327121252836 0.375720016958 0.0618639652231 -0.104271620816 0.670895380992 -0.193308613450 -0.00602129342070 -0.0161917345040 0.345013582117 -0.319778529883 0.498077133066 -0.177404709111 -0.0146924817943 -0.0980344034271 -0.0339949061271 0.331718487477 -0.261849657099 0.421094174427
# log_recruit_devs:
 0.0146199427862 0.158172003556 -0.00786531403719 -0.157521670260 0.229690434406 0.237762791813 0.0645034130539 0.200722114520 0.0227903684852 -0.00600063637285 0.117528629690 -0.0445525251340 -0.172054630941 -0.0452723380616 -0.0659375831523 0.136579411117 0.172847347358 -0.335890473320 -0.183555253380 -0.292823602037 0.147676728328 0.104545709090 -0.0581316056529 -0.229353043906 0.144257388956 -0.343777568210 -0.0212405731428 0.0812985991143 0.159564693513 -0.0285827581772
# log_N_year1_devs:
 -0.0650222950142 -0.00965534214304 0.0684551932105 -0.137962881862 -0.131639524994 -0.124884643345 0.0148207898277 0.124342252867 -0.199019729710 -0.174617314239 -0.209011043524
# log_q_year1:
 -7.95838911223
# log_q_devs:
 0.00000000000 0.00000000000 0.00000000000 0.00000000000 0.00000000000 0.00000000000 0.00000000000 0.00000000000 0.00000000000 0.00000000000 0.00000000000 0.00000000000 0.00000000000 0.00000000000 0.00000000000 0.00000000000 0.00000000000 0.00000000000 0.00000000000 0.00000000000 0.00000000000 0.00000000000 0.00000000000 0.00000000000 0.00000000000 0.00000000000 0.00000000000 0.00000000000 0.00000000000
# index_sel_params[1]:
1.50000000000
# index_sel_params[2]:
0.500000000000
# log_SR_scaler:
6.91560760108
# SR_steepness:
0.750000000000
