#######GENERAL HEADER INPUT#######
1
30
1
30
1
30
30
12
1	2	3	4	5	6	7	8	9	10	11	12
12
1	2	3	4	5	6	7	8	9	10	11	12
1
101
1
1
#######SURVEY DATA#######
30
1	2	3	4	5	6	7	8	9	10	11	12	13	14	15	16	17	18	19	20	21	22	23	24	25	26	27	28	29	30
1.36150727701485	1.55345591492291	1.63644843468758	1.60377229073408	1.53735335055985	1.53821706660138	1.3526011978145	1.58516849223275	1.34428981420036	0.995962331575535	1.08629849834584	1.04093622593272	1.15872894140908	1.1505279161425	0.983978536884258	1.16239810594811	0.918175732159819	1.00961674729014	0.843161233791347	0.825226810425859	0.583692094878628	0.850220328360023	0.677337338747775	0.53411886277566	0.628560500371917	0.57264523700961	0.524894566091669	0.499147739935014	0.502028041212864	0.51945059536731
0.2	0.2	0.2	0.2	0.2	0.2	0.2	0.2	0.2	0.2	0.2	0.2	0.2	0.2	0.2	0.2	0.2	0.2	0.2	0.2	0.2	0.2	0.2	0.2	0.2	0.2	0.2	0.2	0.2	0.2
30
1	2	3	4	5	6	7	8	9	10	11	12	13	14	15	16	17	18	19	20	21	22	23	24	25	26	27	28	29	30
200	200	200	200	200	200	200	200	200	200	200	200	200	200	200	200	200	200	200	200	200	200	200	200	200	200	200	200	200	200
200	200	200	200	200	200	200	200	200	200	200	200	200	200	200	200	200	200	200	200	200	200	200	200	200	200	200	200	200	200
0.04	0.16	0.13	0.14	0.09	0.06	0.05	0.05	0.06	0.055	0.035	0.13
0.055	0.12	0.17	0.11	0.095	0.095	0.09	0.065	0.04	0.03	0.015	0.115
0.06	0.14	0.16	0.125	0.09	0.1	0.07	0.06	0.045	0.015	0.015	0.12
0.025	0.16	0.15	0.095	0.11	0.11	0.07	0.045	0.03	0.03	0.02	0.155
0.08	0.135	0.155	0.145	0.09	0.065	0.055	0.075	0.02	0.07	0.01	0.1
0.065	0.18	0.15	0.145	0.095	0.04	0.065	0.025	0.04	0.04	0.025	0.13
0.05	0.13	0.19	0.07	0.095	0.1	0.06	0.06	0.01	0.065	0.035	0.135
0.07	0.155	0.175	0.225	0.055	0.055	0.055	0.035	0.02	0.02	0	0.135
0.075	0.155	0.16	0.135	0.09	0.085	0.065	0.055	0.025	0.005	0.01	0.14
0.055	0.155	0.185	0.085	0.175	0.105	0.02	0.025	0.055	0.015	0.01	0.115
0.085	0.175	0.17	0.15	0.085	0.1	0.065	0.03	0.035	0.025	0.015	0.065
0.075	0.195	0.15	0.125	0.11	0.075	0.08	0.055	0.025	0.01	0.015	0.085
0.06	0.185	0.19	0.15	0.1	0.065	0.07	0.015	0.03	0.035	0.005	0.095
0.06	0.185	0.235	0.16	0.09	0.04	0.055	0.04	0.035	0.015	0.01	0.075
0.06	0.23	0.2	0.125	0.11	0.095	0.06	0.035	0	0.03	0.03	0.025
0.125	0.19	0.17	0.16	0.09	0.055	0.06	0.035	0.025	0.01	0.025	0.055
0.105	0.255	0.165	0.14	0.08	0.055	0.045	0.015	0.02	0.03	0.025	0.065
0.095	0.285	0.22	0.11	0.095	0.06	0.025	0.025	0.02	0.015	0.025	0.025
0.095	0.175	0.215	0.215	0.065	0.075	0.05	0.025	0.025	0.03	0.005	0.025
0.09	0.21	0.18	0.155	0.1	0.06	0.065	0.04	0.04	0.03	0.01	0.02
0.125	0.2	0.18	0.19	0.075	0.08	0.045	0.03	0.01	0.03	0	0.035
0.115	0.28	0.22	0.115	0.07	0.075	0.055	0.02	0.01	0.015	0.005	0.02
0.095	0.265	0.21	0.09	0.13	0.03	0.06	0.02	0.025	0.03	0.005	0.04
0.095	0.19	0.245	0.18	0.095	0.04	0.065	0.025	0.015	0	0.015	0.035
0.13	0.22	0.18	0.2	0.06	0.08	0.05	0.03	0.01	0.03	0	0.01
0.11	0.27	0.205	0.15	0.085	0.065	0.045	0.01	0.02	0.01	0.005	0.025
0.1	0.21	0.32	0.15	0.08	0.04	0.05	0.015	0.005	0.015	0.01	0.005
0.12	0.285	0.15	0.21	0.11	0.05	0.04	0	0.005	0	0.005	0.025
0.145	0.305	0.225	0.13	0.065	0.045	0.05	0.02	0.005	0.005	0	0.005
0.095	0.31	0.3	0.115	0.085	0.03	0.025	0.015	0.015	0.01	0	0
#######LANDINGS DATA#######
1
30
161.428721874812	469.475294708966	762.326529483253	1006.24021760192	767.025262277364	1315.81135098917	1289.35745643735	2475.04101428325	1323.93338623191	1531.43194262816	1604.52722069645	1607.86041898573	1111.72551241461	1521.88102836569	1502.06002638106	1270.99596167416	2247.72157471174	1616.57107713115	1456.47714974567	1327.37899176029	1627.40636437411	1075.23825606588	1635.25794744794	1195.28086400853	1120.62125224859	965.251543691492	920.8210393116	1209.64251944232	878.513574627599	1275.83841773629
0.01	0.01	0.01	0.01	0.01	0.01	0.01	0.01	0.01	0.01	0.01	0.01	0.01	0.01	0.01	0.01	0.01	0.01	0.01	0.01	0.01	0.01	0.01	0.01	0.01	0.01	0.01	0.01	0.01	0.01
30
1	2	3	4	5	6	7	8	9	10	11	12	13	14	15	16	17	18	19	20	21	22	23	24	25	26	27	28	29	30
200	200	200	200	200	200	200	200	200	200	200	200	200	200	200	200	200	200	200	200	200	200	200	200	200	200	200	200	200	200
200	200	200	200	200	200	200	200	200	200	200	200	200	200	200	200	200	200	200	200	200	200	200	200	200	200	200	200	200	200
0.06	0.115	0.095	0.125	0.1	0.095	0.075	0.04	0.02	0.055	0.035	0.185
0.09	0.105	0.09	0.095	0.105	0.12	0.06	0.04	0.07	0.05	0.03	0.145
0.085	0.125	0.11	0.11	0.1	0.075	0.06	0.045	0.07	0.06	0.02	0.14
0.055	0.125	0.14	0.105	0.1	0.085	0.08	0.065	0.025	0.045	0.035	0.14
0.1	0.1	0.105	0.175	0.085	0.08	0.06	0.065	0.07	0.035	0.025	0.1
0.125	0.13	0.105	0.075	0.115	0.105	0.065	0.075	0.025	0.04	0.035	0.105
0.09	0.135	0.17	0.1	0.11	0.09	0.075	0.04	0.06	0.03	0.015	0.085
0.085	0.105	0.195	0.17	0.075	0.075	0.07	0.025	0.055	0.035	0.02	0.09
0.09	0.155	0.13	0.12	0.11	0.06	0.08	0.055	0.02	0.01	0.035	0.135
0.05	0.145	0.155	0.125	0.105	0.13	0.045	0.04	0.02	0.03	0.01	0.145
0.105	0.18	0.145	0.13	0.08	0.095	0.045	0.03	0.02	0.055	0.035	0.08
0.1	0.155	0.135	0.155	0.085	0.055	0.11	0.07	0.03	0.015	0.03	0.06
0.105	0.11	0.23	0.13	0.115	0.08	0.07	0.03	0.025	0.02	0.02	0.065
0.13	0.115	0.13	0.14	0.14	0.1	0.07	0.06	0.035	0.02	0.01	0.05
0.13	0.125	0.15	0.115	0.145	0.11	0.05	0.065	0.02	0.025	0.035	0.03
0.11	0.12	0.155	0.155	0.11	0.105	0.065	0.06	0.015	0.025	0.025	0.055
0.12	0.245	0.12	0.145	0.09	0.06	0.085	0.015	0.04	0.01	0.015	0.055
0.1	0.15	0.215	0.145	0.09	0.055	0.045	0.055	0.05	0.045	0.01	0.04
0.12	0.15	0.24	0.135	0.095	0.08	0.055	0.04	0.025	0.02	0.02	0.02
0.105	0.16	0.195	0.155	0.14	0.045	0.055	0.035	0.03	0.02	0.03	0.03
0.14	0.18	0.18	0.14	0.13	0.075	0.06	0.03	0.02	0.01	0.005	0.03
0.145	0.185	0.18	0.125	0.085	0.11	0.06	0.03	0.035	0.01	0.005	0.03
0.1	0.225	0.255	0.105	0.075	0.08	0.045	0.02	0.02	0.035	0.025	0.015
0.135	0.22	0.2	0.215	0.08	0.045	0.03	0.035	0.01	0	0.005	0.025
0.14	0.175	0.195	0.185	0.105	0.05	0.025	0.035	0.03	0.03	0.01	0.02
0.17	0.235	0.155	0.12	0.14	0.065	0.03	0.035	0.005	0	0.02	0.025
0.19	0.165	0.215	0.14	0.11	0.08	0.035	0.03	0.015	0	0.01	0.01
0.19	0.2	0.15	0.18	0.095	0.05	0.06	0.035	0.01	0.005	0.01	0.015
0.19	0.26	0.195	0.105	0.12	0.055	0.025	0.03	0.01	0	0.005	0.005
0.14	0.29	0.225	0.085	0.09	0.045	0.065	0.02	0.025	0.005	0	0.01
#######PARAMETER SECTION#######
800	400	1200	-4	800	-0.25	1
0.18	0.01	1	-4	0.18	-0.25	1
-1.36	-5	-0.001	-4	-1.36	-0.25	1
0.1	0.05	0.3	-4	0.1	-0.25	1
0.2	0.01	0.5	-4	0.2	-0.25	1
0.75	0.20001	1	-3	0.75	-0.25	1
13.815511	-1	200	1	13.815511	-0.25	1
0	-1	1	-4	0	-0.25	1
0.2	1e-04	1.2	-3	0.2	-0.25	1
0	-10	10	-6	0	-1	1
0	-10	10	-6	0	-1	1
2	0	12	-2	2	-0.5	1
1	0	12	-2	1	-0.5	1
2	0	12	-2	2	-0.5	1
1	0	12	-2	1	-0.5	1
1.5	0	12	-2	1.5	-0.5	1
2	0	12	-2	2	-0.5	1
-14.8682006803499	-30	5	1	-14.8682006803499	-1	1
1	0.1	2	-1	1	-1	1
-1.51930887058023	-10	1.39	1	-1.51930887058023	-1	1
#######DEV CONSTRAINTS and DEVS#######
-15	15	2
-15	15	2
-15	15	2
0	0	0	0	0	0	0	0	0	0	0	0	0	0	0	0	0	0	0	0	0	0	0	0	0	0	0	0	0	0
0	0	0	0	0	0	0	0	0	0	0	0	0	0	0	0	0	0	0	0	0	0	0	0	0	0	0	0	0	0
0	0	0	0	0	0	0	0	0	0	0
#######LIKELIHOOD WEIGHTS#######
1
1
1
1
0
1
0
0
0
#######MISCELLANEOUS STUFF SECTION#######
2.5e-08
3
0.5	0.5	0.5	0.5	0.5	0.5	0.5	0.5	0.5	0.5	0.5	0.5
0.0229773699100256	0.320821300824607	0.904650535100891	0.994779874306442	0.999738809680904	0.999986992871533	0.999999352405202	0.999999967758134	0.999999998394772	0.99999999992008	0.999999999996021	0.999999999999802
0.2	0.2	0.2	0.2	0.2	0.2	0.2	0.2	0.2	0.2	0.2	0.2
0
1
10
0.2
1
1	0	0	0	0	0	0	0	0	0	0	0
0	1	0	0	0	0	0	0	0	0	0	0
0	0	1	0	0	0	0	0	0	0	0	0
0	0	0	1	0	0	0	0	0	0	0	0
0	0	0	0	1	0	0	0	0	0	0	0
0	0	0	0	0	1	0	0	0	0	0	0
0	0	0	0	0	0	1	0	0	0	0	0
0	0	0	0	0	0	0	1	0	0	0	0
0	0	0	0	0	0	0	0	1	0	0	0
0	0	0	0	0	0	0	0	0	1	0	0
0	0	0	0	0	0	0	0	0	0	1	0
0	0	0	0	0	0	0	0	0	0	0	1
40
31
2
1
#######END OF DATA FILE#######
999
