#styr																																				
1
#endyr																																			
30
#rec_age																																	
1																																						#n_ages																																		
12
# numbers of length intervals
81
#Length	bin
10	11	12	13	14	15	16	17	18	19	20	21	22	23	24	25	26	27	28	29	30	31	32	33	34	35	36	37	38	39	40	41	42	43	44	45	46	47	48	49	50	51	52	53	54	55	56	57	58	59	60	61	62	63	64	65	66	67	68	69	70	71	72	73	74	75	76	77	78	79	80	81	82	83	84	85	86	87	88	89	90
#nfsh
1
#names_fsh
OM1																																				
#catch																																			
160.760137315185	468.830908878676	763.566401283514	996.044472488449	765.469101926399	1325.32216118507	1273.054357035	2490.24627751858	1330.77631698998	1530.56679471545	1611.4032826057	1614.01334297527	1109.44074742862	1520.20471814723	1503.28837453172	1270.04112438196	2251.37340848041	1603.27262304349	1450.61906395341	1307.18626211814	1633.79532229163	1078.46577394715	1625.15560814713	1206.64801593037	1116.87799854906	968.851589012504	926.935616109363	1206.4823511362	875.846537703913	1274.83768779576
#catch_cv																																		
0.01	0.01	0.01	0.01	0.01	0.01	0.01	0.01	0.01	0.01	0.01	0.01	0.01	0.01	0.01	0.01	0.01	0.01	0.01	0.01	0.01	0.01	0.01	0.01	0.01	0.01	0.01	0.01	0.01	0.01
#n_ages_fsh																															
30																			
#n_lengths_fsh																															
0																																						
#yrs_ages_fsh																																
1	2	3	4	5	6	7	8	9	10	11	12	13	14	15	16	17	18	19	20	21	22	23	24	25	26	27	28	29	30						
#sample_ages_fsh																														
200	200	200	200	200	200	200	200	200	200	200	200	200	200	200	200	200	200	200	200	200	200	200	200	200	200	200	200	200	200
#page_fsh	2	3	4	5	6	7	8	9	10	11																						
0.055	0.13	0.105	0.145	0.115	0.095	0.075	0.06	0.055	0.04	0.035	0.09
0.08	0.11	0.13	0.13	0.115	0.095	0.045	0.04	0.04	0.055	0.025	0.135
0.06	0.095	0.135	0.14	0.075	0.095	0.065	0.055	0.045	0.035	0.03	0.17
0.05	0.095	0.1	0.18	0.125	0.06	0.07	0.075	0.045	0.05	0.02	0.13
0.085	0.125	0.13	0.13	0.13	0.045	0.065	0.045	0.075	0.035	0.025	0.11
0.095	0.155	0.095	0.17	0.09	0.065	0.04	0.055	0.035	0.045	0.015	0.14
0.055	0.135	0.21	0.125	0.035	0.1	0.085	0.055	0.045	0.035	0.02	0.1
0.095	0.12	0.205	0.125	0.075	0.095	0.05	0.05	0.03	0.05	0.01	0.095
0.065	0.185	0.145	0.095	0.155	0.05	0.06	0.05	0.025	0.04	0.02	0.11
0.09	0.095	0.135	0.12	0.16	0.12	0.06	0.05	0.03	0.06	0.015	0.065
0.12	0.15	0.13	0.14	0.105	0.09	0.05	0.02	0.02	0.035	0.025	0.115
0.055	0.165	0.16	0.11	0.135	0.085	0.05	0.07	0.045	0.03	0.035	0.06
0.09	0.1	0.14	0.205	0.1	0.09	0.06	0.045	0.045	0.02	0.015	0.09
0.085	0.16	0.175	0.105	0.135	0.08	0.075	0.035	0.045	0.025	0.01	0.07
0.07	0.125	0.19	0.16	0.12	0.095	0.05	0.055	0.04	0.03	0.015	0.05
0.16	0.115	0.2	0.135	0.07	0.1	0.08	0.035	0.02	0.03	0.02	0.035
0.11	0.185	0.17	0.13	0.14	0.065	0.055	0.035	0.025	0.02	0.01	0.055
0.065	0.22	0.185	0.12	0.095	0.095	0.03	0.05	0.035	0.015	0.025	0.065
0.14	0.13	0.25	0.135	0.095	0.07	0.06	0.03	0.035	0.015	0.015	0.025
0.09	0.115	0.18	0.195	0.13	0.055	0.055	0.07	0.035	0.02	0.02	0.035
0.18	0.13	0.195	0.11	0.155	0.065	0.05	0.025	0.025	0.015	0.005	0.045
0.18	0.21	0.125	0.135	0.11	0.1	0.055	0.03	0.025	0.01	0.005	0.015
0.135	0.245	0.205	0.11	0.125	0.035	0.05	0.015	0.01	0.025	0.02	0.025
0.105	0.17	0.235	0.23	0.065	0.07	0.035	0.025	0.015	0.035	0.005	0.01
0.13	0.205	0.18	0.185	0.135	0.055	0.045	0.02	0.015	0.01	0.005	0.015
0.105	0.215	0.19	0.17	0.125	0.08	0.04	0.03	0.005	0.015	0.01	0.015
0.155	0.215	0.18	0.155	0.085	0.08	0.08	0.005	0.015	0	0.01	0.02
0.19	0.22	0.17	0.145	0.09	0.09	0.045	0.02	0.01	0.01	0.005	0.005
0.185	0.215	0.24	0.1	0.105	0.065	0.025	0.025	0.01	0.01	0.01	0.01
0.145	0.26	0.255	0.155	0.07	0.055	0.01	0.015	0.005	0.015	0	0.015
#wt_age_fsh	1 2	3	4	5	6	7	8	9	10	11																				
0.000530656	0.001196328	0.002058265	0.003034987	0.004055212	0.005064698	0.006026226	0.006916921	0.007724891	0.008446113	0.009081853	0.009636695
0.000530656	0.001196328	0.002058265	0.003034987	0.004055212	0.005064698	0.006026226	0.006916921	0.007724891	0.008446113	0.009081853	0.009636695
0.000530656	0.001196328	0.002058265	0.003034987	0.004055212	0.005064698	0.006026226	0.006916921	0.007724891	0.008446113	0.009081853	0.009636695
0.000530656	0.001196328	0.002058265	0.003034987	0.004055212	0.005064698	0.006026226	0.006916921	0.007724891	0.008446113	0.009081853	0.009636695
0.000530656	0.001196328	0.002058265	0.003034987	0.004055212	0.005064698	0.006026226	0.006916921	0.007724891	0.008446113	0.009081853	0.009636695
0.000530656	0.001196328	0.002058265	0.003034987	0.004055212	0.005064698	0.006026226	0.006916921	0.007724891	0.008446113	0.009081853	0.009636695
0.000530656	0.001196328	0.002058265	0.003034987	0.004055212	0.005064698	0.006026226	0.006916921	0.007724891	0.008446113	0.009081853	0.009636695
0.000530656	0.001196328	0.002058265	0.003034987	0.004055212	0.005064698	0.006026226	0.006916921	0.007724891	0.008446113	0.009081853	0.009636695
0.000530656	0.001196328	0.002058265	0.003034987	0.004055212	0.005064698	0.006026226	0.006916921	0.007724891	0.008446113	0.009081853	0.009636695
0.000530656	0.001196328	0.002058265	0.003034987	0.004055212	0.005064698	0.006026226	0.006916921	0.007724891	0.008446113	0.009081853	0.009636695
0.000530656	0.001196328	0.002058265	0.003034987	0.004055212	0.005064698	0.006026226	0.006916921	0.007724891	0.008446113	0.009081853	0.009636695
0.000530656	0.001196328	0.002058265	0.003034987	0.004055212	0.005064698	0.006026226	0.006916921	0.007724891	0.008446113	0.009081853	0.009636695
0.000530656	0.001196328	0.002058265	0.003034987	0.004055212	0.005064698	0.006026226	0.006916921	0.007724891	0.008446113	0.009081853	0.009636695
0.000530656	0.001196328	0.002058265	0.003034987	0.004055212	0.005064698	0.006026226	0.006916921	0.007724891	0.008446113	0.009081853	0.009636695
0.000530656	0.001196328	0.002058265	0.003034987	0.004055212	0.005064698	0.006026226	0.006916921	0.007724891	0.008446113	0.009081853	0.009636695
0.000530656	0.001196328	0.002058265	0.003034987	0.004055212	0.005064698	0.006026226	0.006916921	0.007724891	0.008446113	0.009081853	0.009636695
0.000530656	0.001196328	0.002058265	0.003034987	0.004055212	0.005064698	0.006026226	0.006916921	0.007724891	0.008446113	0.009081853	0.009636695
0.000530656	0.001196328	0.002058265	0.003034987	0.004055212	0.005064698	0.006026226	0.006916921	0.007724891	0.008446113	0.009081853	0.009636695
0.000530656	0.001196328	0.002058265	0.003034987	0.004055212	0.005064698	0.006026226	0.006916921	0.007724891	0.008446113	0.009081853	0.009636695
0.000530656	0.001196328	0.002058265	0.003034987	0.004055212	0.005064698	0.006026226	0.006916921	0.007724891	0.008446113	0.009081853	0.009636695
0.000530656	0.001196328	0.002058265	0.003034987	0.004055212	0.005064698	0.006026226	0.006916921	0.007724891	0.008446113	0.009081853	0.009636695
0.000530656	0.001196328	0.002058265	0.003034987	0.004055212	0.005064698	0.006026226	0.006916921	0.007724891	0.008446113	0.009081853	0.009636695
0.000530656	0.001196328	0.002058265	0.003034987	0.004055212	0.005064698	0.006026226	0.006916921	0.007724891	0.008446113	0.009081853	0.009636695
0.000530656	0.001196328	0.002058265	0.003034987	0.004055212	0.005064698	0.006026226	0.006916921	0.007724891	0.008446113	0.009081853	0.009636695
0.000530656	0.001196328	0.002058265	0.003034987	0.004055212	0.005064698	0.006026226	0.006916921	0.007724891	0.008446113	0.009081853	0.009636695
0.000530656	0.001196328	0.002058265	0.003034987	0.004055212	0.005064698	0.006026226	0.006916921	0.007724891	0.008446113	0.009081853	0.009636695
0.000530656	0.001196328	0.002058265	0.003034987	0.004055212	0.005064698	0.006026226	0.006916921	0.007724891	0.008446113	0.009081853	0.009636695
0.000530656	0.001196328	0.002058265	0.003034987	0.004055212	0.005064698	0.006026226	0.006916921	0.007724891	0.008446113	0.009081853	0.009636695
0.000530656	0.001196328	0.002058265	0.003034987	0.004055212	0.005064698	0.006026226	0.006916921	0.007724891	0.008446113	0.009081853	0.009636695
0.000530656	0.001196328	0.002058265	0.003034987	0.004055212	0.005064698	0.006026226	0.006916921	0.007724891	0.008446113	0.009081853	0.009636695

#nind
1
#ind_names																																	
survey_index1																																
#nobs_ind
30
#yrs_ind																																		
1	2	3	4	5	6	7	8	9	10	11	12	13	14	15	16	17	18	19	20	21	22	23	24	25	26	27	28	29	30	
#month_ind																																	
1																																						
#biom_ind																																		
1.78480774544683	1.4798368509388	1.54091820460878	1.32184742890694	1.34292829822982	1.32985700542719	1.90296533680976	1.34299983991938	1.28442381265013	1.24359504054151	1.36652626451793	1.06084104739248	1.10590035879681	1.1448505617836	0.984094626465112	1.14062188463536	0.997928721256762	1.01954497871082	0.800371631525662	0.681699242725666	0.8199745548687	0.6359225144627	0.739286684127113	0.548709929251579	0.526734376113181	0.608754067116939	0.56335109165639	0.494972486623905	0.551804065965095	0.554175522579525
#biom_cv																				
0.356961549089366	0.295967370187759	0.308183640921755	0.264369485781389	0.268585659645963	0.265971401085437	0.380593067361952	0.268599967983877	0.256884762530025	0.248719008108302	0.273305252903585	0.212168209478496	0.221180071759363	0.22897011235672	0.196818925293022	0.228124376927072	0.199585744251352	0.203908995742164	0.160074326305132	0.136339848545133	0.16399491097374	0.12718450289254	0.147857336825423	0.109741985850316	0.105346875222636	0.121750813423388	0.112670218331278	0.098994497324781	0.110360813193019	0.110835104515905
#n_ages_ind																																	
30			
#n_lengths_ind																															
0																																						
#yrs_ages_ind																																
1	2	3	4	5	6	7	8	9	10	11	12	13	14	15	16	17	18	19	20	21	22	23	24	25	26	27	28	29	30																						
#sample_ages_ind																														
200	200	200	200	200	200	200	200	200	200	200	200	200	200	200	200	200	200	200	200	200	200	200	200	200	200	200	200	200	200
#page_ind																																		
0.07	0.12	0.125	0.125	0.115	0.085	0.07	0.04	0.04	0.065	0.02	0.125
0.06	0.13	0.14	0.105	0.15	0.08	0.05	0.05	0.04	0.05	0.025	0.12
0.075	0.135	0.145	0.135	0.165	0.085	0.025	0.035	0.02	0.025	0.04	0.115
0.07	0.125	0.165	0.105	0.075	0.07	0.065	0.06	0.05	0.02	0.025	0.17
0.1	0.105	0.105	0.175	0.11	0.075	0.05	0.05	0.045	0.01	0.03	0.145
0.1	0.17	0.085	0.105	0.1	0.085	0.06	0.09	0.05	0.03	0.03	0.095
0.055	0.13	0.215	0.09	0.085	0.095	0.09	0.055	0.045	0.03	0.005	0.105
0.085	0.11	0.19	0.165	0.085	0.09	0.065	0.03	0.03	0.045	0.015	0.09
0.07	0.2	0.125	0.18	0.11	0.065	0.035	0.05	0.035	0.035	0.02	0.075
0.1	0.19	0.175	0.145	0.09	0.095	0.035	0.04	0.035	0.01	0.005	0.08
0.11	0.16	0.11	0.14	0.095	0.09	0.105	0.025	0.025	0.035	0.015	0.09
0.04	0.22	0.195	0.145	0.15	0.05	0.05	0.04	0.005	0.015	0.03	0.06
0.07	0.175	0.205	0.15	0.11	0.055	0.05	0.05	0.03	0.03	0.005	0.07
0.1	0.15	0.185	0.16	0.16	0.035	0.04	0.035	0.045	0.03	0.02	0.04
0.06	0.26	0.145	0.12	0.09	0.075	0.07	0.035	0.035	0.04	0.015	0.055
0.085	0.2	0.205	0.095	0.11	0.1	0.065	0.04	0.025	0.01	0.015	0.05
0.055	0.225	0.175	0.145	0.14	0.065	0.045	0.02	0.04	0.03	0.005	0.055
0.115	0.22	0.21	0.16	0.085	0.07	0.03	0.035	0.02	0.005	0.02	0.03
0.07	0.175	0.265	0.165	0.095	0.065	0.04	0.04	0.02	0.015	0.02	0.03
0.075	0.175	0.21	0.185	0.135	0.06	0.03	0.04	0.015	0.03	0.01	0.035
0.155	0.215	0.14	0.12	0.135	0.105	0.045	0.025	0.01	0.015	0.015	0.02
0.15	0.3	0.165	0.135	0.06	0.075	0.045	0.015	0.01	0.02	0.005	0.02
0.13	0.265	0.295	0.095	0.09	0.05	0.035	0.01	0.015	0.005	0	0.01
0.09	0.22	0.24	0.225	0.055	0.065	0.035	0.03	0.015	0.015	0.005	0.005
0.14	0.195	0.225	0.175	0.13	0.025	0.04	0.03	0.025	0.005	0	0.01
0.08	0.28	0.175	0.15	0.115	0.07	0.055	0.04	0.015	0.005	0	0.015
0.12	0.175	0.29	0.16	0.09	0.07	0.05	0.015	0.02	0.01	0	0
0.145	0.295	0.175	0.16	0.08	0.055	0.025	0.025	0.005	0.015	0.01	0.01
0.18	0.315	0.175	0.115	0.085	0.055	0.025	0.025	0.01	0.005	0	0.01
0.1	0.28	0.255	0.1	0.095	0.07	0.055	0.005	0.02	0.01	0	0.01
#wt_age_ind																																	
1 1 1 1 1 1 1 1 1 1 1 1 
1 1 1 1 1 1 1 1 1 1 1 1 
1 1 1 1 1 1 1 1 1 1 1 1 
1 1 1 1 1 1 1 1 1 1 1 1 
1 1 1 1 1 1 1 1 1 1 1 1 
1 1 1 1 1 1 1 1 1 1 1 1 
1 1 1 1 1 1 1 1 1 1 1 1 
1 1 1 1 1 1 1 1 1 1 1 1 
1 1 1 1 1 1 1 1 1 1 1 1 
1 1 1 1 1 1 1 1 1 1 1 1 
1 1 1 1 1 1 1 1 1 1 1 1 
1 1 1 1 1 1 1 1 1 1 1 1 
1 1 1 1 1 1 1 1 1 1 1 1 
1 1 1 1 1 1 1 1 1 1 1 1 
1 1 1 1 1 1 1 1 1 1 1 1 
1 1 1 1 1 1 1 1 1 1 1 1 
1 1 1 1 1 1 1 1 1 1 1 1 
1 1 1 1 1 1 1 1 1 1 1 1 
1 1 1 1 1 1 1 1 1 1 1 1 
1 1 1 1 1 1 1 1 1 1 1 1 
1 1 1 1 1 1 1 1 1 1 1 1 
1 1 1 1 1 1 1 1 1 1 1 1 
1 1 1 1 1 1 1 1 1 1 1 1 
1 1 1 1 1 1 1 1 1 1 1 1 
1 1 1 1 1 1 1 1 1 1 1 1 
1 1 1 1 1 1 1 1 1 1 1 1 
1 1 1 1 1 1 1 1 1 1 1 1 
1 1 1 1 1 1 1 1 1 1 1 1 
1 1 1 1 1 1 1 1 1 1 1 1 
1 1 1 1 1 1 1 1 1 1 1 1 
# wt_pop
0.000530656	0.001196328	0.002058265	0.003034987	0.004055212	0.005064698	0.006026226	0.006916921	0.007724891	0.008446113	0.009081853	0.009636695
#maturity
0.02297737 0.32082130 0.90465054 0.99477987 0.99973881 0.99998699 0.99999935 0.99999997 1 1 1 1
#spmonth																																		
1		
#age_err																																		
1	0	0	0	0	0	0	0	0	0	0	0
0	1	0	0	0	0	0	0	0	0	0	0
0	0	1	0	0	0	0	0	0	0	0	0
0	0	0	1	0	0	0	0	0	0	0	0
0	0	0	0	1	0	0	0	0	0	0	0
0	0	0	0	0	1	0	0	0	0	0	0
0	0	0	0	0	0	1	0	0	0	0	0
0	0	0	0	0	0	0	1	0	0	0	0
0	0	0	0	0	0	0	0	1	0	0	0
0	0	0	0	0	0	0	0	0	1	0	0
0	0	0	0	0	0	0	0	0	0	1	0
0	0	0	0	0	0	0	0	0	0	0	1																														
