# Number of parameters = 73  Objective function value = 26410.9  Maximum gradient component = 0.0247957
# sel_params[1]:
2.00000000000
# sel_params[2]:
1.00000000000
# log_Fmult_year1:
 -4.70726803988
# log_Fmult_devs:
 1.08783827646 0.503295948228 0.305276208728 -0.218230007653 0.577524455503 0.0285535854929 0.737870935312 -0.534425679439 0.179373014072 0.128638342873 0.0659777604392 -0.309984478777 0.375709055081 0.0622926031083 -0.106330173865 0.675293794571 -0.201529535099 -0.0218398096244 -0.0243242631974 0.330451242055 -0.309515672134 0.510698088211 -0.187608303468 -0.00181178178454 -0.0761211058375 -0.0106686539780 0.332916862123 -0.288892296431 0.407032893010
# log_recruit_devs:
 0.0821866787478 0.198512153475 -0.0716598322903 -0.296326784147 0.384951423650 0.260423418297 0.0287023483424 0.172434836879 -0.0187191629878 0.0164760208266 0.0978714060511 -0.105986190588 -0.0712648293954 0.0348038080896 -0.109725421557 0.146249184317 0.157881887975 -0.231444157270 -0.129015417628 -0.271693394226 0.0327140106675 0.0664942838984 -0.141671329285 -0.232885133447 0.0543754286481 -0.372965099895 -0.0478417286568 0.248853803880 0.0910245056942 0.0272432819352
# log_N_year1_devs:
 0.0327028260176 -0.0524271632340 -0.125257891205 -0.0554227809586 -0.0978369359553 0.0540641179741 0.0739721140534 -0.202608931942 0.00631316135113 0.0784209815286 -0.0101570815236
# log_q_year1:
 -7.95742968678
# log_q_devs:
 0.00000000000 0.00000000000 0.00000000000 0.00000000000 0.00000000000 0.00000000000 0.00000000000 0.00000000000 0.00000000000 0.00000000000 0.00000000000 0.00000000000 0.00000000000 0.00000000000 0.00000000000 0.00000000000 0.00000000000 0.00000000000 0.00000000000 0.00000000000 0.00000000000 0.00000000000 0.00000000000 0.00000000000 0.00000000000 0.00000000000 0.00000000000 0.00000000000 0.00000000000
# index_sel_params[1]:
1.50000000000
# index_sel_params[2]:
0.500000000000
# log_SR_scaler:
6.90841624861
# SR_steepness:
0.750000000000
