#styr																																				
1
#endyr																																			
30
#rec_age																																	
1																																						#n_ages																																		
12
# numbers of length intervals
81
#Length	bin
10	11	12	13	14	15	16	17	18	19	20	21	22	23	24	25	26	27	28	29	30	31	32	33	34	35	36	37	38	39	40	41	42	43	44	45	46	47	48	49	50	51	52	53	54	55	56	57	58	59	60	61	62	63	64	65	66	67	68	69	70	71	72	73	74	75	76	77	78	79	80	81	82	83	84	85	86	87	88	89	90
#nfsh
1
#names_fsh
OM1																																				
#catch																																			
161.253286857482	471.185032380733	761.342737307517	1002.07174091964	765.842954281042	1316.51071300472	1286.15653170916	2462.79293531224	1328.15035436787	1521.30914011398	1619.44564221921	1603.72990836291	1103.67469238188	1530.75020027222	1496.12605760343	1278.94049713472	2258.75992760954	1615.65080714606	1448.64046056102	1313.8403561428	1631.33484711293	1079.76997276734	1634.38421729622	1208.09606198163	1113.0275545838	972.643212518003	922.778687626312	1213.02111524993	869.987145971786	1290.1277612311
#catch_cv																																		
0.01	0.01	0.01	0.01	0.01	0.01	0.01	0.01	0.01	0.01	0.01	0.01	0.01	0.01	0.01	0.01	0.01	0.01	0.01	0.01	0.01	0.01	0.01	0.01	0.01	0.01	0.01	0.01	0.01	0.01
#n_ages_fsh																															
30																			
#n_lengths_fsh																															
0																																						
#yrs_ages_fsh																																
1	2	3	4	5	6	7	8	9	10	11	12	13	14	15	16	17	18	19	20	21	22	23	24	25	26	27	28	29	30						
#sample_ages_fsh																														
200	200	200	200	200	200	200	200	200	200	200	200	200	200	200	200	200	200	200	200	200	200	200	200	200	200	200	200	200	200
#page_fsh	2	3	4	5	6	7	8	9	10	11																						
0.085	0.105	0.155	0.105	0.105	0.075	0.07	0.095	0.025	0.03	0.01	0.14
0.1	0.155	0.105	0.09	0.085	0.09	0.08	0.08	0.055	0.025	0.03	0.105
0.085	0.15	0.135	0.105	0.09	0.085	0.06	0.045	0.04	0.035	0.035	0.135
0.065	0.08	0.095	0.145	0.145	0.075	0.05	0.085	0.04	0.04	0.065	0.115
0.095	0.05	0.1	0.17	0.1	0.1	0.075	0.04	0.06	0.045	0.005	0.16
0.12	0.165	0.085	0.105	0.09	0.085	0.05	0.055	0.04	0.035	0.03	0.14
0.075	0.135	0.13	0.095	0.095	0.085	0.05	0.085	0.045	0.04	0.025	0.14
0.105	0.08	0.155	0.18	0.06	0.105	0.075	0.05	0.025	0.02	0.02	0.125
0.055	0.135	0.14	0.21	0.11	0.075	0.05	0.04	0.03	0.025	0.02	0.11
0.06	0.115	0.165	0.14	0.17	0.095	0.03	0.045	0.04	0.02	0.02	0.1
0.07	0.155	0.175	0.125	0.08	0.105	0.075	0.04	0.045	0.03	0.03	0.07
0.065	0.14	0.165	0.13	0.135	0.065	0.095	0.065	0.035	0.015	0.03	0.06
0.11	0.115	0.195	0.105	0.1	0.105	0.07	0.07	0.05	0	0.015	0.065
0.095	0.14	0.21	0.16	0.105	0.075	0.075	0.02	0.04	0	0.02	0.06
0.12	0.14	0.14	0.13	0.13	0.09	0.06	0.08	0.02	0.02	0.015	0.055
0.11	0.18	0.145	0.095	0.085	0.13	0.055	0.06	0.04	0.02	0.01	0.07
0.125	0.175	0.185	0.135	0.085	0.06	0.03	0.07	0.035	0.035	0.02	0.045
0.08	0.185	0.185	0.165	0.09	0.07	0.055	0.06	0.02	0.03	0.015	0.045
0.09	0.16	0.195	0.17	0.1	0.115	0.045	0.06	0.03	0.01	0	0.025
0.14	0.15	0.195	0.165	0.135	0.06	0.05	0.025	0.015	0.03	0.005	0.03
0.155	0.17	0.185	0.11	0.105	0.08	0.065	0.035	0.05	0.005	0.015	0.025
0.185	0.25	0.11	0.14	0.09	0.08	0.045	0.005	0.04	0.015	0	0.04
0.13	0.22	0.225	0.115	0.095	0.055	0.065	0.015	0.025	0.015	0.01	0.03
0.095	0.175	0.225	0.21	0.08	0.11	0.05	0.005	0.015	0.01	0.005	0.02
0.2	0.16	0.15	0.23	0.095	0.05	0.035	0.02	0.02	0.02	0.01	0.01
0.14	0.205	0.2	0.12	0.135	0.05	0.06	0.03	0.01	0.025	0.015	0.01
0.19	0.18	0.22	0.145	0.105	0.07	0.045	0.015	0.005	0	0.01	0.015
0.195	0.21	0.175	0.18	0.06	0.035	0.065	0.04	0.005	0.015	0.005	0.015
0.23	0.21	0.205	0.155	0.11	0.025	0.04	0.005	0.01	0	0	0.01
0.135	0.275	0.175	0.14	0.07	0.075	0.03	0.045	0.025	0.02	0	0.01
#wt_age_fsh	1 2	3	4	5	6	7	8	9	10	11																				
0.000530656	0.001196328	0.002058265	0.003034987	0.004055212	0.005064698	0.006026226	0.006916921	0.007724891	0.008446113	0.009081853	0.009636695
0.000530656	0.001196328	0.002058265	0.003034987	0.004055212	0.005064698	0.006026226	0.006916921	0.007724891	0.008446113	0.009081853	0.009636695
0.000530656	0.001196328	0.002058265	0.003034987	0.004055212	0.005064698	0.006026226	0.006916921	0.007724891	0.008446113	0.009081853	0.009636695
0.000530656	0.001196328	0.002058265	0.003034987	0.004055212	0.005064698	0.006026226	0.006916921	0.007724891	0.008446113	0.009081853	0.009636695
0.000530656	0.001196328	0.002058265	0.003034987	0.004055212	0.005064698	0.006026226	0.006916921	0.007724891	0.008446113	0.009081853	0.009636695
0.000530656	0.001196328	0.002058265	0.003034987	0.004055212	0.005064698	0.006026226	0.006916921	0.007724891	0.008446113	0.009081853	0.009636695
0.000530656	0.001196328	0.002058265	0.003034987	0.004055212	0.005064698	0.006026226	0.006916921	0.007724891	0.008446113	0.009081853	0.009636695
0.000530656	0.001196328	0.002058265	0.003034987	0.004055212	0.005064698	0.006026226	0.006916921	0.007724891	0.008446113	0.009081853	0.009636695
0.000530656	0.001196328	0.002058265	0.003034987	0.004055212	0.005064698	0.006026226	0.006916921	0.007724891	0.008446113	0.009081853	0.009636695
0.000530656	0.001196328	0.002058265	0.003034987	0.004055212	0.005064698	0.006026226	0.006916921	0.007724891	0.008446113	0.009081853	0.009636695
0.000530656	0.001196328	0.002058265	0.003034987	0.004055212	0.005064698	0.006026226	0.006916921	0.007724891	0.008446113	0.009081853	0.009636695
0.000530656	0.001196328	0.002058265	0.003034987	0.004055212	0.005064698	0.006026226	0.006916921	0.007724891	0.008446113	0.009081853	0.009636695
0.000530656	0.001196328	0.002058265	0.003034987	0.004055212	0.005064698	0.006026226	0.006916921	0.007724891	0.008446113	0.009081853	0.009636695
0.000530656	0.001196328	0.002058265	0.003034987	0.004055212	0.005064698	0.006026226	0.006916921	0.007724891	0.008446113	0.009081853	0.009636695
0.000530656	0.001196328	0.002058265	0.003034987	0.004055212	0.005064698	0.006026226	0.006916921	0.007724891	0.008446113	0.009081853	0.009636695
0.000530656	0.001196328	0.002058265	0.003034987	0.004055212	0.005064698	0.006026226	0.006916921	0.007724891	0.008446113	0.009081853	0.009636695
0.000530656	0.001196328	0.002058265	0.003034987	0.004055212	0.005064698	0.006026226	0.006916921	0.007724891	0.008446113	0.009081853	0.009636695
0.000530656	0.001196328	0.002058265	0.003034987	0.004055212	0.005064698	0.006026226	0.006916921	0.007724891	0.008446113	0.009081853	0.009636695
0.000530656	0.001196328	0.002058265	0.003034987	0.004055212	0.005064698	0.006026226	0.006916921	0.007724891	0.008446113	0.009081853	0.009636695
0.000530656	0.001196328	0.002058265	0.003034987	0.004055212	0.005064698	0.006026226	0.006916921	0.007724891	0.008446113	0.009081853	0.009636695
0.000530656	0.001196328	0.002058265	0.003034987	0.004055212	0.005064698	0.006026226	0.006916921	0.007724891	0.008446113	0.009081853	0.009636695
0.000530656	0.001196328	0.002058265	0.003034987	0.004055212	0.005064698	0.006026226	0.006916921	0.007724891	0.008446113	0.009081853	0.009636695
0.000530656	0.001196328	0.002058265	0.003034987	0.004055212	0.005064698	0.006026226	0.006916921	0.007724891	0.008446113	0.009081853	0.009636695
0.000530656	0.001196328	0.002058265	0.003034987	0.004055212	0.005064698	0.006026226	0.006916921	0.007724891	0.008446113	0.009081853	0.009636695
0.000530656	0.001196328	0.002058265	0.003034987	0.004055212	0.005064698	0.006026226	0.006916921	0.007724891	0.008446113	0.009081853	0.009636695
0.000530656	0.001196328	0.002058265	0.003034987	0.004055212	0.005064698	0.006026226	0.006916921	0.007724891	0.008446113	0.009081853	0.009636695
0.000530656	0.001196328	0.002058265	0.003034987	0.004055212	0.005064698	0.006026226	0.006916921	0.007724891	0.008446113	0.009081853	0.009636695
0.000530656	0.001196328	0.002058265	0.003034987	0.004055212	0.005064698	0.006026226	0.006916921	0.007724891	0.008446113	0.009081853	0.009636695
0.000530656	0.001196328	0.002058265	0.003034987	0.004055212	0.005064698	0.006026226	0.006916921	0.007724891	0.008446113	0.009081853	0.009636695
0.000530656	0.001196328	0.002058265	0.003034987	0.004055212	0.005064698	0.006026226	0.006916921	0.007724891	0.008446113	0.009081853	0.009636695

#nind
1
#ind_names																																	
survey_index1																																
#nobs_ind
30
#yrs_ind																																		
1	2	3	4	5	6	7	8	9	10	11	12	13	14	15	16	17	18	19	20	21	22	23	24	25	26	27	28	29	30	
#month_ind																																	
1																																						
#biom_ind																																		
1.50725349387684	1.46945604019946	1.43032978867194	1.38669135005489	1.42110754419785	1.50197414029326	1.52556238888189	1.58165314498564	1.32443092250347	1.09192028423141	0.973835205436651	1.02066399908572	1.19534893486503	0.961375366070335	0.845066721125678	1.01764956096821	1.08960462357287	0.870339051390758	0.610014801467702	0.7338897370976	0.74342599477537	0.676621662203151	0.677230118944137	0.457362219426734	0.523164920894125	0.578100175979531	0.589064612630129	0.584620458860466	0.574364939546034	0.543032947267026
#biom_cv																				
0.301450698775368	0.293891208039892	0.286065957734388	0.277338270010977	0.284221508839571	0.300394828058652	0.305112477776378	0.316330628997128	0.264886184500694	0.218384056846282	0.19476704108733	0.204132799817143	0.239069786973005	0.192275073214067	0.169013344225136	0.203529912193642	0.217920924714574	0.174067810278152	0.12200296029354	0.14677794741952	0.148685198955074	0.13532433244063	0.135446023788827	0.0914724438853469	0.104632984178825	0.115620035195906	0.117812922526026	0.116924091772093	0.114872987909207	0.108606589453405
#n_ages_ind																																	
30			
#n_lengths_ind																															
0																																						
#yrs_ages_ind																																
1	2	3	4	5	6	7	8	9	10	11	12	13	14	15	16	17	18	19	20	21	22	23	24	25	26	27	28	29	30																						
#sample_ages_ind																														
200	200	200	200	200	200	200	200	200	200	200	200	200	200	200	200	200	200	200	200	200	200	200	200	200	200	200	200	200	200
#page_ind																																		
0.06	0.14	0.12	0.15	0.095	0.07	0.075	0.06	0.07	0.035	0.015	0.11
0.08	0.135	0.16	0.135	0.1	0.06	0.085	0.055	0.03	0.015	0.015	0.13
0.03	0.145	0.17	0.13	0.085	0.07	0.055	0.055	0.055	0.06	0.035	0.11
0.055	0.155	0.195	0.085	0.095	0.06	0.055	0.035	0.05	0.035	0.04	0.14
0.07	0.13	0.12	0.125	0.095	0.105	0.105	0.06	0.045	0.045	0.025	0.075
0.06	0.205	0.14	0.08	0.13	0.08	0.055	0.04	0.045	0.05	0.015	0.1
0.065	0.23	0.205	0.1	0.025	0.06	0.05	0.035	0.03	0.025	0.04	0.135
0.07	0.16	0.16	0.165	0.085	0.065	0.06	0.035	0.035	0.03	0.025	0.11
0.065	0.16	0.19	0.19	0.08	0.07	0.045	0.025	0.03	0.025	0.035	0.085
0.07	0.12	0.25	0.115	0.13	0.055	0.035	0.01	0.04	0.035	0.015	0.125
0.07	0.21	0.15	0.16	0.1	0.08	0.06	0.02	0.05	0.035	0.02	0.045
0.08	0.19	0.175	0.12	0.065	0.09	0.07	0.06	0.025	0.04	0.015	0.07
0.105	0.145	0.205	0.135	0.08	0.065	0.085	0.07	0.02	0.03	0.005	0.055
0.09	0.195	0.175	0.165	0.085	0.07	0.045	0.025	0.02	0.045	0.005	0.08
0.09	0.2	0.205	0.175	0.075	0.07	0.03	0.03	0.01	0.03	0.02	0.065
0.085	0.225	0.17	0.12	0.07	0.045	0.11	0.025	0.05	0.03	0.015	0.055
0.07	0.27	0.14	0.185	0.1	0.04	0.06	0.04	0.02	0.02	0.015	0.04
0.045	0.245	0.205	0.145	0.1	0.08	0.065	0.01	0.025	0.02	0.01	0.05
0.085	0.19	0.225	0.135	0.11	0.065	0.02	0.06	0.025	0.02	0.03	0.035
0.085	0.17	0.17	0.215	0.135	0.08	0.05	0.03	0.015	0.015	0.01	0.025
0.15	0.185	0.135	0.15	0.115	0.065	0.05	0.03	0.03	0.025	0.01	0.055
0.095	0.27	0.14	0.125	0.055	0.105	0.06	0.035	0.03	0.03	0.02	0.035
0.09	0.255	0.215	0.13	0.075	0.045	0.08	0.045	0.015	0.01	0.005	0.035
0.11	0.235	0.22	0.2	0.08	0.05	0.04	0.035	0.005	0.01	0.005	0.01
0.115	0.235	0.17	0.23	0.1	0.06	0.025	0.005	0.015	0.02	0.005	0.02
0.065	0.35	0.205	0.13	0.12	0.05	0.015	0.045	0.005	0	0.005	0.01
0.12	0.28	0.235	0.105	0.095	0.075	0.045	0.01	0.005	0.01	0	0.02
0.17	0.215	0.21	0.18	0.04	0.07	0.055	0.04	0	0.01	0.005	0.005
0.18	0.28	0.17	0.11	0.13	0.065	0.03	0.015	0.005	0.005	0	0.01
0.105	0.28	0.265	0.16	0.085	0.065	0.02	0.01	0	0.005	0	0.005
#wt_age_ind																																	
1 1 1 1 1 1 1 1 1 1 1 1 
1 1 1 1 1 1 1 1 1 1 1 1 
1 1 1 1 1 1 1 1 1 1 1 1 
1 1 1 1 1 1 1 1 1 1 1 1 
1 1 1 1 1 1 1 1 1 1 1 1 
1 1 1 1 1 1 1 1 1 1 1 1 
1 1 1 1 1 1 1 1 1 1 1 1 
1 1 1 1 1 1 1 1 1 1 1 1 
1 1 1 1 1 1 1 1 1 1 1 1 
1 1 1 1 1 1 1 1 1 1 1 1 
1 1 1 1 1 1 1 1 1 1 1 1 
1 1 1 1 1 1 1 1 1 1 1 1 
1 1 1 1 1 1 1 1 1 1 1 1 
1 1 1 1 1 1 1 1 1 1 1 1 
1 1 1 1 1 1 1 1 1 1 1 1 
1 1 1 1 1 1 1 1 1 1 1 1 
1 1 1 1 1 1 1 1 1 1 1 1 
1 1 1 1 1 1 1 1 1 1 1 1 
1 1 1 1 1 1 1 1 1 1 1 1 
1 1 1 1 1 1 1 1 1 1 1 1 
1 1 1 1 1 1 1 1 1 1 1 1 
1 1 1 1 1 1 1 1 1 1 1 1 
1 1 1 1 1 1 1 1 1 1 1 1 
1 1 1 1 1 1 1 1 1 1 1 1 
1 1 1 1 1 1 1 1 1 1 1 1 
1 1 1 1 1 1 1 1 1 1 1 1 
1 1 1 1 1 1 1 1 1 1 1 1 
1 1 1 1 1 1 1 1 1 1 1 1 
1 1 1 1 1 1 1 1 1 1 1 1 
1 1 1 1 1 1 1 1 1 1 1 1 
# wt_pop
0.000530656	0.001196328	0.002058265	0.003034987	0.004055212	0.005064698	0.006026226	0.006916921	0.007724891	0.008446113	0.009081853	0.009636695
#maturity
0.02297737 0.32082130 0.90465054 0.99477987 0.99973881 0.99998699 0.99999935 0.99999997 1 1 1 1
#spmonth																																		
1		
#age_err																																		
1	0	0	0	0	0	0	0	0	0	0	0
0	1	0	0	0	0	0	0	0	0	0	0
0	0	1	0	0	0	0	0	0	0	0	0
0	0	0	1	0	0	0	0	0	0	0	0
0	0	0	0	1	0	0	0	0	0	0	0
0	0	0	0	0	1	0	0	0	0	0	0
0	0	0	0	0	0	1	0	0	0	0	0
0	0	0	0	0	0	0	1	0	0	0	0
0	0	0	0	0	0	0	0	1	0	0	0
0	0	0	0	0	0	0	0	0	1	0	0
0	0	0	0	0	0	0	0	0	0	1	0
0	0	0	0	0	0	0	0	0	0	0	1																														
