# Number of parameters = 73  Objective function value = 26259.6  Maximum gradient component = 0.000297620
# sel_params[1]:
2.00000000000
# sel_params[2]:
1.00000000000
# log_Fmult_year1:
 -4.65913614952
# log_Fmult_devs:
 1.06851616366 0.505023200118 0.307339920152 -0.225463417469 0.592738408337 0.0106173837579 0.764361210746 -0.535107981978 0.204578479286 0.118928062452 0.0740973692600 -0.329637452073 0.369444643768 0.0633956141769 -0.111062808958 0.666912026174 -0.210051963306 0.00358591835884 -0.00329038780870 0.323637710895 -0.321177492261 0.484274007322 -0.161603298328 -0.0357605477610 -0.0881490272970 -0.0480376701922 0.339589161071 -0.283192851099 0.428820988858
# log_recruit_devs:
 -0.0789429136446 0.185335827727 -0.0527334660277 -0.207667316249 0.293822721204 0.198910363343 -0.129136903252 0.172195792960 0.0149173109766 0.150190142356 0.0643089197727 -0.0576416189474 -0.0707147209496 0.0618221086459 0.0300655586688 0.142451666550 0.0607241531935 -0.317270440865 -0.0989312739025 -0.173884413000 0.135351939516 0.126426256197 -0.0754973336312 -0.165102988290 0.132524393343 -0.221062878740 -0.0230551641200 0.0943816688250 0.0857287610841 -0.277516152743
# log_N_year1_devs:
 0.0738242343212 0.0376352500117 0.0408707250210 -0.0537459260581 -0.00896555771638 0.0766604979353 0.0601586233310 -0.376313424787 -0.241022183632 -0.192632749141 -0.127970117035
# log_q_year1:
 -7.98272246163
# log_q_devs:
 0.00000000000 0.00000000000 0.00000000000 0.00000000000 0.00000000000 0.00000000000 0.00000000000 0.00000000000 0.00000000000 0.00000000000 0.00000000000 0.00000000000 0.00000000000 0.00000000000 0.00000000000 0.00000000000 0.00000000000 0.00000000000 0.00000000000 0.00000000000 0.00000000000 0.00000000000 0.00000000000 0.00000000000 0.00000000000 0.00000000000 0.00000000000 0.00000000000 0.00000000000
# index_sel_params[1]:
1.50000000000
# index_sel_params[2]:
0.500000000000
# log_SR_scaler:
6.89525500955
# SR_steepness:
0.750000000000
