# Number of parameters = 73  Objective function value = 26422.8  Maximum gradient component = 0.00151507
# sel_params[1]:
2.00000000000
# sel_params[2]:
1.00000000000
# log_Fmult_year1:
 -4.62925704600
# log_Fmult_devs:
 1.06726584145 0.497624928867 0.297510360471 -0.215756769436 0.582899923312 0.0215743979673 0.755002608997 -0.536797972626 0.190056466970 0.118899770357 0.0701063578930 -0.333922775758 0.368062037135 0.0624593059140 -0.114305925093 0.671533760132 -0.201256866024 -0.00240033758389 -0.0301678646722 0.324881006074 -0.325504402291 0.482379095370 -0.206852892754 -0.0128701942190 -0.118547642668 -0.0314388845890 0.333773203497 -0.291623212281 0.398975567753
# log_recruit_devs:
 -0.0262704380602 0.212594947949 -0.111437236762 -0.303561993389 0.238905962527 0.283299644831 0.0562464469450 0.0893132528475 0.00450225409591 0.0833186490901 0.0991149382618 -0.113826622726 -0.0784357011268 0.0386714691332 -0.0117659455730 0.0958520635722 0.170256818566 -0.241529978862 -0.160993897530 -0.257460606795 0.161317011855 0.130469524315 -0.0456398937835 -0.200080559034 0.116634042924 -0.284193351099 -0.185955759434 0.126219671624 0.189420342748 -0.0749850571135
# log_N_year1_devs:
 0.0417083630674 -0.0197673727008 -0.0153249447476 -0.104189021704 0.0485823336413 0.00368455930032 -0.0732243261649 0.00620134168494 -0.0677567845840 -0.0178419429949 -0.314437739561
# log_q_year1:
 -7.96518593853
# log_q_devs:
 0.00000000000 0.00000000000 0.00000000000 0.00000000000 0.00000000000 0.00000000000 0.00000000000 0.00000000000 0.00000000000 0.00000000000 0.00000000000 0.00000000000 0.00000000000 0.00000000000 0.00000000000 0.00000000000 0.00000000000 0.00000000000 0.00000000000 0.00000000000 0.00000000000 0.00000000000 0.00000000000 0.00000000000 0.00000000000 0.00000000000 0.00000000000 0.00000000000 0.00000000000
# index_sel_params[1]:
1.50000000000
# index_sel_params[2]:
0.500000000000
# log_SR_scaler:
6.91477450880
# SR_steepness:
0.750000000000
