# Number of parameters = 73  Objective function value = 26349.4  Maximum gradient component = 0.00180869
# sel_params[1]:
2.00000000000
# sel_params[2]:
1.00000000000
# log_Fmult_year1:
 -4.66350838871
# log_Fmult_devs:
 1.08041646780 0.495694918778 0.306437496930 -0.235930885702 0.580322034256 0.0100374925790 0.742516497170 -0.545455400081 0.195195483382 0.138501085323 0.0572251614654 -0.324487217717 0.386458917212 0.0648896853505 -0.0974969698068 0.686930833776 -0.196883473821 0.00117960798199 -0.0179436806374 0.337818766192 -0.314081112634 0.481610657606 -0.184895876133 0.0112626800861 -0.103045866745 -0.0341862457932 0.341536935807 -0.288035420567 0.414976727641
# log_recruit_devs:
 -0.0370616384828 0.239655285134 -0.00465881428049 -0.117289144335 0.350515584034 0.240104075697 -0.0137332799988 0.136088786776 -0.148893796366 0.0608740924087 0.0776645841172 -0.0981759241890 -0.0944171075450 -0.0273672199878 -0.117675683996 0.0511615298446 0.131039361207 -0.250747312525 -0.165738492570 -0.270447746466 0.134381106130 0.125932826950 -0.0930673879861 -0.279225706674 0.0967801277692 -0.169086408445 -0.169332026147 0.165154794020 0.174153600327 0.0734119355785
# log_N_year1_devs:
 0.0244725170130 0.0984566083625 -0.0670738582524 -0.0753471387892 -0.0433458610203 -0.0889602735607 -0.284666539496 -0.210412732122 0.0813781797026 -0.181151556596 -0.0306070490951
# log_q_year1:
 -7.94194045049
# log_q_devs:
 0.00000000000 0.00000000000 0.00000000000 0.00000000000 0.00000000000 0.00000000000 0.00000000000 0.00000000000 0.00000000000 0.00000000000 0.00000000000 0.00000000000 0.00000000000 0.00000000000 0.00000000000 0.00000000000 0.00000000000 0.00000000000 0.00000000000 0.00000000000 0.00000000000 0.00000000000 0.00000000000 0.00000000000 0.00000000000 0.00000000000 0.00000000000 0.00000000000 0.00000000000
# index_sel_params[1]:
1.50000000000
# index_sel_params[2]:
0.500000000000
# log_SR_scaler:
6.92211478982
# SR_steepness:
0.750000000000
