# Number of parameters = 73  Objective function value = 26324.2  Maximum gradient component = 0.00569696
# sel_params[1]:
2.00000000000
# sel_params[2]:
1.00000000000
# log_Fmult_year1:
 -4.62734690612
# log_Fmult_devs:
 1.06372215208 0.504607921994 0.308815242881 -0.227988252675 0.575955766094 0.0101559016544 0.757525062814 -0.551549933314 0.197799746943 0.130420679834 0.0660905931058 -0.322102552517 0.378919147448 0.0435366517657 -0.105191650373 0.672926130938 -0.199789409730 0.00142796734959 -0.0209388622428 0.330671254988 -0.334876622228 0.492818985200 -0.218099537748 -0.00807564384112 -0.0852511331496 -0.0177068267114 0.326562632596 -0.282752793271 0.415097650130
# log_recruit_devs:
 -0.0138871616347 0.205223263768 -0.137357577578 -0.171436417772 0.316062899274 0.207403105956 -0.00698472307318 0.145270776750 -2.94971858719e-005 0.0439245656152 0.00355009581952 -0.120229638915 -0.0128235154321 0.0892629346083 -0.0523049114485 0.0578076462126 0.0751770346898 -0.305577988854 -0.0537442209342 -0.227366367445 0.248286120540 0.0265338327320 -0.0788704604146 -0.287376628017 0.0767908529018 -0.301903510135 -0.0946926133923 0.140925578564 0.158636502875 0.0697300219265
# log_N_year1_devs:
 0.0795465391011 0.00433911068991 0.0301275373193 -0.0826269638613 -0.0728787299518 -0.193044488976 -0.327378598962 0.0392038977307 -0.0564663030146 -0.515806784555 -0.0775649708166
# log_q_year1:
 -7.97424706344
# log_q_devs:
 0.00000000000 0.00000000000 0.00000000000 0.00000000000 0.00000000000 0.00000000000 0.00000000000 0.00000000000 0.00000000000 0.00000000000 0.00000000000 0.00000000000 0.00000000000 0.00000000000 0.00000000000 0.00000000000 0.00000000000 0.00000000000 0.00000000000 0.00000000000 0.00000000000 0.00000000000 0.00000000000 0.00000000000 0.00000000000 0.00000000000 0.00000000000 0.00000000000 0.00000000000
# index_sel_params[1]:
1.50000000000
# index_sel_params[2]:
0.500000000000
# log_SR_scaler:
6.91918835685
# SR_steepness:
0.750000000000
