#styr																																				
1
#endyr																																			
30
#rec_age																																	
1																																						#n_ages																																		
12
# numbers of length intervals
81
#Length	bin
10	11	12	13	14	15	16	17	18	19	20	21	22	23	24	25	26	27	28	29	30	31	32	33	34	35	36	37	38	39	40	41	42	43	44	45	46	47	48	49	50	51	52	53	54	55	56	57	58	59	60	61	62	63	64	65	66	67	68	69	70	71	72	73	74	75	76	77	78	79	80	81	82	83	84	85	86	87	88	89	90
#nfsh
1
#names_fsh
OM1																																				
#catch																																			
159.043230945586	470.585151388863	760.52272204191	996.487970156559	765.334038788263	1337.64368557417	1273.15106241632	2473.10541413382	1320.08200361349	1542.08267532865	1607.72151456744	1611.06724546197	1099.7607012734	1523.08645617667	1501.88320900714	1267.78856556938	2252.87462891542	1617.33781914756	1452.05384396621	1317.04523799927	1624.30516605068	1080.18692353464	1621.89356840284	1199.39901287997	1114.74448140831	976.968553395022	929.51668387826	1218.98089440112	879.81182893536	1278.43056741738
#catch_cv																																		
0.01	0.01	0.01	0.01	0.01	0.01	0.01	0.01	0.01	0.01	0.01	0.01	0.01	0.01	0.01	0.01	0.01	0.01	0.01	0.01	0.01	0.01	0.01	0.01	0.01	0.01	0.01	0.01	0.01	0.01
#n_ages_fsh																															
30																			
#n_lengths_fsh																															
0																																						
#yrs_ages_fsh																																
1	2	3	4	5	6	7	8	9	10	11	12	13	14	15	16	17	18	19	20	21	22	23	24	25	26	27	28	29	30						
#sample_ages_fsh																														
200	200	200	200	200	200	200	200	200	200	200	200	200	200	200	200	200	200	200	200	200	200	200	200	200	200	200	200	200	200
#page_fsh	2	3	4	5	6	7	8	9	10	11																						
0.085	0.11	0.115	0.13	0.085	0.095	0.075	0.04	0.035	0.055	0.005	0.17
0.105	0.11	0.14	0.125	0.055	0.09	0.07	0.065	0.025	0.025	0.035	0.155
0.045	0.145	0.125	0.125	0.12	0.06	0.1	0.065	0.045	0.02	0.025	0.125
0.065	0.06	0.145	0.15	0.1	0.085	0.075	0.06	0.045	0.07	0.02	0.125
0.09	0.055	0.105	0.15	0.12	0.075	0.08	0.055	0.045	0.07	0.025	0.13
0.09	0.155	0.165	0.11	0.075	0.055	0.055	0.065	0.05	0.05	0.03	0.1
0.07	0.185	0.175	0.085	0.055	0.095	0.065	0.045	0.04	0.035	0.04	0.11
0.07	0.12	0.165	0.16	0.075	0.04	0.085	0.055	0.05	0.025	0.045	0.11
0.115	0.135	0.12	0.115	0.11	0.1	0.09	0.025	0.035	0.035	0.02	0.1
0.08	0.115	0.15	0.135	0.11	0.14	0.055	0.05	0.03	0.025	0.015	0.095
0.095	0.14	0.14	0.14	0.085	0.095	0.07	0.025	0.05	0.04	0.035	0.085
0.095	0.215	0.155	0.095	0.085	0.075	0.08	0.035	0.02	0.03	0.01	0.105
0.095	0.095	0.165	0.185	0.075	0.12	0.06	0.06	0.04	0.03	0.01	0.065
0.1	0.135	0.135	0.145	0.125	0.06	0.075	0.05	0.035	0.05	0.005	0.085
0.085	0.12	0.17	0.125	0.155	0.075	0.07	0.06	0.055	0.045	0.01	0.03
0.105	0.135	0.19	0.15	0.085	0.04	0.09	0.035	0.04	0.015	0.05	0.065
0.16	0.175	0.115	0.13	0.09	0.085	0.09	0.04	0.03	0.01	0.005	0.07
0.12	0.17	0.17	0.16	0.135	0.04	0.045	0.05	0.02	0.02	0.025	0.045
0.14	0.11	0.19	0.18	0.145	0.075	0.04	0.02	0.01	0.04	0.005	0.045
0.11	0.145	0.1	0.225	0.155	0.055	0.095	0.025	0.035	0.01	0.005	0.04
0.155	0.11	0.175	0.17	0.145	0.07	0.06	0.04	0.015	0.02	0.01	0.03
0.17	0.24	0.145	0.125	0.1	0.05	0.045	0.05	0.025	0.005	0.015	0.03
0.18	0.2	0.205	0.12	0.095	0.06	0.035	0.035	0.01	0.02	0.015	0.025
0.1	0.185	0.235	0.135	0.085	0.1	0.05	0.035	0.03	0.01	0.01	0.025
0.17	0.17	0.185	0.175	0.12	0.065	0.035	0.025	0.025	0.01	0.005	0.015
0.09	0.285	0.21	0.15	0.08	0.095	0.03	0.01	0.01	0.02	0.005	0.015
0.18	0.125	0.27	0.155	0.09	0.105	0.03	0.015	0.01	0	0.01	0.01
0.18	0.155	0.175	0.18	0.14	0.045	0.045	0.04	0.005	0.015	0.01	0.01
0.225	0.24	0.175	0.105	0.115	0.065	0.035	0.015	0.01	0	0	0.015
0.11	0.27	0.265	0.12	0.095	0.05	0.05	0.015	0.01	0.005	0	0.01
#wt_age_fsh	1 2	3	4	5	6	7	8	9	10	11																				
0.000530656	0.001196328	0.002058265	0.003034987	0.004055212	0.005064698	0.006026226	0.006916921	0.007724891	0.008446113	0.009081853	0.009636695
0.000530656	0.001196328	0.002058265	0.003034987	0.004055212	0.005064698	0.006026226	0.006916921	0.007724891	0.008446113	0.009081853	0.009636695
0.000530656	0.001196328	0.002058265	0.003034987	0.004055212	0.005064698	0.006026226	0.006916921	0.007724891	0.008446113	0.009081853	0.009636695
0.000530656	0.001196328	0.002058265	0.003034987	0.004055212	0.005064698	0.006026226	0.006916921	0.007724891	0.008446113	0.009081853	0.009636695
0.000530656	0.001196328	0.002058265	0.003034987	0.004055212	0.005064698	0.006026226	0.006916921	0.007724891	0.008446113	0.009081853	0.009636695
0.000530656	0.001196328	0.002058265	0.003034987	0.004055212	0.005064698	0.006026226	0.006916921	0.007724891	0.008446113	0.009081853	0.009636695
0.000530656	0.001196328	0.002058265	0.003034987	0.004055212	0.005064698	0.006026226	0.006916921	0.007724891	0.008446113	0.009081853	0.009636695
0.000530656	0.001196328	0.002058265	0.003034987	0.004055212	0.005064698	0.006026226	0.006916921	0.007724891	0.008446113	0.009081853	0.009636695
0.000530656	0.001196328	0.002058265	0.003034987	0.004055212	0.005064698	0.006026226	0.006916921	0.007724891	0.008446113	0.009081853	0.009636695
0.000530656	0.001196328	0.002058265	0.003034987	0.004055212	0.005064698	0.006026226	0.006916921	0.007724891	0.008446113	0.009081853	0.009636695
0.000530656	0.001196328	0.002058265	0.003034987	0.004055212	0.005064698	0.006026226	0.006916921	0.007724891	0.008446113	0.009081853	0.009636695
0.000530656	0.001196328	0.002058265	0.003034987	0.004055212	0.005064698	0.006026226	0.006916921	0.007724891	0.008446113	0.009081853	0.009636695
0.000530656	0.001196328	0.002058265	0.003034987	0.004055212	0.005064698	0.006026226	0.006916921	0.007724891	0.008446113	0.009081853	0.009636695
0.000530656	0.001196328	0.002058265	0.003034987	0.004055212	0.005064698	0.006026226	0.006916921	0.007724891	0.008446113	0.009081853	0.009636695
0.000530656	0.001196328	0.002058265	0.003034987	0.004055212	0.005064698	0.006026226	0.006916921	0.007724891	0.008446113	0.009081853	0.009636695
0.000530656	0.001196328	0.002058265	0.003034987	0.004055212	0.005064698	0.006026226	0.006916921	0.007724891	0.008446113	0.009081853	0.009636695
0.000530656	0.001196328	0.002058265	0.003034987	0.004055212	0.005064698	0.006026226	0.006916921	0.007724891	0.008446113	0.009081853	0.009636695
0.000530656	0.001196328	0.002058265	0.003034987	0.004055212	0.005064698	0.006026226	0.006916921	0.007724891	0.008446113	0.009081853	0.009636695
0.000530656	0.001196328	0.002058265	0.003034987	0.004055212	0.005064698	0.006026226	0.006916921	0.007724891	0.008446113	0.009081853	0.009636695
0.000530656	0.001196328	0.002058265	0.003034987	0.004055212	0.005064698	0.006026226	0.006916921	0.007724891	0.008446113	0.009081853	0.009636695
0.000530656	0.001196328	0.002058265	0.003034987	0.004055212	0.005064698	0.006026226	0.006916921	0.007724891	0.008446113	0.009081853	0.009636695
0.000530656	0.001196328	0.002058265	0.003034987	0.004055212	0.005064698	0.006026226	0.006916921	0.007724891	0.008446113	0.009081853	0.009636695
0.000530656	0.001196328	0.002058265	0.003034987	0.004055212	0.005064698	0.006026226	0.006916921	0.007724891	0.008446113	0.009081853	0.009636695
0.000530656	0.001196328	0.002058265	0.003034987	0.004055212	0.005064698	0.006026226	0.006916921	0.007724891	0.008446113	0.009081853	0.009636695
0.000530656	0.001196328	0.002058265	0.003034987	0.004055212	0.005064698	0.006026226	0.006916921	0.007724891	0.008446113	0.009081853	0.009636695
0.000530656	0.001196328	0.002058265	0.003034987	0.004055212	0.005064698	0.006026226	0.006916921	0.007724891	0.008446113	0.009081853	0.009636695
0.000530656	0.001196328	0.002058265	0.003034987	0.004055212	0.005064698	0.006026226	0.006916921	0.007724891	0.008446113	0.009081853	0.009636695
0.000530656	0.001196328	0.002058265	0.003034987	0.004055212	0.005064698	0.006026226	0.006916921	0.007724891	0.008446113	0.009081853	0.009636695
0.000530656	0.001196328	0.002058265	0.003034987	0.004055212	0.005064698	0.006026226	0.006916921	0.007724891	0.008446113	0.009081853	0.009636695
0.000530656	0.001196328	0.002058265	0.003034987	0.004055212	0.005064698	0.006026226	0.006916921	0.007724891	0.008446113	0.009081853	0.009636695

#nind
1
#ind_names																																	
survey_index1																																
#nobs_ind
30
#yrs_ind																																		
1	2	3	4	5	6	7	8	9	10	11	12	13	14	15	16	17	18	19	20	21	22	23	24	25	26	27	28	29	30	
#month_ind																																	
1																																						
#biom_ind																																		
1.17826179210182	1.94085567919739	1.51294571474017	1.48196573004818	1.68967701996013	1.41673150161954	1.37223959849118	1.44685287674688	1.19777120144884	1.20733628376075	1.157582309233	0.911284603396719	1.05018449674452	0.870027161032927	1.10083030294905	1.035237169062	1.0738036719972	0.83003193451501	0.806237090839896	0.711076270078174	0.760133735133237	0.743896809409515	0.652115145613181	0.520435450064137	0.61792899642203	0.499013991241607	0.552082281236666	0.539880239563808	0.549749170543944	0.511686967779093
#biom_cv																				
0.235652358420364	0.388171135839479	0.302589142948033	0.296393146009636	0.337935403992027	0.283346300323908	0.274447919698237	0.289370575349377	0.239554240289767	0.24146725675215	0.231516461846601	0.182256920679344	0.210036899348903	0.174005432206585	0.220166060589809	0.2070474338124	0.214760734399441	0.166006386903002	0.161247418167979	0.142215254015635	0.152026747026647	0.148779361881903	0.130423029122636	0.104087090012827	0.123585799284406	0.0998027982483213	0.110416456247333	0.107976047912762	0.109949834108789	0.102337393555819
#n_ages_ind																																	
30			
#n_lengths_ind																															
0																																						
#yrs_ages_ind																																
1	2	3	4	5	6	7	8	9	10	11	12	13	14	15	16	17	18	19	20	21	22	23	24	25	26	27	28	29	30																						
#sample_ages_ind																														
200	200	200	200	200	200	200	200	200	200	200	200	200	200	200	200	200	200	200	200	200	200	200	200	200	200	200	200	200	200
#page_ind																																		
0.06	0.165	0.15	0.135	0.085	0.07	0.045	0.06	0.01	0.045	0.04	0.135
0.075	0.165	0.14	0.11	0.05	0.115	0.03	0.06	0.025	0.07	0.025	0.135
0.055	0.175	0.145	0.115	0.135	0.09	0.04	0.015	0.03	0.015	0.025	0.16
0.07	0.16	0.205	0.12	0.06	0.07	0.05	0.07	0.065	0.025	0.005	0.1
0.08	0.115	0.16	0.135	0.09	0.085	0.06	0.05	0.03	0.035	0.025	0.135
0.06	0.16	0.095	0.18	0.09	0.08	0.06	0.065	0.05	0.03	0.025	0.105
0.045	0.195	0.17	0.105	0.125	0.08	0.06	0.035	0.03	0.025	0.03	0.1
0.08	0.145	0.175	0.175	0.05	0.085	0.07	0.01	0.05	0.04	0.015	0.105
0.065	0.185	0.11	0.155	0.12	0.04	0.085	0.065	0.02	0.035	0.015	0.105
0.04	0.2	0.225	0.12	0.125	0.09	0.015	0.03	0.04	0.02	0.01	0.085
0.085	0.195	0.145	0.155	0.115	0.095	0.08	0.01	0.025	0.025	0.005	0.065
0.055	0.245	0.195	0.08	0.075	0.055	0.045	0.07	0.045	0.03	0.02	0.085
0.07	0.185	0.205	0.155	0.11	0.045	0.065	0.05	0.035	0.015	0.02	0.045
0.075	0.16	0.15	0.195	0.12	0.085	0.06	0.025	0.025	0.045	0.01	0.05
0.095	0.225	0.21	0.16	0.08	0.085	0.03	0.045	0.01	0.01	0.005	0.045
0.11	0.205	0.22	0.16	0.06	0.075	0.06	0.015	0.015	0.015	0.02	0.045
0.095	0.235	0.155	0.15	0.065	0.075	0.08	0.03	0.02	0.01	0.03	0.055
0.07	0.195	0.265	0.14	0.095	0.065	0.055	0.035	0.03	0.01	0.01	0.03
0.08	0.15	0.235	0.15	0.145	0.07	0.035	0.03	0.01	0.035	0.005	0.055
0.115	0.235	0.14	0.14	0.12	0.08	0.03	0.045	0.01	0.01	0.015	0.06
0.12	0.2	0.22	0.14	0.13	0.04	0.045	0.03	0.02	0.01	0.02	0.025
0.135	0.25	0.145	0.14	0.095	0.065	0.06	0.025	0.025	0.005	0.01	0.045
0.105	0.24	0.245	0.13	0.085	0.035	0.035	0.04	0.03	0.005	0.015	0.035
0.12	0.19	0.275	0.15	0.085	0.05	0.03	0.025	0.025	0.01	0.015	0.025
0.11	0.235	0.23	0.235	0.11	0.04	0.01	0.005	0.02	0.005	0	0
0.105	0.28	0.15	0.125	0.135	0.08	0.045	0.015	0.025	0.01	0.015	0.015
0.095	0.185	0.275	0.145	0.085	0.1	0.05	0.02	0.015	0	0.01	0.02
0.15	0.225	0.22	0.195	0.06	0.06	0.035	0.04	0	0	0.01	0.005
0.14	0.265	0.225	0.095	0.12	0.045	0.015	0.05	0.005	0.015	0	0.025
0.1	0.33	0.22	0.17	0.055	0.035	0.04	0.03	0.005	0.01	0.005	0
#wt_age_ind																																	
1 1 1 1 1 1 1 1 1 1 1 1 
1 1 1 1 1 1 1 1 1 1 1 1 
1 1 1 1 1 1 1 1 1 1 1 1 
1 1 1 1 1 1 1 1 1 1 1 1 
1 1 1 1 1 1 1 1 1 1 1 1 
1 1 1 1 1 1 1 1 1 1 1 1 
1 1 1 1 1 1 1 1 1 1 1 1 
1 1 1 1 1 1 1 1 1 1 1 1 
1 1 1 1 1 1 1 1 1 1 1 1 
1 1 1 1 1 1 1 1 1 1 1 1 
1 1 1 1 1 1 1 1 1 1 1 1 
1 1 1 1 1 1 1 1 1 1 1 1 
1 1 1 1 1 1 1 1 1 1 1 1 
1 1 1 1 1 1 1 1 1 1 1 1 
1 1 1 1 1 1 1 1 1 1 1 1 
1 1 1 1 1 1 1 1 1 1 1 1 
1 1 1 1 1 1 1 1 1 1 1 1 
1 1 1 1 1 1 1 1 1 1 1 1 
1 1 1 1 1 1 1 1 1 1 1 1 
1 1 1 1 1 1 1 1 1 1 1 1 
1 1 1 1 1 1 1 1 1 1 1 1 
1 1 1 1 1 1 1 1 1 1 1 1 
1 1 1 1 1 1 1 1 1 1 1 1 
1 1 1 1 1 1 1 1 1 1 1 1 
1 1 1 1 1 1 1 1 1 1 1 1 
1 1 1 1 1 1 1 1 1 1 1 1 
1 1 1 1 1 1 1 1 1 1 1 1 
1 1 1 1 1 1 1 1 1 1 1 1 
1 1 1 1 1 1 1 1 1 1 1 1 
1 1 1 1 1 1 1 1 1 1 1 1 
# wt_pop
0.000530656	0.001196328	0.002058265	0.003034987	0.004055212	0.005064698	0.006026226	0.006916921	0.007724891	0.008446113	0.009081853	0.009636695
#maturity
0.02297737 0.32082130 0.90465054 0.99477987 0.99973881 0.99998699 0.99999935 0.99999997 1 1 1 1
#spmonth																																		
1		
#age_err																																		
1	0	0	0	0	0	0	0	0	0	0	0
0	1	0	0	0	0	0	0	0	0	0	0
0	0	1	0	0	0	0	0	0	0	0	0
0	0	0	1	0	0	0	0	0	0	0	0
0	0	0	0	1	0	0	0	0	0	0	0
0	0	0	0	0	1	0	0	0	0	0	0
0	0	0	0	0	0	1	0	0	0	0	0
0	0	0	0	0	0	0	1	0	0	0	0
0	0	0	0	0	0	0	0	1	0	0	0
0	0	0	0	0	0	0	0	0	1	0	0
0	0	0	0	0	0	0	0	0	0	1	0
0	0	0	0	0	0	0	0	0	0	0	1																														
