#######GENERAL HEADER INPUT#######
1
30
1
30
1
30
30
12
1	2	3	4	5	6	7	8	9	10	11	12
12
1	2	3	4	5	6	7	8	9	10	11	12
1
101
1
1
#######SURVEY DATA#######
30
1	2	3	4	5	6	7	8	9	10	11	12	13	14	15	16	17	18	19	20	21	22	23	24	25	26	27	28	29	30
1.61223371242995	1.44559647332306	1.37011820011926	1.57320615694189	1.42095832991097	1.4417911213662	1.33958179789174	1.36109831275917	1.34062055975111	1.2355596649959	1.08934211171913	1.02747839469255	0.987647356155579	1.08892364487252	1.00398464268439	0.997268112708711	0.847809706623727	0.824643161567044	0.794479634023347	0.874196926443799	0.818995728255381	0.569822859946642	0.623811296955721	0.640844142537034	0.49295483499885	0.523166437238689	0.487303226263207	0.4497337247345	0.544405109573383	0.565573773723298
0.2	0.2	0.2	0.2	0.2	0.2	0.2	0.2	0.2	0.2	0.2	0.2	0.2	0.2	0.2	0.2	0.2	0.2	0.2	0.2	0.2	0.2	0.2	0.2	0.2	0.2	0.2	0.2	0.2	0.2
30
1	2	3	4	5	6	7	8	9	10	11	12	13	14	15	16	17	18	19	20	21	22	23	24	25	26	27	28	29	30
200	200	200	200	200	200	200	200	200	200	200	200	200	200	200	200	200	200	200	200	200	200	200	200	200	200	200	200	200	200
200	200	200	200	200	200	200	200	200	200	200	200	200	200	200	200	200	200	200	200	200	200	200	200	200	200	200	200	200	200
0.055	0.17	0.085	0.12	0.11	0.08	0.09	0.035	0.03	0.04	0.045	0.14
0.095	0.115	0.13	0.09	0.11	0.125	0.065	0.05	0.05	0.025	0.01	0.135
0.035	0.15	0.17	0.13	0.085	0.065	0.075	0.08	0.05	0.03	0.035	0.095
0.05	0.13	0.16	0.125	0.125	0.04	0.07	0.05	0.03	0.05	0.025	0.145
0.08	0.175	0.125	0.125	0.075	0.08	0.075	0.065	0.035	0.02	0.03	0.115
0.08	0.18	0.095	0.095	0.125	0.08	0.075	0.045	0.055	0.01	0.035	0.125
0.065	0.16	0.16	0.08	0.135	0.08	0.065	0.07	0.025	0.035	0.035	0.09
0.065	0.165	0.185	0.145	0.085	0.07	0.07	0.035	0.035	0.02	0.03	0.095
0.065	0.225	0.125	0.22	0.08	0.075	0.045	0.02	0.025	0.02	0.025	0.075
0.065	0.145	0.18	0.105	0.115	0.095	0.045	0.045	0.03	0.025	0.04	0.11
0.085	0.23	0.14	0.19	0.06	0.04	0.075	0.03	0.015	0.025	0.015	0.095
0.065	0.215	0.205	0.095	0.135	0.09	0.06	0.03	0.025	0.01	0.015	0.055
0.105	0.185	0.155	0.195	0.1	0.05	0.035	0.06	0.05	0.005	0.015	0.045
0.1	0.205	0.175	0.17	0.085	0.075	0.06	0.02	0.035	0.035	0.005	0.035
0.08	0.195	0.155	0.12	0.125	0.12	0.035	0.055	0.015	0.03	0.02	0.05
0.12	0.14	0.205	0.17	0.08	0.07	0.055	0.04	0.055	0.03	0.005	0.03
0.1	0.2	0.15	0.16	0.075	0.055	0.075	0.06	0.055	0.03	0	0.04
0.07	0.21	0.23	0.14	0.11	0.06	0.06	0.03	0.03	0.005	0.02	0.035
0.095	0.205	0.22	0.17	0.095	0.06	0.04	0.02	0.035	0.035	0	0.025
0.07	0.22	0.17	0.205	0.1	0.095	0.03	0.04	0.015	0.01	0.005	0.04
0.16	0.16	0.215	0.13	0.1	0.105	0.05	0.025	0.025	0.005	0.01	0.015
0.105	0.345	0.12	0.105	0.075	0.105	0.06	0.025	0.02	0.005	0.01	0.025
0.1	0.26	0.25	0.14	0.1	0.05	0.02	0.015	0.015	0.01	0.015	0.025
0.095	0.22	0.26	0.185	0.055	0.07	0.025	0.02	0.02	0.02	0.005	0.025
0.19	0.17	0.2	0.15	0.155	0.06	0.03	0.005	0.005	0	0.015	0.02
0.065	0.315	0.195	0.12	0.105	0.095	0.04	0.015	0.01	0.01	0.015	0.015
0.105	0.18	0.32	0.115	0.095	0.085	0.04	0.01	0.015	0.01	0.015	0.01
0.16	0.275	0.14	0.18	0.09	0.065	0.035	0.01	0.01	0.015	0.01	0.01
0.165	0.285	0.175	0.165	0.11	0.06	0.005	0.025	0.005	0	0.005	0
0.1	0.31	0.285	0.1	0.05	0.075	0.03	0.02	0.005	0.01	0.005	0.01
#######LANDINGS DATA#######
1
30
160.44871660329	468.265622942791	766.785989989508	999.518668053949	768.854546113784	1325.10984845067	1288.21366720429	2490.61263233615	1333.16325968447	1528.54654728046	1609.59504263604	1607.40881652945	1112.15756427645	1533.69313557339	1512.21866388855	1269.90796867272	2254.78162733536	1616.85645011836	1454.62207768146	1314.72534850459	1628.86604694743	1083.98643288188	1624.00073315344	1200.94475390581	1122.19495825417	968.787122813275	919.198069096965	1202.3171770189	874.237663230186	1276.51150727188
0.01	0.01	0.01	0.01	0.01	0.01	0.01	0.01	0.01	0.01	0.01	0.01	0.01	0.01	0.01	0.01	0.01	0.01	0.01	0.01	0.01	0.01	0.01	0.01	0.01	0.01	0.01	0.01	0.01	0.01
30
1	2	3	4	5	6	7	8	9	10	11	12	13	14	15	16	17	18	19	20	21	22	23	24	25	26	27	28	29	30
200	200	200	200	200	200	200	200	200	200	200	200	200	200	200	200	200	200	200	200	200	200	200	200	200	200	200	200	200	200
200	200	200	200	200	200	200	200	200	200	200	200	200	200	200	200	200	200	200	200	200	200	200	200	200	200	200	200	200	200
0.05	0.12	0.13	0.08	0.11	0.1	0.09	0.065	0.06	0.025	0.045	0.125
0.055	0.1	0.145	0.145	0.1	0.09	0.065	0.105	0.03	0.02	0.01	0.135
0.045	0.12	0.105	0.1	0.135	0.095	0.055	0.085	0.05	0.03	0.05	0.13
0.075	0.09	0.135	0.16	0.095	0.105	0.045	0.065	0.025	0.06	0.03	0.115
0.095	0.06	0.105	0.125	0.115	0.105	0.085	0.045	0.035	0.05	0.035	0.145
0.05	0.17	0.095	0.13	0.115	0.065	0.1	0.05	0.05	0.04	0.045	0.09
0.1	0.125	0.21	0.09	0.07	0.06	0.06	0.085	0.06	0.03	0.025	0.085
0.095	0.11	0.185	0.155	0.075	0.065	0.07	0.05	0.04	0.025	0.02	0.11
0.105	0.135	0.12	0.165	0.15	0.04	0.06	0.045	0.05	0.025	0.005	0.1
0.055	0.105	0.125	0.14	0.105	0.12	0.04	0.06	0.075	0.04	0.005	0.13
0.095	0.13	0.12	0.185	0.09	0.135	0.1	0.035	0.02	0.04	0	0.05
0.07	0.095	0.16	0.11	0.13	0.085	0.085	0.05	0.015	0.02	0.04	0.14
0.06	0.135	0.2	0.15	0.17	0.075	0.04	0.05	0.025	0.02	0.005	0.07
0.105	0.125	0.17	0.145	0.11	0.065	0.065	0.045	0.045	0.03	0.015	0.08
0.1	0.13	0.16	0.12	0.14	0.09	0.09	0.05	0.025	0.03	0.03	0.035
0.115	0.16	0.18	0.13	0.11	0.13	0.045	0.03	0.02	0.015	0.015	0.05
0.11	0.185	0.195	0.155	0.1	0.045	0.06	0.045	0.015	0.005	0.015	0.07
0.11	0.185	0.185	0.14	0.12	0.065	0.05	0.035	0.04	0.03	0.01	0.03
0.08	0.12	0.25	0.13	0.15	0.105	0.06	0.03	0.02	0.01	0.015	0.03
0.125	0.155	0.165	0.19	0.095	0.075	0.07	0.01	0.035	0.025	0.015	0.04
0.17	0.13	0.23	0.12	0.125	0.06	0.045	0.05	0.02	0.01	0.02	0.02
0.155	0.2	0.125	0.165	0.125	0.08	0.045	0.035	0.005	0.01	0.02	0.035
0.14	0.23	0.2	0.14	0.085	0.065	0.04	0.025	0.01	0.04	0.005	0.02
0.145	0.16	0.23	0.19	0.075	0.055	0.04	0.035	0.02	0.025	0.01	0.015
0.245	0.185	0.17	0.15	0.11	0.06	0.025	0.02	0.01	0.015	0	0.01
0.13	0.23	0.185	0.13	0.15	0.085	0.03	0.035	0.01	0.005	0.005	0.005
0.165	0.2	0.22	0.19	0.07	0.075	0.035	0.005	0.015	0	0.005	0.02
0.215	0.225	0.16	0.15	0.095	0.07	0.045	0.02	0.015	0	0	0.005
0.17	0.25	0.21	0.105	0.16	0.02	0.015	0.045	0.005	0.01	0	0.01
0.15	0.205	0.2	0.19	0.105	0.06	0.055	0	0.01	0.01	0.01	0.005
#######PARAMETER SECTION#######
800	400	1200	-4	800	-0.25	1
0.18	0.01	1	-4	0.18	-0.25	1
-1.36	-5	-0.001	-4	-1.36	-0.25	1
0.1	0.05	0.3	-4	0.1	-0.25	1
0.2	0.01	0.5	-4	0.2	-0.25	1
0.75	0.20001	1	-3	0.75	-0.25	1
13.815511	-1	200	1	13.815511	-0.25	1
0	-1	1	-4	0	-0.25	1
0.2	1e-04	1.2	-3	0.2	-0.25	1
0	-10	10	-6	0	-1	1
0	-10	10	-6	0	-1	1
2	0	12	-2	2	-0.5	1
1	0	12	-2	1	-0.5	1
2	0	12	-2	2	-0.5	1
1	0	12	-2	1	-0.5	1
1.5	0	12	-2	1.5	-0.5	1
2	0	12	-2	2	-0.5	1
-14.8682006803499	-30	5	1	-14.8682006803499	-1	1
1	0.1	2	-1	1	-1	1
-1.51930887058023	-10	1.39	1	-1.51930887058023	-1	1
#######DEV CONSTRAINTS and DEVS#######
-15	15	2
-15	15	2
-15	15	2
0	0	0	0	0	0	0	0	0	0	0	0	0	0	0	0	0	0	0	0	0	0	0	0	0	0	0	0	0	0
0	0	0	0	0	0	0	0	0	0	0	0	0	0	0	0	0	0	0	0	0	0	0	0	0	0	0	0	0	0
0	0	0	0	0	0	0	0	0	0	0
#######LIKELIHOOD WEIGHTS#######
1
1
1
1
0
1
0
0
0
#######MISCELLANEOUS STUFF SECTION#######
2.5e-08
3
0.5	0.5	0.5	0.5	0.5	0.5	0.5	0.5	0.5	0.5	0.5	0.5
0.0229773699100256	0.320821300824607	0.904650535100891	0.994779874306442	0.999738809680904	0.999986992871533	0.999999352405202	0.999999967758134	0.999999998394772	0.99999999992008	0.999999999996021	0.999999999999802
0.2	0.2	0.2	0.2	0.2	0.2	0.2	0.2	0.2	0.2	0.2	0.2
0
1
10
0.2
1
1	0	0	0	0	0	0	0	0	0	0	0
0	1	0	0	0	0	0	0	0	0	0	0
0	0	1	0	0	0	0	0	0	0	0	0
0	0	0	1	0	0	0	0	0	0	0	0
0	0	0	0	1	0	0	0	0	0	0	0
0	0	0	0	0	1	0	0	0	0	0	0
0	0	0	0	0	0	1	0	0	0	0	0
0	0	0	0	0	0	0	1	0	0	0	0
0	0	0	0	0	0	0	0	1	0	0	0
0	0	0	0	0	0	0	0	0	1	0	0
0	0	0	0	0	0	0	0	0	0	1	0
0	0	0	0	0	0	0	0	0	0	0	1
40
31
2
1
#######END OF DATA FILE#######
999
