#styr																																				
1
#endyr																																			
30
#rec_age																																	
1																																						#n_ages																																		
12
# numbers of length intervals
81
#Length	bin
10	11	12	13	14	15	16	17	18	19	20	21	22	23	24	25	26	27	28	29	30	31	32	33	34	35	36	37	38	39	40	41	42	43	44	45	46	47	48	49	50	51	52	53	54	55	56	57	58	59	60	61	62	63	64	65	66	67	68	69	70	71	72	73	74	75	76	77	78	79	80	81	82	83	84	85	86	87	88	89	90
#nfsh
1
#names_fsh
OM1																																				
#catch																																			
161.161695789135	464.924622549657	759.919100560051	998.928333898926	766.675767164916	1323.64320509879	1279.11814246405	2486.69883478466	1333.25664043039	1528.32166706525	1630.40751106895	1615.74530322886	1104.36101974568	1531.77868024879	1503.34031029023	1274.99247977462	2257.88667157998	1612.93338580518	1461.29800679992	1321.50597509917	1631.29003844146	1083.74007876515	1630.10783827749	1207.56396580791	1125.44390418172	969.238954998526	926.697793808978	1204.53715666242	870.605600055587	1263.78923551473
#catch_cv																																		
0.01	0.01	0.01	0.01	0.01	0.01	0.01	0.01	0.01	0.01	0.01	0.01	0.01	0.01	0.01	0.01	0.01	0.01	0.01	0.01	0.01	0.01	0.01	0.01	0.01	0.01	0.01	0.01	0.01	0.01
#n_ages_fsh																															
30																			
#n_lengths_fsh																															
0																																						
#yrs_ages_fsh																																
1	2	3	4	5	6	7	8	9	10	11	12	13	14	15	16	17	18	19	20	21	22	23	24	25	26	27	28	29	30						
#sample_ages_fsh																														
200	200	200	200	200	200	200	200	200	200	200	200	200	200	200	200	200	200	200	200	200	200	200	200	200	200	200	200	200	200
#page_fsh	2	3	4	5	6	7	8	9	10	11																						
0.045	0.1	0.115	0.125	0.16	0.085	0.095	0.05	0.035	0.04	0.015	0.135
0.065	0.14	0.115	0.125	0.085	0.075	0.08	0.07	0.045	0.035	0.025	0.14
0.075	0.13	0.13	0.095	0.13	0.12	0.085	0.035	0.035	0.04	0.015	0.11
0.035	0.115	0.175	0.135	0.065	0.095	0.08	0.055	0.04	0.04	0.03	0.135
0.095	0.08	0.105	0.15	0.09	0.095	0.085	0.045	0.055	0.035	0.015	0.15
0.075	0.155	0.08	0.1	0.12	0.095	0.07	0.06	0.06	0.015	0.035	0.135
0.075	0.16	0.195	0.055	0.085	0.11	0.065	0.045	0.03	0.04	0.035	0.105
0.07	0.115	0.13	0.155	0.09	0.085	0.085	0.06	0.045	0.055	0.03	0.08
0.065	0.14	0.13	0.115	0.17	0.045	0.055	0.075	0.045	0.02	0.035	0.105
0.105	0.075	0.16	0.125	0.125	0.11	0.045	0.045	0.06	0.045	0.03	0.075
0.15	0.115	0.13	0.125	0.09	0.1	0.095	0.035	0.045	0.035	0.015	0.065
0.075	0.07	0.19	0.135	0.15	0.075	0.08	0.07	0.04	0.015	0.03	0.07
0.115	0.18	0.155	0.115	0.11	0.09	0.045	0.045	0.04	0.005	0.005	0.095
0.1	0.175	0.18	0.145	0.09	0.075	0.075	0.025	0.05	0.015	0.015	0.055
0.09	0.16	0.195	0.12	0.15	0.09	0.04	0.045	0.02	0.03	0.01	0.05
0.12	0.125	0.18	0.135	0.11	0.075	0.05	0.05	0.045	0.01	0.015	0.085
0.115	0.145	0.155	0.15	0.115	0.075	0.075	0.07	0.015	0.02	0.015	0.05
0.095	0.2	0.205	0.11	0.175	0.065	0.04	0.035	0.03	0.005	0.005	0.035
0.125	0.145	0.22	0.17	0.07	0.06	0.085	0.045	0.01	0.02	0.005	0.045
0.11	0.2	0.125	0.165	0.17	0.07	0.035	0.02	0.025	0.02	0.015	0.045
0.145	0.14	0.18	0.155	0.11	0.1	0.04	0.025	0.025	0.01	0.025	0.045
0.17	0.275	0.17	0.11	0.05	0.08	0.045	0.025	0.015	0.05	0.005	0.005
0.11	0.215	0.26	0.15	0.06	0.055	0.045	0.045	0.01	0.01	0.015	0.025
0.12	0.19	0.215	0.165	0.1	0.085	0.04	0.025	0.03	0.005	0.005	0.02
0.185	0.17	0.195	0.17	0.12	0.055	0.025	0.01	0.025	0.015	0.015	0.015
0.1	0.23	0.16	0.17	0.13	0.08	0.065	0.02	0.005	0.01	0.01	0.02
0.145	0.175	0.19	0.16	0.155	0.1	0.03	0.02	0.015	0.01	0	0
0.175	0.215	0.13	0.25	0.065	0.05	0.04	0.03	0.01	0.005	0.01	0.02
0.23	0.21	0.175	0.09	0.125	0.08	0.015	0.035	0.02	0.005	0.005	0.01
0.165	0.285	0.185	0.12	0.085	0.055	0.04	0.025	0.015	0.01	0	0.015
#wt_age_fsh	1 2	3	4	5	6	7	8	9	10	11																				
0.000530656	0.001196328	0.002058265	0.003034987	0.004055212	0.005064698	0.006026226	0.006916921	0.007724891	0.008446113	0.009081853	0.009636695
0.000530656	0.001196328	0.002058265	0.003034987	0.004055212	0.005064698	0.006026226	0.006916921	0.007724891	0.008446113	0.009081853	0.009636695
0.000530656	0.001196328	0.002058265	0.003034987	0.004055212	0.005064698	0.006026226	0.006916921	0.007724891	0.008446113	0.009081853	0.009636695
0.000530656	0.001196328	0.002058265	0.003034987	0.004055212	0.005064698	0.006026226	0.006916921	0.007724891	0.008446113	0.009081853	0.009636695
0.000530656	0.001196328	0.002058265	0.003034987	0.004055212	0.005064698	0.006026226	0.006916921	0.007724891	0.008446113	0.009081853	0.009636695
0.000530656	0.001196328	0.002058265	0.003034987	0.004055212	0.005064698	0.006026226	0.006916921	0.007724891	0.008446113	0.009081853	0.009636695
0.000530656	0.001196328	0.002058265	0.003034987	0.004055212	0.005064698	0.006026226	0.006916921	0.007724891	0.008446113	0.009081853	0.009636695
0.000530656	0.001196328	0.002058265	0.003034987	0.004055212	0.005064698	0.006026226	0.006916921	0.007724891	0.008446113	0.009081853	0.009636695
0.000530656	0.001196328	0.002058265	0.003034987	0.004055212	0.005064698	0.006026226	0.006916921	0.007724891	0.008446113	0.009081853	0.009636695
0.000530656	0.001196328	0.002058265	0.003034987	0.004055212	0.005064698	0.006026226	0.006916921	0.007724891	0.008446113	0.009081853	0.009636695
0.000530656	0.001196328	0.002058265	0.003034987	0.004055212	0.005064698	0.006026226	0.006916921	0.007724891	0.008446113	0.009081853	0.009636695
0.000530656	0.001196328	0.002058265	0.003034987	0.004055212	0.005064698	0.006026226	0.006916921	0.007724891	0.008446113	0.009081853	0.009636695
0.000530656	0.001196328	0.002058265	0.003034987	0.004055212	0.005064698	0.006026226	0.006916921	0.007724891	0.008446113	0.009081853	0.009636695
0.000530656	0.001196328	0.002058265	0.003034987	0.004055212	0.005064698	0.006026226	0.006916921	0.007724891	0.008446113	0.009081853	0.009636695
0.000530656	0.001196328	0.002058265	0.003034987	0.004055212	0.005064698	0.006026226	0.006916921	0.007724891	0.008446113	0.009081853	0.009636695
0.000530656	0.001196328	0.002058265	0.003034987	0.004055212	0.005064698	0.006026226	0.006916921	0.007724891	0.008446113	0.009081853	0.009636695
0.000530656	0.001196328	0.002058265	0.003034987	0.004055212	0.005064698	0.006026226	0.006916921	0.007724891	0.008446113	0.009081853	0.009636695
0.000530656	0.001196328	0.002058265	0.003034987	0.004055212	0.005064698	0.006026226	0.006916921	0.007724891	0.008446113	0.009081853	0.009636695
0.000530656	0.001196328	0.002058265	0.003034987	0.004055212	0.005064698	0.006026226	0.006916921	0.007724891	0.008446113	0.009081853	0.009636695
0.000530656	0.001196328	0.002058265	0.003034987	0.004055212	0.005064698	0.006026226	0.006916921	0.007724891	0.008446113	0.009081853	0.009636695
0.000530656	0.001196328	0.002058265	0.003034987	0.004055212	0.005064698	0.006026226	0.006916921	0.007724891	0.008446113	0.009081853	0.009636695
0.000530656	0.001196328	0.002058265	0.003034987	0.004055212	0.005064698	0.006026226	0.006916921	0.007724891	0.008446113	0.009081853	0.009636695
0.000530656	0.001196328	0.002058265	0.003034987	0.004055212	0.005064698	0.006026226	0.006916921	0.007724891	0.008446113	0.009081853	0.009636695
0.000530656	0.001196328	0.002058265	0.003034987	0.004055212	0.005064698	0.006026226	0.006916921	0.007724891	0.008446113	0.009081853	0.009636695
0.000530656	0.001196328	0.002058265	0.003034987	0.004055212	0.005064698	0.006026226	0.006916921	0.007724891	0.008446113	0.009081853	0.009636695
0.000530656	0.001196328	0.002058265	0.003034987	0.004055212	0.005064698	0.006026226	0.006916921	0.007724891	0.008446113	0.009081853	0.009636695
0.000530656	0.001196328	0.002058265	0.003034987	0.004055212	0.005064698	0.006026226	0.006916921	0.007724891	0.008446113	0.009081853	0.009636695
0.000530656	0.001196328	0.002058265	0.003034987	0.004055212	0.005064698	0.006026226	0.006916921	0.007724891	0.008446113	0.009081853	0.009636695
0.000530656	0.001196328	0.002058265	0.003034987	0.004055212	0.005064698	0.006026226	0.006916921	0.007724891	0.008446113	0.009081853	0.009636695
0.000530656	0.001196328	0.002058265	0.003034987	0.004055212	0.005064698	0.006026226	0.006916921	0.007724891	0.008446113	0.009081853	0.009636695

#nind
1
#ind_names																																	
survey_index1																																
#nobs_ind
30
#yrs_ind																																		
1	2	3	4	5	6	7	8	9	10	11	12	13	14	15	16	17	18	19	20	21	22	23	24	25	26	27	28	29	30	
#month_ind																																	
1																																						
#biom_ind																																		
1.50712642128681	1.71688950724311	1.63026834921887	1.62893206394732	1.54798377098408	1.51963730219684	1.48410290711452	1.302561414784	1.1303600467822	1.29449587517415	1.29198826310691	1.00751675403099	0.977523547097698	0.925870976128782	1.1455245061597	0.94043489315552	0.958786687109065	1.01310132417446	0.658357802472768	0.716829184551403	0.909187241478406	0.732637796855018	0.618814013661969	0.626014891771203	0.545933576830766	0.573176668943861	0.531432055784033	0.513885385978475	0.569147605396326	0.522375781715928
#biom_cv																				
0.301425284257362	0.343377901448622	0.326053669843773	0.325786412789465	0.309596754196817	0.303927460439369	0.296820581422904	0.260512282956799	0.22607200935644	0.25889917503483	0.258397652621382	0.201503350806198	0.19550470941954	0.185174195225756	0.229104901231939	0.188086978631104	0.191757337421813	0.202620264834892	0.131671560494554	0.143365836910281	0.181837448295681	0.146527559371004	0.123762802732394	0.125202978354241	0.109186715366153	0.114635333788772	0.106286411156807	0.102777077195695	0.113829521079265	0.104475156343186
#n_ages_ind																																	
30			
#n_lengths_ind																															
0																																						
#yrs_ages_ind																																
1	2	3	4	5	6	7	8	9	10	11	12	13	14	15	16	17	18	19	20	21	22	23	24	25	26	27	28	29	30																						
#sample_ages_ind																														
200	200	200	200	200	200	200	200	200	200	200	200	200	200	200	200	200	200	200	200	200	200	200	200	200	200	200	200	200	200
#page_ind																																		
0.065	0.15	0.175	0.14	0.07	0.1	0.07	0.035	0.04	0.025	0.02	0.11
0.095	0.135	0.105	0.145	0.06	0.08	0.07	0.085	0.06	0.04	0.03	0.095
0.06	0.2	0.13	0.145	0.07	0.065	0.035	0.075	0.05	0.055	0.02	0.095
0.04	0.145	0.19	0.15	0.065	0.09	0.05	0.085	0.03	0.035	0.025	0.095
0.075	0.115	0.21	0.125	0.09	0.065	0.055	0.03	0.035	0.015	0.035	0.15
0.07	0.19	0.13	0.11	0.115	0.065	0.055	0.035	0.055	0.045	0.025	0.105
0.045	0.155	0.215	0.1	0.085	0.095	0.05	0.02	0.05	0.02	0.01	0.155
0.11	0.135	0.17	0.175	0.08	0.07	0.07	0.045	0.04	0.025	0.015	0.065
0.08	0.21	0.12	0.135	0.145	0.055	0.035	0.05	0.035	0.04	0.035	0.06
0.07	0.15	0.15	0.13	0.14	0.085	0.045	0.075	0.035	0.025	0.02	0.075
0.06	0.155	0.17	0.145	0.11	0.09	0.06	0.05	0.015	0.02	0.005	0.12
0.06	0.15	0.255	0.1	0.09	0.085	0.08	0.075	0.01	0.02	0.01	0.065
0.085	0.195	0.175	0.135	0.085	0.08	0.07	0.035	0.055	0.01	0.02	0.055
0.095	0.18	0.19	0.15	0.085	0.04	0.07	0.045	0.025	0.03	0.01	0.08
0.115	0.155	0.2	0.14	0.08	0.085	0.03	0.045	0.005	0.025	0.045	0.075
0.1	0.17	0.17	0.16	0.085	0.09	0.07	0.04	0.035	0.025	0.035	0.02
0.12	0.17	0.185	0.145	0.095	0.085	0.045	0.03	0.055	0.01	0.01	0.05
0.06	0.245	0.24	0.125	0.12	0.055	0.035	0.04	0.02	0.01	0.01	0.04
0.09	0.115	0.26	0.165	0.1	0.06	0.035	0.035	0.03	0.03	0.015	0.065
0.095	0.18	0.175	0.215	0.1	0.065	0.04	0.04	0.015	0.03	0.01	0.035
0.14	0.18	0.195	0.165	0.135	0.075	0.025	0.02	0.015	0.01	0.01	0.03
0.115	0.285	0.17	0.155	0.08	0.07	0.045	0.035	0.02	0.005	0.015	0.005
0.12	0.305	0.235	0.095	0.065	0.045	0.055	0.04	0.02	0.015	0	0.005
0.085	0.215	0.275	0.19	0.09	0.05	0.02	0.04	0.005	0.005	0.005	0.02
0.105	0.18	0.215	0.2	0.155	0.06	0.025	0.02	0.01	0.01	0	0.02
0.075	0.295	0.155	0.185	0.15	0.075	0.03	0.01	0	0.005	0.01	0.01
0.115	0.235	0.255	0.15	0.11	0.055	0.035	0.01	0.015	0.005	0.01	0.005
0.14	0.265	0.18	0.155	0.13	0.055	0.03	0.025	0.01	0.005	0.005	0
0.12	0.325	0.185	0.09	0.14	0.05	0.045	0.025	0.01	0	0.01	0
0.095	0.28	0.235	0.125	0.065	0.1	0.025	0.02	0.03	0.01	0	0.015
#wt_age_ind																																	
1 1 1 1 1 1 1 1 1 1 1 1 
1 1 1 1 1 1 1 1 1 1 1 1 
1 1 1 1 1 1 1 1 1 1 1 1 
1 1 1 1 1 1 1 1 1 1 1 1 
1 1 1 1 1 1 1 1 1 1 1 1 
1 1 1 1 1 1 1 1 1 1 1 1 
1 1 1 1 1 1 1 1 1 1 1 1 
1 1 1 1 1 1 1 1 1 1 1 1 
1 1 1 1 1 1 1 1 1 1 1 1 
1 1 1 1 1 1 1 1 1 1 1 1 
1 1 1 1 1 1 1 1 1 1 1 1 
1 1 1 1 1 1 1 1 1 1 1 1 
1 1 1 1 1 1 1 1 1 1 1 1 
1 1 1 1 1 1 1 1 1 1 1 1 
1 1 1 1 1 1 1 1 1 1 1 1 
1 1 1 1 1 1 1 1 1 1 1 1 
1 1 1 1 1 1 1 1 1 1 1 1 
1 1 1 1 1 1 1 1 1 1 1 1 
1 1 1 1 1 1 1 1 1 1 1 1 
1 1 1 1 1 1 1 1 1 1 1 1 
1 1 1 1 1 1 1 1 1 1 1 1 
1 1 1 1 1 1 1 1 1 1 1 1 
1 1 1 1 1 1 1 1 1 1 1 1 
1 1 1 1 1 1 1 1 1 1 1 1 
1 1 1 1 1 1 1 1 1 1 1 1 
1 1 1 1 1 1 1 1 1 1 1 1 
1 1 1 1 1 1 1 1 1 1 1 1 
1 1 1 1 1 1 1 1 1 1 1 1 
1 1 1 1 1 1 1 1 1 1 1 1 
1 1 1 1 1 1 1 1 1 1 1 1 
# wt_pop
0.000530656	0.001196328	0.002058265	0.003034987	0.004055212	0.005064698	0.006026226	0.006916921	0.007724891	0.008446113	0.009081853	0.009636695
#maturity
0.02297737 0.32082130 0.90465054 0.99477987 0.99973881 0.99998699 0.99999935 0.99999997 1 1 1 1
#spmonth																																		
1		
#age_err																																		
1	0	0	0	0	0	0	0	0	0	0	0
0	1	0	0	0	0	0	0	0	0	0	0
0	0	1	0	0	0	0	0	0	0	0	0
0	0	0	1	0	0	0	0	0	0	0	0
0	0	0	0	1	0	0	0	0	0	0	0
0	0	0	0	0	1	0	0	0	0	0	0
0	0	0	0	0	0	1	0	0	0	0	0
0	0	0	0	0	0	0	1	0	0	0	0
0	0	0	0	0	0	0	0	1	0	0	0
0	0	0	0	0	0	0	0	0	1	0	0
0	0	0	0	0	0	0	0	0	0	1	0
0	0	0	0	0	0	0	0	0	0	0	1																														
