#######GENERAL HEADER INPUT#######
1
30
1
30
1
30
30
12
1	2	3	4	5	6	7	8	9	10	11	12
12
1	2	3	4	5	6	7	8	9	10	11	12
1
101
1
1
#######SURVEY DATA#######
30
1	2	3	4	5	6	7	8	9	10	11	12	13	14	15	16	17	18	19	20	21	22	23	24	25	26	27	28	29	30
1.53321919330188	1.70585339008003	1.37745721722193	1.25012261063667	1.47975512795203	1.42559879648194	1.49371489148305	1.58030863858855	1.37524275619237	1.1140539218886	1.13267297981248	0.923673725992	0.880789394731224	0.950060751872551	0.965290608732423	1.02413504864678	1.05725390615441	0.857449509764355	0.839792579743574	0.720287394908459	0.718271787515667	0.701520424078469	0.798108120240703	0.502563526267223	0.627843291642807	0.541585625785943	0.528425964684075	0.544770905725951	0.55963822903088	0.484478244967083
0.2	0.2	0.2	0.2	0.2	0.2	0.2	0.2	0.2	0.2	0.2	0.2	0.2	0.2	0.2	0.2	0.2	0.2	0.2	0.2	0.2	0.2	0.2	0.2	0.2	0.2	0.2	0.2	0.2	0.2
30
1	2	3	4	5	6	7	8	9	10	11	12	13	14	15	16	17	18	19	20	21	22	23	24	25	26	27	28	29	30
200	200	200	200	200	200	200	200	200	200	200	200	200	200	200	200	200	200	200	200	200	200	200	200	200	200	200	200	200	200
200	200	200	200	200	200	200	200	200	200	200	200	200	200	200	200	200	200	200	200	200	200	200	200	200	200	200	200	200	200
0.075	0.13	0.135	0.11	0.13	0.065	0.045	0.03	0.055	0.04	0.025	0.16
0.075	0.13	0.205	0.11	0.065	0.06	0.075	0.065	0.035	0.035	0.03	0.115
0.105	0.165	0.12	0.115	0.08	0.095	0.08	0.03	0.055	0.04	0.03	0.085
0.07	0.125	0.175	0.075	0.145	0.105	0.085	0.03	0.03	0.02	0.015	0.125
0.055	0.12	0.145	0.14	0.11	0.11	0.07	0.06	0.055	0.015	0.015	0.105
0.055	0.155	0.085	0.16	0.135	0.075	0.06	0.065	0.05	0.05	0.03	0.08
0.065	0.12	0.21	0.115	0.12	0.115	0.04	0.025	0.065	0.01	0.02	0.095
0.07	0.15	0.175	0.145	0.11	0.07	0.085	0.03	0.015	0.005	0.04	0.105
0.07	0.16	0.115	0.13	0.17	0.04	0.045	0.055	0.045	0.035	0.02	0.115
0.1	0.135	0.165	0.1	0.08	0.105	0.06	0.045	0.045	0.025	0.01	0.13
0.065	0.15	0.155	0.205	0.115	0.085	0.075	0.035	0.02	0.02	0.015	0.06
0.05	0.18	0.17	0.13	0.125	0.035	0.075	0.11	0.005	0.03	0.02	0.07
0.075	0.165	0.17	0.145	0.12	0.07	0.07	0.05	0.04	0.025	0.015	0.055
0.08	0.165	0.2	0.17	0.135	0.05	0.065	0.045	0.045	0.02	0.005	0.02
0.11	0.2	0.165	0.1	0.13	0.11	0.045	0.06	0.01	0.015	0.02	0.035
0.09	0.235	0.185	0.135	0.095	0.07	0.04	0.05	0.035	0.045	0	0.02
0.11	0.215	0.18	0.13	0.085	0.07	0.04	0.055	0.03	0.015	0.01	0.06
0.085	0.235	0.22	0.125	0.1	0.09	0.025	0.02	0.025	0.01	0.015	0.05
0.065	0.175	0.215	0.175	0.09	0.06	0.075	0.035	0.025	0.03	0.01	0.045
0.085	0.185	0.21	0.145	0.16	0.055	0.045	0.045	0.025	0.015	0.005	0.025
0.16	0.18	0.205	0.13	0.16	0.03	0.055	0.01	0.01	0.01	0.02	0.03
0.13	0.285	0.14	0.145	0.055	0.095	0.06	0.02	0.02	0.005	0.015	0.03
0.145	0.225	0.22	0.085	0.11	0.045	0.065	0.035	0.015	0.015	0.02	0.02
0.115	0.195	0.25	0.225	0.05	0.055	0.035	0.02	0.025	0.005	0	0.025
0.165	0.21	0.2	0.155	0.095	0.05	0.05	0.035	0	0.015	0.005	0.02
0.07	0.285	0.22	0.13	0.11	0.07	0.03	0.025	0.01	0.025	0.005	0.02
0.115	0.145	0.3	0.13	0.13	0.08	0.045	0.025	0.01	0.005	0.01	0.005
0.135	0.23	0.215	0.165	0.105	0.025	0.035	0.04	0.005	0.02	0.015	0.01
0.18	0.27	0.215	0.1	0.11	0.035	0.04	0.025	0	0	0.005	0.02
0.115	0.305	0.275	0.13	0.05	0.055	0.02	0.015	0.02	0.01	0.005	0
#######LANDINGS DATA#######
1
30
161.749847196077	470.730592702412	760.795727398576	999.383738395832	767.215686536954	1326.50286140195	1276.412595677	2470.68642576163	1327.15740428296	1525.17390858311	1618.88713008495	1619.4535841681	1104.31315484167	1525.14359674083	1524.13759040709	1278.24658647146	2245.50560362788	1614.94004971095	1464.90800989905	1316.64189464892	1639.38911156406	1075.46483422914	1639.91914817065	1206.16502537457	1119.46562271786	970.491447999651	921.527037948952	1212.5982689778	873.262366401422	1260.70619549998
0.01	0.01	0.01	0.01	0.01	0.01	0.01	0.01	0.01	0.01	0.01	0.01	0.01	0.01	0.01	0.01	0.01	0.01	0.01	0.01	0.01	0.01	0.01	0.01	0.01	0.01	0.01	0.01	0.01	0.01
30
1	2	3	4	5	6	7	8	9	10	11	12	13	14	15	16	17	18	19	20	21	22	23	24	25	26	27	28	29	30
200	200	200	200	200	200	200	200	200	200	200	200	200	200	200	200	200	200	200	200	200	200	200	200	200	200	200	200	200	200
200	200	200	200	200	200	200	200	200	200	200	200	200	200	200	200	200	200	200	200	200	200	200	200	200	200	200	200	200	200
0.065	0.09	0.13	0.115	0.115	0.095	0.085	0.065	0.045	0.025	0.055	0.115
0.125	0.09	0.105	0.16	0.09	0.07	0.065	0.075	0.02	0.025	0.03	0.145
0.065	0.105	0.125	0.13	0.08	0.065	0.045	0.09	0.055	0.07	0.035	0.135
0.055	0.065	0.2	0.12	0.11	0.075	0.075	0.06	0.07	0.03	0.035	0.105
0.13	0.065	0.105	0.115	0.13	0.09	0.065	0.09	0.035	0.045	0.025	0.105
0.06	0.155	0.045	0.16	0.095	0.11	0.095	0.045	0.03	0.035	0.04	0.13
0.07	0.115	0.175	0.115	0.105	0.065	0.06	0.07	0.06	0.05	0.035	0.08
0.1	0.115	0.16	0.145	0.1	0.07	0.075	0.055	0.03	0.02	0.04	0.09
0.1	0.12	0.1	0.13	0.15	0.075	0.045	0.055	0.035	0.035	0.03	0.125
0.115	0.145	0.16	0.105	0.135	0.1	0.03	0.02	0.05	0.025	0.04	0.075
0.1	0.155	0.155	0.11	0.14	0.06	0.06	0.03	0.05	0.025	0.015	0.1
0.07	0.14	0.14	0.135	0.15	0.065	0.085	0.065	0.02	0.025	0.03	0.075
0.09	0.12	0.165	0.15	0.065	0.085	0.065	0.1	0.05	0.03	0.025	0.055
0.13	0.16	0.105	0.17	0.08	0.09	0.075	0.065	0.03	0.035	0.005	0.055
0.08	0.19	0.195	0.085	0.16	0.095	0.05	0.03	0.035	0.025	0.02	0.035
0.1	0.15	0.19	0.085	0.12	0.1	0.045	0.085	0.035	0.025	0.02	0.045
0.155	0.18	0.145	0.17	0.1	0.055	0.035	0.02	0.025	0.03	0.03	0.055
0.06	0.18	0.17	0.11	0.155	0.075	0.08	0.03	0.045	0.02	0.01	0.065
0.11	0.15	0.15	0.235	0.11	0.065	0.055	0.03	0.04	0.035	0	0.02
0.105	0.175	0.13	0.2	0.13	0.11	0.055	0.02	0.035	0.015	0	0.025
0.165	0.105	0.185	0.15	0.13	0.11	0.035	0.02	0.035	0.02	0.005	0.04
0.12	0.25	0.14	0.135	0.09	0.095	0.07	0.03	0.03	0.01	0.01	0.02
0.12	0.165	0.245	0.155	0.08	0.05	0.06	0.03	0.055	0.005	0	0.035
0.11	0.195	0.23	0.175	0.065	0.055	0.04	0.045	0.035	0.02	0.005	0.025
0.21	0.12	0.175	0.2	0.16	0.065	0.02	0.01	0.005	0.005	0.02	0.01
0.095	0.275	0.17	0.19	0.075	0.07	0.02	0.015	0.03	0.005	0.015	0.04
0.155	0.16	0.205	0.14	0.13	0.065	0.08	0.015	0.01	0.005	0.01	0.025
0.2	0.225	0.215	0.135	0.085	0.06	0.04	0	0.01	0.005	0.01	0.015
0.175	0.245	0.21	0.14	0.08	0.04	0.045	0.04	0.005	0.01	0.005	0.005
0.2	0.195	0.245	0.13	0.07	0.06	0.025	0.045	0.005	0.01	0.005	0.01
#######PARAMETER SECTION#######
800	400	1200	-4	800	-0.25	1
0.18	0.01	1	-4	0.18	-0.25	1
-1.36	-5	-0.001	-4	-1.36	-0.25	1
0.1	0.05	0.3	-4	0.1	-0.25	1
0.2	0.01	0.5	-4	0.2	-0.25	1
0.75	0.20001	1	-3	0.75	-0.25	1
13.815511	-1	200	1	13.815511	-0.25	1
0	-1	1	-4	0	-0.25	1
0.2	1e-04	1.2	-3	0.2	-0.25	1
0	-10	10	-6	0	-1	1
0	-10	10	-6	0	-1	1
2	0	12	-2	2	-0.5	1
1	0	12	-2	1	-0.5	1
2	0	12	-2	2	-0.5	1
1	0	12	-2	1	-0.5	1
1.5	0	12	-2	1.5	-0.5	1
2	0	12	-2	2	-0.5	1
-14.8682006803499	-30	5	1	-14.8682006803499	-1	1
1	0.1	2	-1	1	-1	1
-1.51930887058023	-10	1.39	1	-1.51930887058023	-1	1
#######DEV CONSTRAINTS and DEVS#######
-15	15	2
-15	15	2
-15	15	2
0	0	0	0	0	0	0	0	0	0	0	0	0	0	0	0	0	0	0	0	0	0	0	0	0	0	0	0	0	0
0	0	0	0	0	0	0	0	0	0	0	0	0	0	0	0	0	0	0	0	0	0	0	0	0	0	0	0	0	0
0	0	0	0	0	0	0	0	0	0	0
#######LIKELIHOOD WEIGHTS#######
1
1
1
1
0
1
0
0
0
#######MISCELLANEOUS STUFF SECTION#######
2.5e-08
3
0.5	0.5	0.5	0.5	0.5	0.5	0.5	0.5	0.5	0.5	0.5	0.5
0.0229773699100256	0.320821300824607	0.904650535100891	0.994779874306442	0.999738809680904	0.999986992871533	0.999999352405202	0.999999967758134	0.999999998394772	0.99999999992008	0.999999999996021	0.999999999999802
0.2	0.2	0.2	0.2	0.2	0.2	0.2	0.2	0.2	0.2	0.2	0.2
0
1
10
0.2
1
1	0	0	0	0	0	0	0	0	0	0	0
0	1	0	0	0	0	0	0	0	0	0	0
0	0	1	0	0	0	0	0	0	0	0	0
0	0	0	1	0	0	0	0	0	0	0	0
0	0	0	0	1	0	0	0	0	0	0	0
0	0	0	0	0	1	0	0	0	0	0	0
0	0	0	0	0	0	1	0	0	0	0	0
0	0	0	0	0	0	0	1	0	0	0	0
0	0	0	0	0	0	0	0	1	0	0	0
0	0	0	0	0	0	0	0	0	1	0	0
0	0	0	0	0	0	0	0	0	0	1	0
0	0	0	0	0	0	0	0	0	0	0	1
40
31
2
1
#######END OF DATA FILE#######
999
