#styr																																				
1
#endyr																																			
30
#rec_age																																	
1																																						#n_ages																																		
12
# numbers of length intervals
81
#Length	bin
10	11	12	13	14	15	16	17	18	19	20	21	22	23	24	25	26	27	28	29	30	31	32	33	34	35	36	37	38	39	40	41	42	43	44	45	46	47	48	49	50	51	52	53	54	55	56	57	58	59	60	61	62	63	64	65	66	67	68	69	70	71	72	73	74	75	76	77	78	79	80	81	82	83	84	85	86	87	88	89	90
#nfsh
1
#names_fsh
OM1																																				
#catch																																			
161.847043006024	468.568149794245	757.973899097307	997.354748776283	772.155266033344	1328.08305005077	1271.38004812133	2475.47181102177	1329.2203507967	1526.02270195075	1621.89817641945	1614.51144426276	1115.01323563979	1527.34050136228	1501.61813852589	1269.15723531928	2231.37597366198	1617.21922063944	1464.09712786306	1316.60609202927	1613.92033397155	1078.57027975439	1638.94980662554	1218.20855442171	1114.05384322801	978.211687709875	917.182091833343	1211.73481874865	876.917224750378	1282.40113854065
#catch_cv																																		
0.01	0.01	0.01	0.01	0.01	0.01	0.01	0.01	0.01	0.01	0.01	0.01	0.01	0.01	0.01	0.01	0.01	0.01	0.01	0.01	0.01	0.01	0.01	0.01	0.01	0.01	0.01	0.01	0.01	0.01
#n_ages_fsh																															
30																			
#n_lengths_fsh																															
0																																						
#yrs_ages_fsh																																
1	2	3	4	5	6	7	8	9	10	11	12	13	14	15	16	17	18	19	20	21	22	23	24	25	26	27	28	29	30						
#sample_ages_fsh																														
200	200	200	200	200	200	200	200	200	200	200	200	200	200	200	200	200	200	200	200	200	200	200	200	200	200	200	200	200	200
#page_fsh	2	3	4	5	6	7	8	9	10	11																						
0.075	0.08	0.105	0.135	0.105	0.105	0.05	0.04	0.065	0.06	0.015	0.165
0.105	0.12	0.11	0.115	0.105	0.08	0.085	0.05	0.02	0.025	0.03	0.155
0.065	0.125	0.11	0.07	0.1	0.12	0.065	0.035	0.045	0.035	0.045	0.185
0.075	0.11	0.12	0.125	0.11	0.085	0.07	0.045	0.03	0.055	0.025	0.15
0.09	0.065	0.14	0.145	0.12	0.085	0.08	0.04	0.05	0.065	0.02	0.1
0.125	0.125	0.125	0.095	0.12	0.09	0.045	0.03	0.05	0.03	0.015	0.15
0.095	0.165	0.16	0.085	0.06	0.08	0.045	0.055	0.055	0.035	0.03	0.135
0.09	0.105	0.19	0.155	0.095	0.09	0.075	0.02	0.025	0.035	0.03	0.09
0.075	0.125	0.135	0.155	0.175	0.075	0.055	0.035	0.02	0.025	0.025	0.1
0.11	0.105	0.115	0.105	0.12	0.085	0.08	0.035	0.06	0.035	0.02	0.13
0.095	0.12	0.15	0.16	0.07	0.08	0.06	0.03	0.045	0.055	0.03	0.105
0.06	0.15	0.13	0.12	0.16	0.075	0.08	0.055	0.035	0.03	0.025	0.08
0.095	0.155	0.16	0.13	0.115	0.08	0.02	0.075	0.03	0.025	0.02	0.095
0.12	0.15	0.125	0.19	0.105	0.065	0.065	0.035	0.035	0.04	0.01	0.06
0.08	0.165	0.19	0.14	0.1	0.125	0.02	0.065	0.025	0.02	0.015	0.055
0.095	0.145	0.235	0.14	0.08	0.065	0.045	0.04	0.05	0.03	0.03	0.045
0.14	0.21	0.155	0.085	0.085	0.04	0.055	0.04	0.025	0.035	0.03	0.1
0.08	0.155	0.19	0.105	0.125	0.085	0.05	0.08	0.045	0.03	0.02	0.035
0.155	0.135	0.225	0.14	0.115	0.035	0.045	0.03	0.025	0.025	0.01	0.06
0.085	0.21	0.13	0.21	0.155	0.065	0.04	0.015	0.01	0.01	0.015	0.055
0.15	0.135	0.15	0.15	0.15	0.14	0.025	0.035	0.025	0	0.005	0.035
0.2	0.235	0.09	0.15	0.08	0.065	0.08	0.025	0.01	0.015	0.005	0.045
0.085	0.18	0.245	0.145	0.13	0.065	0.045	0.065	0.01	0.01	0	0.02
0.075	0.245	0.245	0.2	0.07	0.045	0.03	0.035	0.03	0	0.005	0.02
0.175	0.205	0.145	0.165	0.14	0.05	0.02	0.01	0.035	0.015	0.015	0.025
0.105	0.225	0.19	0.15	0.155	0.065	0.03	0.02	0.01	0.01	0.02	0.02
0.115	0.15	0.26	0.14	0.12	0.07	0.04	0.03	0.02	0.01	0.03	0.015
0.215	0.185	0.21	0.195	0.06	0.045	0.03	0.03	0.015	0.005	0.005	0.005
0.22	0.215	0.205	0.1	0.1	0.085	0.035	0.015	0.005	0	0.005	0.015
0.16	0.28	0.215	0.125	0.07	0.065	0.035	0.02	0.015	0.01	0	0.005
#wt_age_fsh	1 2	3	4	5	6	7	8	9	10	11																				
0.000530656	0.001196328	0.002058265	0.003034987	0.004055212	0.005064698	0.006026226	0.006916921	0.007724891	0.008446113	0.009081853	0.009636695
0.000530656	0.001196328	0.002058265	0.003034987	0.004055212	0.005064698	0.006026226	0.006916921	0.007724891	0.008446113	0.009081853	0.009636695
0.000530656	0.001196328	0.002058265	0.003034987	0.004055212	0.005064698	0.006026226	0.006916921	0.007724891	0.008446113	0.009081853	0.009636695
0.000530656	0.001196328	0.002058265	0.003034987	0.004055212	0.005064698	0.006026226	0.006916921	0.007724891	0.008446113	0.009081853	0.009636695
0.000530656	0.001196328	0.002058265	0.003034987	0.004055212	0.005064698	0.006026226	0.006916921	0.007724891	0.008446113	0.009081853	0.009636695
0.000530656	0.001196328	0.002058265	0.003034987	0.004055212	0.005064698	0.006026226	0.006916921	0.007724891	0.008446113	0.009081853	0.009636695
0.000530656	0.001196328	0.002058265	0.003034987	0.004055212	0.005064698	0.006026226	0.006916921	0.007724891	0.008446113	0.009081853	0.009636695
0.000530656	0.001196328	0.002058265	0.003034987	0.004055212	0.005064698	0.006026226	0.006916921	0.007724891	0.008446113	0.009081853	0.009636695
0.000530656	0.001196328	0.002058265	0.003034987	0.004055212	0.005064698	0.006026226	0.006916921	0.007724891	0.008446113	0.009081853	0.009636695
0.000530656	0.001196328	0.002058265	0.003034987	0.004055212	0.005064698	0.006026226	0.006916921	0.007724891	0.008446113	0.009081853	0.009636695
0.000530656	0.001196328	0.002058265	0.003034987	0.004055212	0.005064698	0.006026226	0.006916921	0.007724891	0.008446113	0.009081853	0.009636695
0.000530656	0.001196328	0.002058265	0.003034987	0.004055212	0.005064698	0.006026226	0.006916921	0.007724891	0.008446113	0.009081853	0.009636695
0.000530656	0.001196328	0.002058265	0.003034987	0.004055212	0.005064698	0.006026226	0.006916921	0.007724891	0.008446113	0.009081853	0.009636695
0.000530656	0.001196328	0.002058265	0.003034987	0.004055212	0.005064698	0.006026226	0.006916921	0.007724891	0.008446113	0.009081853	0.009636695
0.000530656	0.001196328	0.002058265	0.003034987	0.004055212	0.005064698	0.006026226	0.006916921	0.007724891	0.008446113	0.009081853	0.009636695
0.000530656	0.001196328	0.002058265	0.003034987	0.004055212	0.005064698	0.006026226	0.006916921	0.007724891	0.008446113	0.009081853	0.009636695
0.000530656	0.001196328	0.002058265	0.003034987	0.004055212	0.005064698	0.006026226	0.006916921	0.007724891	0.008446113	0.009081853	0.009636695
0.000530656	0.001196328	0.002058265	0.003034987	0.004055212	0.005064698	0.006026226	0.006916921	0.007724891	0.008446113	0.009081853	0.009636695
0.000530656	0.001196328	0.002058265	0.003034987	0.004055212	0.005064698	0.006026226	0.006916921	0.007724891	0.008446113	0.009081853	0.009636695
0.000530656	0.001196328	0.002058265	0.003034987	0.004055212	0.005064698	0.006026226	0.006916921	0.007724891	0.008446113	0.009081853	0.009636695
0.000530656	0.001196328	0.002058265	0.003034987	0.004055212	0.005064698	0.006026226	0.006916921	0.007724891	0.008446113	0.009081853	0.009636695
0.000530656	0.001196328	0.002058265	0.003034987	0.004055212	0.005064698	0.006026226	0.006916921	0.007724891	0.008446113	0.009081853	0.009636695
0.000530656	0.001196328	0.002058265	0.003034987	0.004055212	0.005064698	0.006026226	0.006916921	0.007724891	0.008446113	0.009081853	0.009636695
0.000530656	0.001196328	0.002058265	0.003034987	0.004055212	0.005064698	0.006026226	0.006916921	0.007724891	0.008446113	0.009081853	0.009636695
0.000530656	0.001196328	0.002058265	0.003034987	0.004055212	0.005064698	0.006026226	0.006916921	0.007724891	0.008446113	0.009081853	0.009636695
0.000530656	0.001196328	0.002058265	0.003034987	0.004055212	0.005064698	0.006026226	0.006916921	0.007724891	0.008446113	0.009081853	0.009636695
0.000530656	0.001196328	0.002058265	0.003034987	0.004055212	0.005064698	0.006026226	0.006916921	0.007724891	0.008446113	0.009081853	0.009636695
0.000530656	0.001196328	0.002058265	0.003034987	0.004055212	0.005064698	0.006026226	0.006916921	0.007724891	0.008446113	0.009081853	0.009636695
0.000530656	0.001196328	0.002058265	0.003034987	0.004055212	0.005064698	0.006026226	0.006916921	0.007724891	0.008446113	0.009081853	0.009636695
0.000530656	0.001196328	0.002058265	0.003034987	0.004055212	0.005064698	0.006026226	0.006916921	0.007724891	0.008446113	0.009081853	0.009636695

#nind
1
#ind_names																																	
survey_index1																																
#nobs_ind
30
#yrs_ind																																		
1	2	3	4	5	6	7	8	9	10	11	12	13	14	15	16	17	18	19	20	21	22	23	24	25	26	27	28	29	30	
#month_ind																																	
1																																						
#biom_ind																																		
1.60545106633056	1.47340003539376	1.54973512988834	1.33206564373341	1.40642042500699	1.49451218727118	1.55488461784666	1.42922970498659	1.22513022809888	1.16381216089825	1.29231237792332	1.06376319237027	0.989845819509994	1.31273110232018	1.26932488532851	1.12440627052003	1.01670944316798	0.970953578999329	0.709020919097667	0.743969805513318	0.718511688979014	0.566276358261133	0.632094108670497	0.537971439806142	0.564907757569431	0.54332881674027	0.493692792621336	0.520911332230648	0.623156140627017	0.485552493252292
#biom_cv																				
0.321090213266112	0.294680007078753	0.309947025977669	0.266413128746681	0.281284085001397	0.298902437454236	0.310976923569332	0.285845940997317	0.245026045619776	0.232762432179649	0.258462475584665	0.212752638474055	0.197969163901999	0.262546220464035	0.253864977065701	0.224881254104006	0.203341888633595	0.194190715799866	0.141804183819533	0.148793961102664	0.143702337795803	0.113255271652227	0.126418821734099	0.107594287961228	0.112981551513886	0.108665763348054	0.0987385585242671	0.10418226644613	0.124631228125403	0.0971104986504583
#n_ages_ind																																	
30			
#n_lengths_ind																															
0																																						
#yrs_ages_ind																																
1	2	3	4	5	6	7	8	9	10	11	12	13	14	15	16	17	18	19	20	21	22	23	24	25	26	27	28	29	30																						
#sample_ages_ind																														
200	200	200	200	200	200	200	200	200	200	200	200	200	200	200	200	200	200	200	200	200	200	200	200	200	200	200	200	200	200
#page_ind																																		
0.035	0.095	0.095	0.11	0.14	0.095	0.065	0.065	0.06	0.03	0.05	0.16
0.075	0.1	0.115	0.15	0.095	0.105	0.075	0.04	0.035	0.03	0.04	0.14
0.06	0.185	0.155	0.09	0.085	0.085	0.09	0.04	0.04	0.035	0.035	0.1
0.05	0.16	0.175	0.105	0.075	0.08	0.06	0.055	0.075	0.025	0.025	0.115
0.06	0.12	0.11	0.155	0.115	0.075	0.08	0.055	0.04	0.035	0.02	0.135
0.115	0.15	0.11	0.13	0.12	0.06	0.08	0.05	0.02	0.055	0	0.11
0.06	0.155	0.185	0.085	0.12	0.11	0.04	0.04	0.045	0.01	0.035	0.115
0.075	0.11	0.22	0.14	0.065	0.075	0.06	0.03	0.03	0.05	0.02	0.125
0.075	0.225	0.125	0.155	0.1	0.065	0.045	0.095	0.02	0.035	0.015	0.045
0.08	0.145	0.165	0.13	0.145	0.09	0.045	0.03	0.035	0.02	0.015	0.1
0.075	0.16	0.135	0.14	0.11	0.1	0.06	0.035	0.01	0.015	0.025	0.135
0.075	0.25	0.22	0.14	0.08	0.055	0.035	0.06	0.01	0.02	0.02	0.035
0.07	0.15	0.18	0.195	0.095	0.06	0.065	0.055	0.035	0.015	0.015	0.065
0.1	0.2	0.18	0.19	0.1	0.05	0.045	0.03	0.04	0.02	0.015	0.03
0.105	0.15	0.185	0.135	0.115	0.115	0.035	0.035	0.04	0.03	0.01	0.045
0.1	0.16	0.215	0.125	0.11	0.1	0.075	0.035	0.015	0.02	0.02	0.025
0.14	0.2	0.16	0.095	0.14	0.05	0.045	0.045	0.03	0.015	0.015	0.065
0.06	0.215	0.21	0.125	0.1	0.08	0.06	0.055	0.03	0.005	0.01	0.05
0.09	0.125	0.225	0.21	0.07	0.09	0.05	0.035	0.04	0.015	0	0.05
0.075	0.215	0.19	0.175	0.1	0.065	0.02	0.035	0.01	0.03	0.01	0.075
0.135	0.135	0.215	0.125	0.16	0.095	0.025	0.045	0.015	0.01	0.01	0.03
0.155	0.29	0.155	0.145	0.055	0.05	0.055	0.02	0.035	0.015	0.005	0.02
0.105	0.26	0.21	0.145	0.09	0.045	0.045	0.045	0.015	0.01	0.005	0.025
0.075	0.26	0.225	0.23	0.07	0.045	0.01	0.045	0	0.005	0.005	0.03
0.205	0.22	0.21	0.125	0.125	0.035	0.03	0.01	0.005	0.015	0	0.02
0.08	0.295	0.2	0.13	0.14	0.085	0.03	0.025	0	0.005	0.005	0.005
0.13	0.21	0.255	0.14	0.095	0.03	0.06	0.03	0.01	0	0.005	0.035
0.12	0.275	0.21	0.16	0.095	0.065	0.03	0.015	0.005	0.01	0.005	0.01
0.11	0.275	0.265	0.115	0.115	0.055	0.03	0.015	0	0.005	0.005	0.01
0.1	0.335	0.2	0.16	0.065	0.065	0.03	0.01	0.005	0.01	0.01	0.01
#wt_age_ind																																	
1 1 1 1 1 1 1 1 1 1 1 1 
1 1 1 1 1 1 1 1 1 1 1 1 
1 1 1 1 1 1 1 1 1 1 1 1 
1 1 1 1 1 1 1 1 1 1 1 1 
1 1 1 1 1 1 1 1 1 1 1 1 
1 1 1 1 1 1 1 1 1 1 1 1 
1 1 1 1 1 1 1 1 1 1 1 1 
1 1 1 1 1 1 1 1 1 1 1 1 
1 1 1 1 1 1 1 1 1 1 1 1 
1 1 1 1 1 1 1 1 1 1 1 1 
1 1 1 1 1 1 1 1 1 1 1 1 
1 1 1 1 1 1 1 1 1 1 1 1 
1 1 1 1 1 1 1 1 1 1 1 1 
1 1 1 1 1 1 1 1 1 1 1 1 
1 1 1 1 1 1 1 1 1 1 1 1 
1 1 1 1 1 1 1 1 1 1 1 1 
1 1 1 1 1 1 1 1 1 1 1 1 
1 1 1 1 1 1 1 1 1 1 1 1 
1 1 1 1 1 1 1 1 1 1 1 1 
1 1 1 1 1 1 1 1 1 1 1 1 
1 1 1 1 1 1 1 1 1 1 1 1 
1 1 1 1 1 1 1 1 1 1 1 1 
1 1 1 1 1 1 1 1 1 1 1 1 
1 1 1 1 1 1 1 1 1 1 1 1 
1 1 1 1 1 1 1 1 1 1 1 1 
1 1 1 1 1 1 1 1 1 1 1 1 
1 1 1 1 1 1 1 1 1 1 1 1 
1 1 1 1 1 1 1 1 1 1 1 1 
1 1 1 1 1 1 1 1 1 1 1 1 
1 1 1 1 1 1 1 1 1 1 1 1 
# wt_pop
0.000530656	0.001196328	0.002058265	0.003034987	0.004055212	0.005064698	0.006026226	0.006916921	0.007724891	0.008446113	0.009081853	0.009636695
#maturity
0.02297737 0.32082130 0.90465054 0.99477987 0.99973881 0.99998699 0.99999935 0.99999997 1 1 1 1
#spmonth																																		
1		
#age_err																																		
1	0	0	0	0	0	0	0	0	0	0	0
0	1	0	0	0	0	0	0	0	0	0	0
0	0	1	0	0	0	0	0	0	0	0	0
0	0	0	1	0	0	0	0	0	0	0	0
0	0	0	0	1	0	0	0	0	0	0	0
0	0	0	0	0	1	0	0	0	0	0	0
0	0	0	0	0	0	1	0	0	0	0	0
0	0	0	0	0	0	0	1	0	0	0	0
0	0	0	0	0	0	0	0	1	0	0	0
0	0	0	0	0	0	0	0	0	1	0	0
0	0	0	0	0	0	0	0	0	0	1	0
0	0	0	0	0	0	0	0	0	0	0	1																														
