#######GENERAL HEADER INPUT#######
1
30
1
30
1
30
30
12
1	2	3	4	5	6	7	8	9	10	11	12
12
1	2	3	4	5	6	7	8	9	10	11	12
1
101
1
1
#######SURVEY DATA#######
30
1	2	3	4	5	6	7	8	9	10	11	12	13	14	15	16	17	18	19	20	21	22	23	24	25	26	27	28	29	30
1.45869555342903	1.70910572991325	1.52092692823001	1.08475766796693	1.52902303038808	1.55258237433037	1.39302313754001	1.19215911888915	1.39674548228812	1.34446531804025	1.22241561544217	1.34404381058289	0.980905752159651	0.988143327161858	0.896441737503083	1.07825345999693	1.05500734219055	0.853864077784839	0.731754121941816	0.664392053076991	0.867617955459914	0.560506862292667	0.624992051971725	0.58143498142158	0.612118200213806	0.452297240775823	0.520906536939239	0.474443491257133	0.472044864935999	0.583511285007867
0.2	0.2	0.2	0.2	0.2	0.2	0.2	0.2	0.2	0.2	0.2	0.2	0.2	0.2	0.2	0.2	0.2	0.2	0.2	0.2	0.2	0.2	0.2	0.2	0.2	0.2	0.2	0.2	0.2	0.2
30
1	2	3	4	5	6	7	8	9	10	11	12	13	14	15	16	17	18	19	20	21	22	23	24	25	26	27	28	29	30
200	200	200	200	200	200	200	200	200	200	200	200	200	200	200	200	200	200	200	200	200	200	200	200	200	200	200	200	200	200
200	200	200	200	200	200	200	200	200	200	200	200	200	200	200	200	200	200	200	200	200	200	200	200	200	200	200	200	200	200
0.08	0.205	0.15	0.11	0.11	0.055	0.05	0.06	0.025	0.035	0.025	0.095
0.09	0.15	0.17	0.15	0.075	0.085	0.065	0.035	0.025	0.035	0.035	0.085
0.045	0.15	0.1	0.115	0.115	0.085	0.025	0.045	0.075	0.055	0.04	0.15
0.065	0.12	0.205	0.1	0.11	0.085	0.06	0.045	0.03	0.02	0.035	0.125
0.115	0.155	0.09	0.165	0.07	0.055	0.09	0.05	0.04	0.045	0.02	0.105
0.09	0.225	0.125	0.075	0.12	0.065	0.055	0.04	0.025	0.05	0.025	0.105
0.065	0.21	0.19	0.075	0.055	0.085	0.055	0.065	0.055	0.025	0.035	0.085
0.075	0.15	0.185	0.16	0.075	0.08	0.06	0.045	0.045	0.02	0.025	0.08
0.06	0.155	0.125	0.18	0.12	0.055	0.065	0.06	0.02	0.025	0.025	0.11
0.14	0.115	0.185	0.125	0.095	0.1	0.045	0.04	0.045	0.045	0.015	0.05
0.07	0.2	0.145	0.18	0.095	0.07	0.07	0.02	0.025	0.03	0.02	0.075
0.08	0.155	0.195	0.11	0.095	0.095	0.12	0.04	0.01	0.025	0.02	0.055
0.11	0.135	0.18	0.165	0.07	0.08	0.04	0.06	0.025	0.05	0.01	0.075
0.1	0.15	0.165	0.205	0.105	0.06	0.065	0.025	0.04	0.02	0.02	0.045
0.105	0.17	0.22	0.1	0.085	0.095	0.07	0.06	0.02	0.01	0.015	0.05
0.095	0.185	0.175	0.165	0.105	0.065	0.055	0.02	0.02	0.025	0.03	0.06
0.085	0.175	0.215	0.145	0.105	0.06	0.075	0.035	0.015	0.02	0.03	0.04
0.07	0.215	0.275	0.14	0.095	0.06	0.045	0.035	0.025	0.005	0.01	0.025
0.095	0.2	0.2	0.235	0.045	0.07	0.045	0.02	0.02	0.025	0.02	0.025
0.125	0.22	0.155	0.16	0.145	0.05	0.05	0.035	0.025	0.015	0	0.02
0.17	0.17	0.23	0.085	0.135	0.05	0.06	0.035	0.025	0.015	0	0.025
0.1	0.26	0.185	0.16	0.09	0.065	0.08	0.01	0.02	0.015	0	0.015
0.135	0.205	0.25	0.17	0.07	0.045	0.01	0.02	0.045	0.01	0.01	0.03
0.09	0.295	0.2	0.18	0.09	0.045	0.03	0.025	0.015	0.005	0.01	0.015
0.13	0.22	0.21	0.13	0.14	0.04	0.04	0.03	0.005	0.01	0	0.045
0.095	0.28	0.23	0.09	0.125	0.075	0.045	0.02	0	0.005	0.015	0.02
0.155	0.14	0.26	0.145	0.115	0.07	0.05	0.015	0.01	0.01	0.015	0.015
0.16	0.205	0.21	0.165	0.1	0.065	0.055	0.01	0.005	0.01	0	0.015
0.17	0.25	0.155	0.13	0.14	0.045	0.02	0.03	0.015	0	0.015	0.03
0.1	0.38	0.245	0.085	0.085	0.06	0.01	0.005	0.01	0.01	0.005	0.005
#######LANDINGS DATA#######
1
30
161.102125920571	469.184023902373	759.033818433754	991.157702720493	768.392080054696	1323.90016584835	1279.4347046973	2468.68710585135	1328.68762155035	1520.33582118608	1613.44660460688	1614.09752583436	1099.96651444301	1518.04350668931	1503.01774043869	1274.04992685376	2251.81955085362	1621.49623701107	1462.4662666164	1303.51286958031	1637.5477640151	1082.00622061622	1630.09457677262	1202.02674723793	1110.32058036165	973.122754225807	923.98477770418	1211.07536834997	869.121357435191	1273.79569007873
0.01	0.01	0.01	0.01	0.01	0.01	0.01	0.01	0.01	0.01	0.01	0.01	0.01	0.01	0.01	0.01	0.01	0.01	0.01	0.01	0.01	0.01	0.01	0.01	0.01	0.01	0.01	0.01	0.01	0.01
30
1	2	3	4	5	6	7	8	9	10	11	12	13	14	15	16	17	18	19	20	21	22	23	24	25	26	27	28	29	30
200	200	200	200	200	200	200	200	200	200	200	200	200	200	200	200	200	200	200	200	200	200	200	200	200	200	200	200	200	200
200	200	200	200	200	200	200	200	200	200	200	200	200	200	200	200	200	200	200	200	200	200	200	200	200	200	200	200	200	200
0.08	0.115	0.13	0.125	0.085	0.1	0.075	0.045	0.025	0.045	0.02	0.155
0.095	0.08	0.125	0.09	0.135	0.075	0.07	0.07	0.035	0.055	0.025	0.145
0.05	0.15	0.13	0.115	0.075	0.05	0.09	0.035	0.05	0.08	0.005	0.17
0.065	0.09	0.16	0.145	0.145	0.075	0.07	0.03	0.045	0.03	0.04	0.105
0.085	0.095	0.115	0.14	0.085	0.085	0.08	0.075	0.045	0.035	0.025	0.135
0.075	0.16	0.12	0.115	0.125	0.1	0.06	0.035	0.04	0.045	0.03	0.095
0.045	0.155	0.155	0.115	0.07	0.095	0.095	0.02	0.05	0.065	0.035	0.1
0.095	0.12	0.185	0.12	0.105	0.085	0.085	0.035	0.04	0.025	0.015	0.09
0.1	0.145	0.12	0.08	0.135	0.055	0.09	0.065	0.04	0.045	0.015	0.11
0.085	0.12	0.18	0.07	0.15	0.12	0.04	0.025	0.045	0.02	0.02	0.125
0.12	0.08	0.145	0.13	0.115	0.095	0.11	0.035	0.035	0.035	0.025	0.075
0.095	0.185	0.125	0.125	0.06	0.07	0.09	0.07	0.035	0.035	0.03	0.08
0.1	0.125	0.17	0.16	0.115	0.095	0.025	0.055	0.04	0.005	0.02	0.09
0.145	0.115	0.145	0.13	0.15	0.065	0.05	0.025	0.04	0.045	0.005	0.085
0.085	0.145	0.165	0.14	0.1	0.095	0.065	0.06	0.055	0.03	0.015	0.045
0.135	0.21	0.13	0.14	0.08	0.085	0.045	0.04	0.045	0.02	0.005	0.065
0.115	0.15	0.175	0.175	0.115	0.05	0.085	0.035	0.015	0.02	0.02	0.045
0.1	0.215	0.19	0.11	0.1	0.105	0.04	0.045	0.035	0.01	0.015	0.035
0.125	0.11	0.175	0.13	0.145	0.095	0.055	0.045	0.05	0.015	0.01	0.045
0.145	0.195	0.19	0.125	0.13	0.05	0.05	0.025	0.03	0.015	0.005	0.04
0.2	0.105	0.18	0.125	0.095	0.095	0.06	0.02	0.015	0.01	0.03	0.065
0.175	0.185	0.13	0.145	0.085	0.08	0.085	0.04	0.005	0.025	0.005	0.04
0.135	0.2	0.22	0.1	0.08	0.065	0.07	0.065	0.02	0	0.015	0.03
0.105	0.145	0.285	0.19	0.07	0.06	0.025	0.03	0.015	0.025	0.01	0.04
0.18	0.205	0.17	0.16	0.12	0.06	0.02	0.02	0.01	0.01	0.005	0.04
0.12	0.24	0.175	0.17	0.125	0.075	0.035	0.025	0.01	0.01	0.005	0.01
0.145	0.195	0.235	0.11	0.155	0.06	0.055	0.015	0.005	0.01	0.005	0.01
0.18	0.19	0.16	0.18	0.105	0.08	0.04	0.025	0.02	0.005	0.005	0.01
0.195	0.235	0.17	0.11	0.175	0.04	0.015	0.035	0.015	0.005	0	0.005
0.2	0.185	0.265	0.13	0.06	0.075	0.03	0.015	0.02	0.015	0	0.005
#######PARAMETER SECTION#######
800	400	1200	-4	800	-0.25	1
0.18	0.01	1	-4	0.18	-0.25	1
-1.36	-5	-0.001	-4	-1.36	-0.25	1
0.1	0.05	0.3	-4	0.1	-0.25	1
0.2	0.01	0.5	-4	0.2	-0.25	1
0.75	0.20001	1	-3	0.75	-0.25	1
13.815511	-1	200	1	13.815511	-0.25	1
0	-1	1	-4	0	-0.25	1
0.2	1e-04	1.2	-3	0.2	-0.25	1
0	-10	10	-6	0	-1	1
0	-10	10	-6	0	-1	1
2	0	12	-2	2	-0.5	1
1	0	12	-2	1	-0.5	1
2	0	12	-2	2	-0.5	1
1	0	12	-2	1	-0.5	1
1.5	0	12	-2	1.5	-0.5	1
2	0	12	-2	2	-0.5	1
-14.8682006803499	-30	5	1	-14.8682006803499	-1	1
1	0.1	2	-1	1	-1	1
-1.51930887058023	-10	1.39	1	-1.51930887058023	-1	1
#######DEV CONSTRAINTS and DEVS#######
-15	15	2
-15	15	2
-15	15	2
0	0	0	0	0	0	0	0	0	0	0	0	0	0	0	0	0	0	0	0	0	0	0	0	0	0	0	0	0	0
0	0	0	0	0	0	0	0	0	0	0	0	0	0	0	0	0	0	0	0	0	0	0	0	0	0	0	0	0	0
0	0	0	0	0	0	0	0	0	0	0
#######LIKELIHOOD WEIGHTS#######
1
1
1
1
0
1
0
0
0
#######MISCELLANEOUS STUFF SECTION#######
2.5e-08
3
0.5	0.5	0.5	0.5	0.5	0.5	0.5	0.5	0.5	0.5	0.5	0.5
0.0229773699100256	0.320821300824607	0.904650535100891	0.994779874306442	0.999738809680904	0.999986992871533	0.999999352405202	0.999999967758134	0.999999998394772	0.99999999992008	0.999999999996021	0.999999999999802
0.2	0.2	0.2	0.2	0.2	0.2	0.2	0.2	0.2	0.2	0.2	0.2
0
1
10
0.2
1
1	0	0	0	0	0	0	0	0	0	0	0
0	1	0	0	0	0	0	0	0	0	0	0
0	0	1	0	0	0	0	0	0	0	0	0
0	0	0	1	0	0	0	0	0	0	0	0
0	0	0	0	1	0	0	0	0	0	0	0
0	0	0	0	0	1	0	0	0	0	0	0
0	0	0	0	0	0	1	0	0	0	0	0
0	0	0	0	0	0	0	1	0	0	0	0
0	0	0	0	0	0	0	0	1	0	0	0
0	0	0	0	0	0	0	0	0	1	0	0
0	0	0	0	0	0	0	0	0	0	1	0
0	0	0	0	0	0	0	0	0	0	0	1
40
31
2
1
#######END OF DATA FILE#######
999
