#######GENERAL HEADER INPUT#######
1
30
1
30
1
30
30
12
1	2	3	4	5	6	7	8	9	10	11	12
12
1	2	3	4	5	6	7	8	9	10	11	12
1
101
1
1
#######SURVEY DATA#######
30
1	2	3	4	5	6	7	8	9	10	11	12	13	14	15	16	17	18	19	20	21	22	23	24	25	26	27	28	29	30
1.4236064193635	1.76109445840558	1.7426790682326	1.57930101917319	1.15741808847979	1.57529126845519	1.330243807128	1.29533228279691	1.23830720486166	1.32765153551724	1.16047647033814	1.04451239018297	1.2000266768419	1.01835642540245	0.952639842612812	0.999035789808688	0.894098856681262	0.805691976163618	0.766874859106053	0.70802428392513	0.744093096843591	0.771605104997603	0.691243265190447	0.65209425364712	0.559340978720497	0.523902900430928	0.576767748860696	0.463295217591773	0.54963232763774	0.585607134025548
0.2	0.2	0.2	0.2	0.2	0.2	0.2	0.2	0.2	0.2	0.2	0.2	0.2	0.2	0.2	0.2	0.2	0.2	0.2	0.2	0.2	0.2	0.2	0.2	0.2	0.2	0.2	0.2	0.2	0.2
30
1	2	3	4	5	6	7	8	9	10	11	12	13	14	15	16	17	18	19	20	21	22	23	24	25	26	27	28	29	30
200	200	200	200	200	200	200	200	200	200	200	200	200	200	200	200	200	200	200	200	200	200	200	200	200	200	200	200	200	200
200	200	200	200	200	200	200	200	200	200	200	200	200	200	200	200	200	200	200	200	200	200	200	200	200	200	200	200	200	200
0.035	0.18	0.135	0.095	0.125	0.085	0.025	0.05	0.045	0.035	0.035	0.155
0.1	0.165	0.115	0.095	0.065	0.095	0.08	0.04	0.04	0.025	0.03	0.15
0.06	0.235	0.125	0.085	0.085	0.07	0.055	0.05	0.03	0.035	0.03	0.14
0.06	0.145	0.16	0.1	0.105	0.065	0.08	0.07	0.035	0.035	0.015	0.13
0.125	0.09	0.115	0.18	0.075	0.085	0.05	0.055	0.045	0.025	0.02	0.135
0.07	0.165	0.125	0.09	0.135	0.08	0.03	0.05	0.055	0.03	0.045	0.125
0.065	0.155	0.185	0.13	0.075	0.115	0.06	0.04	0.03	0.03	0.015	0.1
0.08	0.12	0.22	0.195	0.055	0.1	0.05	0.035	0.02	0.02	0.015	0.09
0.07	0.155	0.145	0.15	0.15	0.085	0.055	0.03	0.035	0.015	0.005	0.105
0.06	0.16	0.21	0.11	0.105	0.085	0.05	0.025	0.055	0.025	0.025	0.09
0.075	0.24	0.145	0.175	0.06	0.075	0.065	0.03	0.01	0.025	0.025	0.075
0.08	0.15	0.17	0.185	0.11	0.065	0.06	0.07	0.04	0.02	0.01	0.04
0.075	0.16	0.245	0.12	0.09	0.095	0.045	0.03	0.05	0.01	0.01	0.07
0.11	0.16	0.175	0.13	0.085	0.06	0.09	0.045	0.04	0.025	0.025	0.055
0.04	0.21	0.135	0.105	0.135	0.08	0.065	0.045	0.015	0.035	0.025	0.11
0.095	0.17	0.235	0.17	0.09	0.1	0.065	0.015	0.01	0	0.01	0.04
0.07	0.225	0.16	0.135	0.105	0.11	0.055	0.02	0.01	0.025	0.01	0.075
0.085	0.215	0.215	0.11	0.14	0.07	0.02	0.035	0.02	0.03	0.015	0.045
0.06	0.15	0.26	0.165	0.145	0.06	0.045	0.035	0.01	0.03	0	0.04
0.045	0.235	0.14	0.195	0.175	0.055	0.045	0.02	0.02	0.025	0.015	0.03
0.135	0.18	0.2	0.13	0.15	0.07	0.04	0.03	0.01	0.015	0	0.04
0.125	0.285	0.195	0.1	0.09	0.08	0.06	0.015	0.015	0.005	0.02	0.01
0.08	0.3	0.255	0.125	0.05	0.08	0.015	0.035	0.035	0.01	0.01	0.005
0.115	0.275	0.235	0.16	0.055	0.075	0.02	0.01	0.01	0.01	0.01	0.025
0.145	0.145	0.22	0.21	0.14	0.075	0.03	0.025	0	0.005	0	0.005
0.085	0.325	0.205	0.1	0.075	0.13	0.035	0.01	0.01	0.005	0.01	0.01
0.12	0.22	0.265	0.17	0.06	0.075	0.02	0.015	0.015	0.005	0.015	0.02
0.12	0.26	0.19	0.195	0.105	0.075	0.025	0.02	0.005	0.005	0	0
0.185	0.25	0.23	0.11	0.1	0.03	0.03	0.015	0.02	0.005	0.005	0.02
0.125	0.285	0.26	0.155	0.065	0.045	0.025	0.005	0.025	0	0	0.01
#######LANDINGS DATA#######
1
30
161.46036731447	469.038721400287	758.358364587215	997.704381732859	773.509401224169	1328.78614583904	1273.75425639052	2473.5298735192	1324.13369141871	1531.77797504637	1618.75614338513	1608.76524544292	1115.88233923452	1536.41296843549	1502.87190474546	1275.46695025294	2237.65834545095	1607.3648583434	1456.70759470879	1322.39234535184	1621.08654698738	1081.89503613456	1632.36578475301	1211.46125243128	1113.93029554844	974.981961148419	927.083497301357	1208.8929425634	866.707459851545	1273.50872681785
0.01	0.01	0.01	0.01	0.01	0.01	0.01	0.01	0.01	0.01	0.01	0.01	0.01	0.01	0.01	0.01	0.01	0.01	0.01	0.01	0.01	0.01	0.01	0.01	0.01	0.01	0.01	0.01	0.01	0.01
30
1	2	3	4	5	6	7	8	9	10	11	12	13	14	15	16	17	18	19	20	21	22	23	24	25	26	27	28	29	30
200	200	200	200	200	200	200	200	200	200	200	200	200	200	200	200	200	200	200	200	200	200	200	200	200	200	200	200	200	200
200	200	200	200	200	200	200	200	200	200	200	200	200	200	200	200	200	200	200	200	200	200	200	200	200	200	200	200	200	200
0.045	0.105	0.155	0.125	0.115	0.115	0.075	0.05	0.035	0.025	0.025	0.13
0.09	0.1	0.115	0.12	0.11	0.09	0.095	0.075	0.02	0.045	0.03	0.11
0.07	0.16	0.12	0.085	0.135	0.085	0.055	0.065	0.04	0.045	0.01	0.13
0.04	0.14	0.17	0.09	0.13	0.075	0.06	0.065	0.04	0.04	0.04	0.11
0.145	0.03	0.1	0.155	0.12	0.115	0.075	0.05	0.01	0.05	0.03	0.12
0.075	0.18	0.09	0.095	0.12	0.11	0.03	0.05	0.06	0.04	0.04	0.11
0.075	0.165	0.14	0.11	0.1	0.13	0.03	0.04	0.03	0.02	0.03	0.13
0.09	0.11	0.13	0.225	0.045	0.07	0.07	0.07	0.02	0.03	0.025	0.115
0.1	0.125	0.125	0.145	0.145	0.075	0.045	0.05	0.02	0.025	0.005	0.14
0.055	0.12	0.17	0.135	0.15	0.085	0.035	0.035	0.05	0.025	0.035	0.105
0.135	0.125	0.17	0.135	0.08	0.095	0.045	0.04	0.04	0.035	0.015	0.085
0.1	0.105	0.155	0.16	0.135	0.065	0.07	0.08	0.03	0.01	0.04	0.05
0.1	0.155	0.145	0.14	0.125	0.08	0.055	0.06	0.045	0.03	0.005	0.06
0.12	0.135	0.105	0.19	0.075	0.105	0.06	0.03	0.045	0.045	0.015	0.075
0.085	0.135	0.12	0.195	0.105	0.11	0.015	0.075	0.03	0.035	0.035	0.06
0.11	0.16	0.185	0.105	0.11	0.085	0.095	0.04	0.035	0.015	0.01	0.05
0.115	0.14	0.145	0.16	0.125	0.085	0.065	0.035	0.015	0.03	0.015	0.07
0.1	0.16	0.225	0.15	0.085	0.06	0.055	0.025	0.025	0.03	0.025	0.06
0.12	0.15	0.195	0.185	0.11	0.05	0.035	0.065	0.04	0.005	0.025	0.02
0.085	0.205	0.195	0.17	0.09	0.055	0.065	0.025	0.035	0.03	0.005	0.04
0.165	0.155	0.14	0.135	0.155	0.09	0.05	0.04	0.01	0.03	0.02	0.01
0.155	0.2	0.16	0.165	0.09	0.11	0.03	0.025	0.015	0.005	0.02	0.025
0.165	0.21	0.205	0.105	0.07	0.08	0.065	0.045	0.015	0.005	0.015	0.02
0.105	0.195	0.28	0.19	0.05	0.065	0.03	0.04	0.015	0.01	0.005	0.015
0.185	0.13	0.215	0.175	0.12	0.06	0.055	0.005	0.025	0.01	0.015	0.005
0.135	0.255	0.215	0.12	0.125	0.065	0.04	0.015	0.005	0.015	0.005	0.005
0.195	0.175	0.22	0.12	0.12	0.055	0.06	0	0.02	0.025	0.005	0.005
0.235	0.185	0.12	0.19	0.08	0.07	0.045	0.03	0	0.02	0.01	0.015
0.225	0.225	0.19	0.13	0.06	0.06	0.04	0.04	0.015	0	0.005	0.01
0.14	0.245	0.215	0.12	0.09	0.065	0.045	0.03	0.03	0.015	0.005	0
#######PARAMETER SECTION#######
800	400	1200	-4	800	-0.25	1
0.18	0.01	1	-4	0.18	-0.25	1
-1.36	-5	-0.001	-4	-1.36	-0.25	1
0.1	0.05	0.3	-4	0.1	-0.25	1
0.2	0.01	0.5	-4	0.2	-0.25	1
0.75	0.20001	1	-3	0.75	-0.25	1
13.815511	-1	200	1	13.815511	-0.25	1
0	-1	1	-4	0	-0.25	1
0.2	1e-04	1.2	-3	0.2	-0.25	1
0	-10	10	-6	0	-1	1
0	-10	10	-6	0	-1	1
2	0	12	-2	2	-0.5	1
1	0	12	-2	1	-0.5	1
2	0	12	-2	2	-0.5	1
1	0	12	-2	1	-0.5	1
1.5	0	12	-2	1.5	-0.5	1
2	0	12	-2	2	-0.5	1
-14.8682006803499	-30	5	1	-14.8682006803499	-1	1
1	0.1	2	-1	1	-1	1
-1.51930887058023	-10	1.39	1	-1.51930887058023	-1	1
#######DEV CONSTRAINTS and DEVS#######
-15	15	2
-15	15	2
-15	15	2
0	0	0	0	0	0	0	0	0	0	0	0	0	0	0	0	0	0	0	0	0	0	0	0	0	0	0	0	0	0
0	0	0	0	0	0	0	0	0	0	0	0	0	0	0	0	0	0	0	0	0	0	0	0	0	0	0	0	0	0
0	0	0	0	0	0	0	0	0	0	0
#######LIKELIHOOD WEIGHTS#######
1
1
1
1
0
1
0
0
0
#######MISCELLANEOUS STUFF SECTION#######
2.5e-08
3
0.5	0.5	0.5	0.5	0.5	0.5	0.5	0.5	0.5	0.5	0.5	0.5
0.0229773699100256	0.320821300824607	0.904650535100891	0.994779874306442	0.999738809680904	0.999986992871533	0.999999352405202	0.999999967758134	0.999999998394772	0.99999999992008	0.999999999996021	0.999999999999802
0.2	0.2	0.2	0.2	0.2	0.2	0.2	0.2	0.2	0.2	0.2	0.2
0
1
10
0.2
1
1	0	0	0	0	0	0	0	0	0	0	0
0	1	0	0	0	0	0	0	0	0	0	0
0	0	1	0	0	0	0	0	0	0	0	0
0	0	0	1	0	0	0	0	0	0	0	0
0	0	0	0	1	0	0	0	0	0	0	0
0	0	0	0	0	1	0	0	0	0	0	0
0	0	0	0	0	0	1	0	0	0	0	0
0	0	0	0	0	0	0	1	0	0	0	0
0	0	0	0	0	0	0	0	1	0	0	0
0	0	0	0	0	0	0	0	0	1	0	0
0	0	0	0	0	0	0	0	0	0	1	0
0	0	0	0	0	0	0	0	0	0	0	1
40
31
2
1
#######END OF DATA FILE#######
999
