#styr																																				
1
#endyr																																			
30
#rec_age																																	
1																																						#n_ages																																		
12
# numbers of length intervals
81
#Length	bin
10	11	12	13	14	15	16	17	18	19	20	21	22	23	24	25	26	27	28	29	30	31	32	33	34	35	36	37	38	39	40	41	42	43	44	45	46	47	48	49	50	51	52	53	54	55	56	57	58	59	60	61	62	63	64	65	66	67	68	69	70	71	72	73	74	75	76	77	78	79	80	81	82	83	84	85	86	87	88	89	90
#nfsh
1
#names_fsh
OM1																																				
#catch																																			
161.546570625936	467.667837079259	764.15880950431	993.747605517812	766.450650280142	1323.80554350604	1271.46321815203	2482.0789710101	1334.53484257676	1534.49842196301	1621.71614312476	1596.24449603134	1106.22040571769	1526.67208078873	1514.36864886098	1262.53369690569	2241.71298979955	1611.1364645865	1475.69256499471	1311.97117369189	1621.45694845528	1088.78893492972	1626.21970426119	1208.2424917394	1119.91780025533	971.068744518737	920.465023269486	1209.33681232615	872.228356876473	1267.69920979493
#catch_cv																																		
0.01	0.01	0.01	0.01	0.01	0.01	0.01	0.01	0.01	0.01	0.01	0.01	0.01	0.01	0.01	0.01	0.01	0.01	0.01	0.01	0.01	0.01	0.01	0.01	0.01	0.01	0.01	0.01	0.01	0.01
#n_ages_fsh																															
30																			
#n_lengths_fsh																															
0																																						
#yrs_ages_fsh																																
1	2	3	4	5	6	7	8	9	10	11	12	13	14	15	16	17	18	19	20	21	22	23	24	25	26	27	28	29	30						
#sample_ages_fsh																														
200	200	200	200	200	200	200	200	200	200	200	200	200	200	200	200	200	200	200	200	200	200	200	200	200	200	200	200	200	200
#page_fsh	2	3	4	5	6	7	8	9	10	11																						
0.055	0.095	0.11	0.11	0.185	0.09	0.07	0.07	0.035	0.015	0.02	0.145
0.08	0.075	0.1	0.17	0.115	0.1	0.06	0.04	0.045	0.03	0.065	0.12
0.065	0.17	0.13	0.06	0.1	0.135	0.075	0.07	0.04	0.035	0.01	0.11
0.07	0.06	0.14	0.115	0.12	0.09	0.085	0.085	0.035	0.045	0.03	0.125
0.105	0.1	0.12	0.13	0.145	0.09	0.095	0.025	0.04	0.01	0.025	0.115
0.08	0.145	0.125	0.11	0.155	0.065	0.075	0.03	0.04	0.045	0.02	0.11
0.1	0.125	0.2	0.07	0.08	0.085	0.04	0.06	0.035	0.07	0.035	0.1
0.055	0.1	0.135	0.16	0.115	0.065	0.07	0.045	0.055	0.055	0.02	0.125
0.1	0.115	0.115	0.155	0.16	0.03	0.065	0.04	0.045	0.055	0.035	0.085
0.105	0.14	0.13	0.13	0.13	0.095	0.05	0.045	0.055	0.02	0.025	0.075
0.11	0.12	0.17	0.125	0.08	0.08	0.085	0.025	0.05	0.02	0.03	0.105
0.06	0.165	0.135	0.115	0.13	0.065	0.075	0.06	0.04	0.015	0.04	0.1
0.07	0.125	0.15	0.16	0.12	0.095	0.07	0.07	0.055	0	0.015	0.07
0.08	0.145	0.125	0.14	0.165	0.08	0.06	0.06	0.03	0.045	0.015	0.055
0.105	0.11	0.155	0.115	0.125	0.095	0.085	0.06	0.02	0.055	0.02	0.055
0.135	0.095	0.175	0.12	0.135	0.1	0.08	0.04	0.03	0.02	0.02	0.05
0.11	0.175	0.145	0.15	0.105	0.125	0.03	0.055	0.015	0.03	0.01	0.05
0.12	0.16	0.21	0.085	0.12	0.075	0.05	0.055	0.03	0.02	0.025	0.05
0.165	0.12	0.195	0.215	0.075	0.05	0.045	0.035	0.025	0.02	0	0.055
0.12	0.2	0.125	0.16	0.12	0.085	0.065	0.04	0.015	0.005	0.015	0.05
0.175	0.185	0.175	0.12	0.11	0.065	0.04	0.05	0.02	0.025	0.005	0.03
0.195	0.195	0.17	0.145	0.07	0.09	0.035	0.025	0.02	0.015	0	0.04
0.15	0.21	0.22	0.135	0.08	0.055	0.06	0.035	0.015	0.005	0.015	0.02
0.11	0.165	0.27	0.185	0.12	0.05	0.04	0.03	0.02	0	0	0.01
0.185	0.13	0.185	0.22	0.1	0.07	0.025	0.025	0.02	0.015	0.01	0.015
0.16	0.315	0.16	0.165	0.135	0.035	0.01	0	0.01	0	0.005	0.005
0.13	0.16	0.28	0.14	0.135	0.07	0.04	0.015	0.005	0.005	0	0.02
0.215	0.205	0.155	0.17	0.09	0.06	0.055	0.02	0	0.02	0	0.01
0.195	0.21	0.24	0.105	0.12	0.04	0.035	0.02	0.01	0.005	0.01	0.01
0.105	0.275	0.235	0.18	0.065	0.045	0.035	0.015	0.005	0.025	0.005	0.01
#wt_age_fsh	1 2	3	4	5	6	7	8	9	10	11																				
0.000530656	0.001196328	0.002058265	0.003034987	0.004055212	0.005064698	0.006026226	0.006916921	0.007724891	0.008446113	0.009081853	0.009636695
0.000530656	0.001196328	0.002058265	0.003034987	0.004055212	0.005064698	0.006026226	0.006916921	0.007724891	0.008446113	0.009081853	0.009636695
0.000530656	0.001196328	0.002058265	0.003034987	0.004055212	0.005064698	0.006026226	0.006916921	0.007724891	0.008446113	0.009081853	0.009636695
0.000530656	0.001196328	0.002058265	0.003034987	0.004055212	0.005064698	0.006026226	0.006916921	0.007724891	0.008446113	0.009081853	0.009636695
0.000530656	0.001196328	0.002058265	0.003034987	0.004055212	0.005064698	0.006026226	0.006916921	0.007724891	0.008446113	0.009081853	0.009636695
0.000530656	0.001196328	0.002058265	0.003034987	0.004055212	0.005064698	0.006026226	0.006916921	0.007724891	0.008446113	0.009081853	0.009636695
0.000530656	0.001196328	0.002058265	0.003034987	0.004055212	0.005064698	0.006026226	0.006916921	0.007724891	0.008446113	0.009081853	0.009636695
0.000530656	0.001196328	0.002058265	0.003034987	0.004055212	0.005064698	0.006026226	0.006916921	0.007724891	0.008446113	0.009081853	0.009636695
0.000530656	0.001196328	0.002058265	0.003034987	0.004055212	0.005064698	0.006026226	0.006916921	0.007724891	0.008446113	0.009081853	0.009636695
0.000530656	0.001196328	0.002058265	0.003034987	0.004055212	0.005064698	0.006026226	0.006916921	0.007724891	0.008446113	0.009081853	0.009636695
0.000530656	0.001196328	0.002058265	0.003034987	0.004055212	0.005064698	0.006026226	0.006916921	0.007724891	0.008446113	0.009081853	0.009636695
0.000530656	0.001196328	0.002058265	0.003034987	0.004055212	0.005064698	0.006026226	0.006916921	0.007724891	0.008446113	0.009081853	0.009636695
0.000530656	0.001196328	0.002058265	0.003034987	0.004055212	0.005064698	0.006026226	0.006916921	0.007724891	0.008446113	0.009081853	0.009636695
0.000530656	0.001196328	0.002058265	0.003034987	0.004055212	0.005064698	0.006026226	0.006916921	0.007724891	0.008446113	0.009081853	0.009636695
0.000530656	0.001196328	0.002058265	0.003034987	0.004055212	0.005064698	0.006026226	0.006916921	0.007724891	0.008446113	0.009081853	0.009636695
0.000530656	0.001196328	0.002058265	0.003034987	0.004055212	0.005064698	0.006026226	0.006916921	0.007724891	0.008446113	0.009081853	0.009636695
0.000530656	0.001196328	0.002058265	0.003034987	0.004055212	0.005064698	0.006026226	0.006916921	0.007724891	0.008446113	0.009081853	0.009636695
0.000530656	0.001196328	0.002058265	0.003034987	0.004055212	0.005064698	0.006026226	0.006916921	0.007724891	0.008446113	0.009081853	0.009636695
0.000530656	0.001196328	0.002058265	0.003034987	0.004055212	0.005064698	0.006026226	0.006916921	0.007724891	0.008446113	0.009081853	0.009636695
0.000530656	0.001196328	0.002058265	0.003034987	0.004055212	0.005064698	0.006026226	0.006916921	0.007724891	0.008446113	0.009081853	0.009636695
0.000530656	0.001196328	0.002058265	0.003034987	0.004055212	0.005064698	0.006026226	0.006916921	0.007724891	0.008446113	0.009081853	0.009636695
0.000530656	0.001196328	0.002058265	0.003034987	0.004055212	0.005064698	0.006026226	0.006916921	0.007724891	0.008446113	0.009081853	0.009636695
0.000530656	0.001196328	0.002058265	0.003034987	0.004055212	0.005064698	0.006026226	0.006916921	0.007724891	0.008446113	0.009081853	0.009636695
0.000530656	0.001196328	0.002058265	0.003034987	0.004055212	0.005064698	0.006026226	0.006916921	0.007724891	0.008446113	0.009081853	0.009636695
0.000530656	0.001196328	0.002058265	0.003034987	0.004055212	0.005064698	0.006026226	0.006916921	0.007724891	0.008446113	0.009081853	0.009636695
0.000530656	0.001196328	0.002058265	0.003034987	0.004055212	0.005064698	0.006026226	0.006916921	0.007724891	0.008446113	0.009081853	0.009636695
0.000530656	0.001196328	0.002058265	0.003034987	0.004055212	0.005064698	0.006026226	0.006916921	0.007724891	0.008446113	0.009081853	0.009636695
0.000530656	0.001196328	0.002058265	0.003034987	0.004055212	0.005064698	0.006026226	0.006916921	0.007724891	0.008446113	0.009081853	0.009636695
0.000530656	0.001196328	0.002058265	0.003034987	0.004055212	0.005064698	0.006026226	0.006916921	0.007724891	0.008446113	0.009081853	0.009636695
0.000530656	0.001196328	0.002058265	0.003034987	0.004055212	0.005064698	0.006026226	0.006916921	0.007724891	0.008446113	0.009081853	0.009636695

#nind
1
#ind_names																																	
survey_index1																																
#nobs_ind
30
#yrs_ind																																		
1	2	3	4	5	6	7	8	9	10	11	12	13	14	15	16	17	18	19	20	21	22	23	24	25	26	27	28	29	30	
#month_ind																																	
1																																						
#biom_ind																																		
1.43310616828477	1.41611902695038	1.66974506648528	1.39542630084293	1.44211638958577	1.31969582117263	1.57053064834661	1.47560242491738	1.24691332695021	1.30109663592164	1.17049017073451	1.05948490259898	1.14650749864087	0.959221583105485	0.877477577289338	1.00050159573008	1.1983923782594	0.790638446751872	0.723744328400857	0.667061089755688	0.711383234882392	0.612261740644086	0.836386336412188	0.55311315854139	0.525272269368584	0.599282130545988	0.466252682065357	0.446088307488453	0.566832434845193	0.479298845438072
#biom_cv																				
0.286621233656954	0.283223805390075	0.333949013297056	0.279085260168586	0.288423277917154	0.263939164234527	0.314106129669323	0.295120484983476	0.249382665390043	0.260219327184327	0.234098034146902	0.211896980519797	0.229301499728174	0.191844316621097	0.175495515457868	0.200100319146015	0.23967847565188	0.158127689350374	0.144748865680171	0.133412217951138	0.142276646976478	0.122452348128817	0.167277267282438	0.110622631708278	0.105054453873717	0.119856426109198	0.0932505364130714	0.0892176614976907	0.113366486969039	0.0958597690876144
#n_ages_ind																																	
30			
#n_lengths_ind																															
0																																						
#yrs_ages_ind																																
1	2	3	4	5	6	7	8	9	10	11	12	13	14	15	16	17	18	19	20	21	22	23	24	25	26	27	28	29	30																						
#sample_ages_ind																														
200	200	200	200	200	200	200	200	200	200	200	200	200	200	200	200	200	200	200	200	200	200	200	200	200	200	200	200	200	200
#page_ind																																		
0.1	0.13	0.11	0.105	0.11	0.07	0.07	0.065	0.065	0.04	0.02	0.115
0.095	0.13	0.1	0.09	0.105	0.1	0.1	0.055	0.035	0.04	0.03	0.12
0.04	0.21	0.145	0.155	0.07	0.085	0.05	0.05	0.035	0.035	0.02	0.105
0.035	0.13	0.195	0.15	0.085	0.09	0.085	0.025	0.03	0.05	0.045	0.08
0.085	0.11	0.13	0.105	0.12	0.075	0.085	0.07	0.055	0.04	0.03	0.095
0.09	0.185	0.12	0.095	0.125	0.06	0.055	0.03	0.03	0.05	0.02	0.14
0.08	0.17	0.19	0.105	0.065	0.09	0.045	0.045	0.02	0.01	0.045	0.135
0.08	0.13	0.155	0.165	0.09	0.065	0.07	0.03	0.045	0.015	0.02	0.135
0.08	0.185	0.135	0.12	0.11	0.05	0.08	0.095	0.03	0.01	0.03	0.075
0.1	0.2	0.125	0.13	0.13	0.08	0.015	0.03	0.035	0.04	0.025	0.09
0.09	0.175	0.125	0.125	0.12	0.095	0.085	0.04	0.03	0.04	0.01	0.065
0.09	0.215	0.145	0.135	0.145	0.04	0.045	0.035	0.015	0.01	0.01	0.115
0.08	0.17	0.16	0.18	0.085	0.11	0.04	0.04	0.06	0.015	0.015	0.045
0.105	0.175	0.175	0.18	0.085	0.065	0.06	0.02	0.025	0.025	0.01	0.075
0.06	0.235	0.17	0.12	0.07	0.12	0.06	0.06	0.01	0.03	0.015	0.05
0.135	0.215	0.15	0.115	0.08	0.065	0.075	0.04	0.05	0.02	0.03	0.025
0.09	0.17	0.23	0.1	0.13	0.07	0.045	0.035	0.04	0.02	0.015	0.055
0.09	0.245	0.23	0.1	0.085	0.06	0.065	0.03	0.015	0.015	0.02	0.045
0.08	0.215	0.22	0.17	0.11	0.05	0.045	0.015	0.015	0.02	0.005	0.055
0.075	0.19	0.16	0.17	0.145	0.05	0.045	0.05	0.02	0.015	0.02	0.06
0.175	0.175	0.19	0.11	0.13	0.105	0.03	0.025	0.01	0.005	0.015	0.03
0.16	0.275	0.2	0.125	0.07	0.08	0.035	0.025	0.01	0.01	0	0.01
0.08	0.225	0.285	0.145	0.085	0.09	0.025	0.03	0.005	0.005	0	0.025
0.075	0.23	0.265	0.145	0.065	0.085	0.045	0.025	0.03	0.02	0.005	0.01
0.185	0.22	0.19	0.165	0.105	0.04	0.04	0.005	0.03	0.01	0	0.01
0.095	0.26	0.22	0.15	0.11	0.08	0.04	0.015	0.005	0	0.015	0.01
0.09	0.23	0.27	0.145	0.095	0.085	0.03	0.025	0.005	0.005	0	0.02
0.14	0.23	0.2	0.195	0.065	0.075	0.03	0.025	0.015	0.005	0.005	0.015
0.125	0.3	0.235	0.09	0.075	0.03	0.05	0.035	0.03	0.005	0.01	0.015
0.115	0.295	0.24	0.135	0.09	0.05	0.025	0.02	0.005	0.01	0.005	0.01
#wt_age_ind																																	
1 1 1 1 1 1 1 1 1 1 1 1 
1 1 1 1 1 1 1 1 1 1 1 1 
1 1 1 1 1 1 1 1 1 1 1 1 
1 1 1 1 1 1 1 1 1 1 1 1 
1 1 1 1 1 1 1 1 1 1 1 1 
1 1 1 1 1 1 1 1 1 1 1 1 
1 1 1 1 1 1 1 1 1 1 1 1 
1 1 1 1 1 1 1 1 1 1 1 1 
1 1 1 1 1 1 1 1 1 1 1 1 
1 1 1 1 1 1 1 1 1 1 1 1 
1 1 1 1 1 1 1 1 1 1 1 1 
1 1 1 1 1 1 1 1 1 1 1 1 
1 1 1 1 1 1 1 1 1 1 1 1 
1 1 1 1 1 1 1 1 1 1 1 1 
1 1 1 1 1 1 1 1 1 1 1 1 
1 1 1 1 1 1 1 1 1 1 1 1 
1 1 1 1 1 1 1 1 1 1 1 1 
1 1 1 1 1 1 1 1 1 1 1 1 
1 1 1 1 1 1 1 1 1 1 1 1 
1 1 1 1 1 1 1 1 1 1 1 1 
1 1 1 1 1 1 1 1 1 1 1 1 
1 1 1 1 1 1 1 1 1 1 1 1 
1 1 1 1 1 1 1 1 1 1 1 1 
1 1 1 1 1 1 1 1 1 1 1 1 
1 1 1 1 1 1 1 1 1 1 1 1 
1 1 1 1 1 1 1 1 1 1 1 1 
1 1 1 1 1 1 1 1 1 1 1 1 
1 1 1 1 1 1 1 1 1 1 1 1 
1 1 1 1 1 1 1 1 1 1 1 1 
1 1 1 1 1 1 1 1 1 1 1 1 
# wt_pop
0.000530656	0.001196328	0.002058265	0.003034987	0.004055212	0.005064698	0.006026226	0.006916921	0.007724891	0.008446113	0.009081853	0.009636695
#maturity
0.02297737 0.32082130 0.90465054 0.99477987 0.99973881 0.99998699 0.99999935 0.99999997 1 1 1 1
#spmonth																																		
1		
#age_err																																		
1	0	0	0	0	0	0	0	0	0	0	0
0	1	0	0	0	0	0	0	0	0	0	0
0	0	1	0	0	0	0	0	0	0	0	0
0	0	0	1	0	0	0	0	0	0	0	0
0	0	0	0	1	0	0	0	0	0	0	0
0	0	0	0	0	1	0	0	0	0	0	0
0	0	0	0	0	0	1	0	0	0	0	0
0	0	0	0	0	0	0	1	0	0	0	0
0	0	0	0	0	0	0	0	1	0	0	0
0	0	0	0	0	0	0	0	0	1	0	0
0	0	0	0	0	0	0	0	0	0	1	0
0	0	0	0	0	0	0	0	0	0	0	1																														
