#styr																																				
1
#endyr																																			
30
#rec_age																																	
1																																						#n_ages																																		
12
# numbers of length intervals
81
#Length	bin
10	11	12	13	14	15	16	17	18	19	20	21	22	23	24	25	26	27	28	29	30	31	32	33	34	35	36	37	38	39	40	41	42	43	44	45	46	47	48	49	50	51	52	53	54	55	56	57	58	59	60	61	62	63	64	65	66	67	68	69	70	71	72	73	74	75	76	77	78	79	80	81	82	83	84	85	86	87	88	89	90
#nfsh
1
#names_fsh
OM1																																				
#catch																																			
161.172716844172	465.045050517333	761.511623476249	1001.71598303043	764.71252402618	1319.56323889948	1271.54277814306	2483.03079401983	1323.33244563587	1537.77453235853	1611.0735150941	1622.23434321253	1113.82096629539	1510.000399869	1509.99089846853	1284.15031205157	2246.24859640588	1616.18325034774	1457.41329667953	1308.27334262524	1622.0374929819	1076.66050799417	1618.70624501686	1203.88075901787	1109.95405816853	988.439830700114	928.29729123043	1214.28847552577	872.879554801989	1275.14583905139
#catch_cv																																		
0.01	0.01	0.01	0.01	0.01	0.01	0.01	0.01	0.01	0.01	0.01	0.01	0.01	0.01	0.01	0.01	0.01	0.01	0.01	0.01	0.01	0.01	0.01	0.01	0.01	0.01	0.01	0.01	0.01	0.01
#n_ages_fsh																															
30																			
#n_lengths_fsh																															
0																																						
#yrs_ages_fsh																																
1	2	3	4	5	6	7	8	9	10	11	12	13	14	15	16	17	18	19	20	21	22	23	24	25	26	27	28	29	30						
#sample_ages_fsh																														
200	200	200	200	200	200	200	200	200	200	200	200	200	200	200	200	200	200	200	200	200	200	200	200	200	200	200	200	200	200
#page_fsh	2	3	4	5	6	7	8	9	10	11																						
0.045	0.08	0.135	0.11	0.125	0.085	0.07	0.11	0.04	0.035	0.025	0.14
0.095	0.08	0.14	0.145	0.11	0.07	0.065	0.04	0.04	0.035	0.045	0.135
0.09	0.13	0.155	0.115	0.085	0.105	0.055	0.025	0.03	0.04	0.035	0.135
0.045	0.065	0.17	0.1	0.105	0.105	0.085	0.07	0.035	0.03	0.04	0.15
0.06	0.065	0.07	0.15	0.135	0.09	0.145	0.025	0.06	0.06	0.045	0.095
0.105	0.155	0.08	0.08	0.145	0.11	0.065	0.055	0.025	0.015	0.02	0.145
0.065	0.155	0.2	0.115	0.085	0.08	0.05	0.025	0.035	0.04	0.04	0.11
0.09	0.07	0.175	0.185	0.085	0.05	0.08	0.04	0.045	0.045	0.035	0.1
0.055	0.185	0.175	0.195	0.09	0.05	0.05	0.05	0.025	0.025	0.015	0.085
0.1	0.09	0.14	0.15	0.11	0.13	0.035	0.04	0.08	0.03	0.01	0.085
0.12	0.135	0.155	0.14	0.06	0.08	0.085	0.035	0.035	0.045	0.015	0.095
0.08	0.12	0.22	0.145	0.12	0.065	0.08	0.045	0.03	0.015	0.02	0.06
0.095	0.14	0.13	0.145	0.155	0.105	0.07	0.04	0.035	0.01	0.015	0.06
0.11	0.18	0.185	0.165	0.12	0.045	0.035	0.04	0.05	0.025	0	0.045
0.085	0.15	0.17	0.145	0.075	0.09	0.04	0.045	0.03	0.06	0.02	0.09
0.13	0.125	0.215	0.14	0.1	0.055	0.05	0.05	0.03	0.015	0.01	0.08
0.13	0.19	0.165	0.08	0.13	0.04	0.095	0.055	0.035	0.015	0.01	0.055
0.09	0.215	0.165	0.12	0.12	0.105	0.055	0.04	0.015	0.02	0.015	0.04
0.12	0.125	0.21	0.135	0.13	0.065	0.025	0.05	0.03	0.015	0.025	0.07
0.095	0.135	0.14	0.22	0.09	0.08	0.06	0.065	0.02	0.01	0.015	0.07
0.145	0.165	0.215	0.14	0.095	0.105	0.05	0.035	0.02	0.01	0	0.02
0.18	0.205	0.165	0.145	0.085	0.1	0.05	0.015	0.005	0.01	0.015	0.025
0.135	0.21	0.225	0.11	0.115	0.05	0.05	0.015	0.015	0.025	0.005	0.045
0.175	0.2	0.225	0.17	0.07	0.055	0.02	0.01	0.015	0.015	0.01	0.035
0.16	0.145	0.245	0.175	0.12	0.045	0.02	0.02	0.015	0.03	0.015	0.01
0.12	0.2	0.175	0.15	0.19	0.075	0.025	0.025	0.01	0.01	0.005	0.015
0.125	0.14	0.26	0.135	0.115	0.08	0.055	0.03	0.02	0.01	0.015	0.015
0.16	0.25	0.13	0.17	0.12	0.04	0.035	0.05	0.03	0.005	0	0.01
0.22	0.28	0.195	0.09	0.105	0.045	0.025	0.01	0.025	0	0	0.005
0.14	0.265	0.185	0.175	0.085	0.1	0.015	0.01	0.005	0.01	0.005	0.005
#wt_age_fsh	1 2	3	4	5	6	7	8	9	10	11																				
0.000530656	0.001196328	0.002058265	0.003034987	0.004055212	0.005064698	0.006026226	0.006916921	0.007724891	0.008446113	0.009081853	0.009636695
0.000530656	0.001196328	0.002058265	0.003034987	0.004055212	0.005064698	0.006026226	0.006916921	0.007724891	0.008446113	0.009081853	0.009636695
0.000530656	0.001196328	0.002058265	0.003034987	0.004055212	0.005064698	0.006026226	0.006916921	0.007724891	0.008446113	0.009081853	0.009636695
0.000530656	0.001196328	0.002058265	0.003034987	0.004055212	0.005064698	0.006026226	0.006916921	0.007724891	0.008446113	0.009081853	0.009636695
0.000530656	0.001196328	0.002058265	0.003034987	0.004055212	0.005064698	0.006026226	0.006916921	0.007724891	0.008446113	0.009081853	0.009636695
0.000530656	0.001196328	0.002058265	0.003034987	0.004055212	0.005064698	0.006026226	0.006916921	0.007724891	0.008446113	0.009081853	0.009636695
0.000530656	0.001196328	0.002058265	0.003034987	0.004055212	0.005064698	0.006026226	0.006916921	0.007724891	0.008446113	0.009081853	0.009636695
0.000530656	0.001196328	0.002058265	0.003034987	0.004055212	0.005064698	0.006026226	0.006916921	0.007724891	0.008446113	0.009081853	0.009636695
0.000530656	0.001196328	0.002058265	0.003034987	0.004055212	0.005064698	0.006026226	0.006916921	0.007724891	0.008446113	0.009081853	0.009636695
0.000530656	0.001196328	0.002058265	0.003034987	0.004055212	0.005064698	0.006026226	0.006916921	0.007724891	0.008446113	0.009081853	0.009636695
0.000530656	0.001196328	0.002058265	0.003034987	0.004055212	0.005064698	0.006026226	0.006916921	0.007724891	0.008446113	0.009081853	0.009636695
0.000530656	0.001196328	0.002058265	0.003034987	0.004055212	0.005064698	0.006026226	0.006916921	0.007724891	0.008446113	0.009081853	0.009636695
0.000530656	0.001196328	0.002058265	0.003034987	0.004055212	0.005064698	0.006026226	0.006916921	0.007724891	0.008446113	0.009081853	0.009636695
0.000530656	0.001196328	0.002058265	0.003034987	0.004055212	0.005064698	0.006026226	0.006916921	0.007724891	0.008446113	0.009081853	0.009636695
0.000530656	0.001196328	0.002058265	0.003034987	0.004055212	0.005064698	0.006026226	0.006916921	0.007724891	0.008446113	0.009081853	0.009636695
0.000530656	0.001196328	0.002058265	0.003034987	0.004055212	0.005064698	0.006026226	0.006916921	0.007724891	0.008446113	0.009081853	0.009636695
0.000530656	0.001196328	0.002058265	0.003034987	0.004055212	0.005064698	0.006026226	0.006916921	0.007724891	0.008446113	0.009081853	0.009636695
0.000530656	0.001196328	0.002058265	0.003034987	0.004055212	0.005064698	0.006026226	0.006916921	0.007724891	0.008446113	0.009081853	0.009636695
0.000530656	0.001196328	0.002058265	0.003034987	0.004055212	0.005064698	0.006026226	0.006916921	0.007724891	0.008446113	0.009081853	0.009636695
0.000530656	0.001196328	0.002058265	0.003034987	0.004055212	0.005064698	0.006026226	0.006916921	0.007724891	0.008446113	0.009081853	0.009636695
0.000530656	0.001196328	0.002058265	0.003034987	0.004055212	0.005064698	0.006026226	0.006916921	0.007724891	0.008446113	0.009081853	0.009636695
0.000530656	0.001196328	0.002058265	0.003034987	0.004055212	0.005064698	0.006026226	0.006916921	0.007724891	0.008446113	0.009081853	0.009636695
0.000530656	0.001196328	0.002058265	0.003034987	0.004055212	0.005064698	0.006026226	0.006916921	0.007724891	0.008446113	0.009081853	0.009636695
0.000530656	0.001196328	0.002058265	0.003034987	0.004055212	0.005064698	0.006026226	0.006916921	0.007724891	0.008446113	0.009081853	0.009636695
0.000530656	0.001196328	0.002058265	0.003034987	0.004055212	0.005064698	0.006026226	0.006916921	0.007724891	0.008446113	0.009081853	0.009636695
0.000530656	0.001196328	0.002058265	0.003034987	0.004055212	0.005064698	0.006026226	0.006916921	0.007724891	0.008446113	0.009081853	0.009636695
0.000530656	0.001196328	0.002058265	0.003034987	0.004055212	0.005064698	0.006026226	0.006916921	0.007724891	0.008446113	0.009081853	0.009636695
0.000530656	0.001196328	0.002058265	0.003034987	0.004055212	0.005064698	0.006026226	0.006916921	0.007724891	0.008446113	0.009081853	0.009636695
0.000530656	0.001196328	0.002058265	0.003034987	0.004055212	0.005064698	0.006026226	0.006916921	0.007724891	0.008446113	0.009081853	0.009636695
0.000530656	0.001196328	0.002058265	0.003034987	0.004055212	0.005064698	0.006026226	0.006916921	0.007724891	0.008446113	0.009081853	0.009636695

#nind
1
#ind_names																																	
survey_index1																																
#nobs_ind
30
#yrs_ind																																		
1	2	3	4	5	6	7	8	9	10	11	12	13	14	15	16	17	18	19	20	21	22	23	24	25	26	27	28	29	30	
#month_ind																																	
1																																						
#biom_ind																																		
1.6292452401132	1.43994205202288	1.3214333231732	1.45311152595314	1.19690698379338	1.53950582755967	1.33811056793328	1.4440407888137	1.35666431713504	1.25382826864513	1.24994824802333	1.13817558764614	1.07676415737575	1.11483258212101	0.969549570309934	0.934683747834977	1.03788746799817	0.947527042067649	0.747610146618416	0.700597029776883	0.745867796242491	0.541239544901472	0.709404103747179	0.679712803098091	0.575047333655004	0.512958284673904	0.518884306380215	0.53544324811476	0.444530556632427	0.520811413159761
#biom_cv																				
0.325849048022639	0.287988410404576	0.264286664634639	0.290622305190627	0.239381396758676	0.307901165511935	0.267622113586656	0.28880815776274	0.271332863427008	0.250765653729025	0.249989649604665	0.227635117529228	0.215352831475149	0.222966516424202	0.193909914061987	0.186936749566995	0.207577493599634	0.18950540841353	0.149522029323683	0.140119405955377	0.149173559248498	0.108247908980294	0.141880820749436	0.135942560619618	0.115009466731001	0.102591656934781	0.103776861276043	0.107088649622952	0.0889061113264853	0.104162282631952
#n_ages_ind																																	
30			
#n_lengths_ind																															
0																																						
#yrs_ages_ind																																
1	2	3	4	5	6	7	8	9	10	11	12	13	14	15	16	17	18	19	20	21	22	23	24	25	26	27	28	29	30																						
#sample_ages_ind																														
200	200	200	200	200	200	200	200	200	200	200	200	200	200	200	200	200	200	200	200	200	200	200	200	200	200	200	200	200	200
#page_ind																																		
0.05	0.15	0.115	0.145	0.11	0.08	0.05	0.055	0.05	0.04	0.015	0.14
0.075	0.165	0.165	0.11	0.095	0.1	0.05	0.045	0.045	0.05	0.02	0.08
0.06	0.155	0.13	0.115	0.095	0.08	0.04	0.07	0.045	0.03	0.05	0.13
0.05	0.095	0.195	0.13	0.085	0.08	0.095	0.045	0.04	0.035	0.035	0.115
0.095	0.115	0.135	0.185	0.12	0.05	0.075	0.065	0.035	0.03	0.035	0.06
0.06	0.225	0.085	0.07	0.12	0.095	0.065	0.03	0.03	0.025	0.055	0.14
0.045	0.15	0.22	0.12	0.075	0.065	0.055	0.04	0.03	0.035	0.045	0.12
0.065	0.11	0.225	0.19	0.045	0.035	0.06	0.06	0.03	0.03	0.02	0.13
0.09	0.175	0.15	0.16	0.11	0.035	0.035	0.06	0.035	0.045	0.03	0.075
0.065	0.145	0.24	0.105	0.11	0.1	0.06	0.015	0.045	0.04	0	0.075
0.07	0.18	0.18	0.17	0.085	0.065	0.11	0.06	0.005	0.015	0.015	0.045
0.07	0.19	0.195	0.145	0.09	0.03	0.055	0.06	0.04	0.035	0.02	0.07
0.05	0.125	0.24	0.17	0.085	0.085	0.025	0.045	0.045	0.03	0.025	0.075
0.08	0.145	0.155	0.16	0.15	0.06	0.055	0.045	0.055	0.03	0.015	0.05
0.09	0.15	0.165	0.135	0.15	0.1	0.03	0.045	0.04	0.03	0.025	0.04
0.1	0.24	0.2	0.145	0.08	0.065	0.055	0.03	0.025	0.02	0.01	0.03
0.075	0.235	0.175	0.125	0.07	0.075	0.1	0.025	0.035	0.03	0.025	0.03
0.09	0.295	0.205	0.13	0.07	0.065	0.02	0.04	0.04	0.015	0.015	0.015
0.105	0.17	0.205	0.2	0.125	0.03	0.05	0.03	0.02	0.01	0.01	0.045
0.095	0.17	0.175	0.205	0.145	0.05	0.04	0.03	0.005	0.03	0.015	0.04
0.135	0.18	0.22	0.115	0.115	0.05	0.05	0.045	0.035	0.01	0.015	0.03
0.13	0.305	0.145	0.115	0.075	0.055	0.05	0.035	0.025	0.015	0.025	0.025
0.11	0.215	0.26	0.11	0.105	0.045	0.06	0.03	0.02	0.005	0.01	0.03
0.09	0.21	0.225	0.22	0.06	0.085	0.035	0.035	0.005	0.01	0.01	0.015
0.14	0.22	0.195	0.225	0.13	0.03	0.03	0.015	0.005	0.01	0	0
0.145	0.215	0.185	0.15	0.16	0.06	0.025	0.01	0.01	0.01	0.005	0.025
0.07	0.19	0.345	0.14	0.12	0.05	0.04	0.015	0.02	0.01	0	0
0.18	0.17	0.195	0.23	0.12	0.045	0.025	0.015	0.005	0.005	0.005	0.005
0.17	0.28	0.18	0.12	0.14	0.035	0.025	0.025	0.005	0.005	0.005	0.01
0.135	0.325	0.31	0.105	0.05	0.025	0.03	0	0.015	0	0	0.005
#wt_age_ind																																	
1 1 1 1 1 1 1 1 1 1 1 1 
1 1 1 1 1 1 1 1 1 1 1 1 
1 1 1 1 1 1 1 1 1 1 1 1 
1 1 1 1 1 1 1 1 1 1 1 1 
1 1 1 1 1 1 1 1 1 1 1 1 
1 1 1 1 1 1 1 1 1 1 1 1 
1 1 1 1 1 1 1 1 1 1 1 1 
1 1 1 1 1 1 1 1 1 1 1 1 
1 1 1 1 1 1 1 1 1 1 1 1 
1 1 1 1 1 1 1 1 1 1 1 1 
1 1 1 1 1 1 1 1 1 1 1 1 
1 1 1 1 1 1 1 1 1 1 1 1 
1 1 1 1 1 1 1 1 1 1 1 1 
1 1 1 1 1 1 1 1 1 1 1 1 
1 1 1 1 1 1 1 1 1 1 1 1 
1 1 1 1 1 1 1 1 1 1 1 1 
1 1 1 1 1 1 1 1 1 1 1 1 
1 1 1 1 1 1 1 1 1 1 1 1 
1 1 1 1 1 1 1 1 1 1 1 1 
1 1 1 1 1 1 1 1 1 1 1 1 
1 1 1 1 1 1 1 1 1 1 1 1 
1 1 1 1 1 1 1 1 1 1 1 1 
1 1 1 1 1 1 1 1 1 1 1 1 
1 1 1 1 1 1 1 1 1 1 1 1 
1 1 1 1 1 1 1 1 1 1 1 1 
1 1 1 1 1 1 1 1 1 1 1 1 
1 1 1 1 1 1 1 1 1 1 1 1 
1 1 1 1 1 1 1 1 1 1 1 1 
1 1 1 1 1 1 1 1 1 1 1 1 
1 1 1 1 1 1 1 1 1 1 1 1 
# wt_pop
0.000530656	0.001196328	0.002058265	0.003034987	0.004055212	0.005064698	0.006026226	0.006916921	0.007724891	0.008446113	0.009081853	0.009636695
#maturity
0.02297737 0.32082130 0.90465054 0.99477987 0.99973881 0.99998699 0.99999935 0.99999997 1 1 1 1
#spmonth																																		
1		
#age_err																																		
1	0	0	0	0	0	0	0	0	0	0	0
0	1	0	0	0	0	0	0	0	0	0	0
0	0	1	0	0	0	0	0	0	0	0	0
0	0	0	1	0	0	0	0	0	0	0	0
0	0	0	0	1	0	0	0	0	0	0	0
0	0	0	0	0	1	0	0	0	0	0	0
0	0	0	0	0	0	1	0	0	0	0	0
0	0	0	0	0	0	0	1	0	0	0	0
0	0	0	0	0	0	0	0	1	0	0	0
0	0	0	0	0	0	0	0	0	1	0	0
0	0	0	0	0	0	0	0	0	0	1	0
0	0	0	0	0	0	0	0	0	0	0	1																														
