# Number of parameters = 73  Objective function value = 26356.9  Maximum gradient component = 0.000885827
# sel_params[1]:
2.00000000000
# sel_params[2]:
1.00000000000
# log_Fmult_year1:
 -4.65441979302
# log_Fmult_devs:
 1.07315311545 0.506531605227 0.301114490529 -0.231487295805 0.605208952050 0.0226670695129 0.746635785514 -0.530149189258 0.193345492264 0.128346749602 0.0657978366717 -0.325502562907 0.383023851680 0.0564097159027 -0.121794713890 0.657314527408 -0.206115317406 -0.0197242219948 -0.0306428990853 0.333325894991 -0.315872200146 0.491972197813 -0.177062902159 -0.000946274165683 -0.0772404137326 -0.0129843359719 0.336610439711 -0.278970363392 0.412661181333
# log_recruit_devs:
 0.0222628853685 0.237271977293 -0.0767544896197 -0.284937334012 0.322541150360 0.141038022090 -0.0435324503884 0.191725356622 -0.0865651337503 0.110392519649 0.0669152850009 -0.121160829776 -0.0881039113879 0.106307026383 0.0197616006890 0.156076164764 0.139441296937 -0.219017441377 -0.117472062824 -0.237828937771 0.0973448972319 0.0331995322572 -0.135275974071 -0.246827477825 0.0381215586014 -0.272514071383 -0.142561239508 0.112952403392 0.235570100473 0.0416295765822
# log_N_year1_devs:
 -0.0336125866716 -0.0445522976197 -0.0767654002177 -0.0677207981875 -0.0449909942958 -0.116495171132 0.159140437408 -0.151750242921 -0.0934281136013 -0.481145042462 -0.0751511664751
# log_q_year1:
 -7.96087819487
# log_q_devs:
 0.00000000000 0.00000000000 0.00000000000 0.00000000000 0.00000000000 0.00000000000 0.00000000000 0.00000000000 0.00000000000 0.00000000000 0.00000000000 0.00000000000 0.00000000000 0.00000000000 0.00000000000 0.00000000000 0.00000000000 0.00000000000 0.00000000000 0.00000000000 0.00000000000 0.00000000000 0.00000000000 0.00000000000 0.00000000000 0.00000000000 0.00000000000 0.00000000000 0.00000000000
# index_sel_params[1]:
1.50000000000
# index_sel_params[2]:
0.500000000000
# log_SR_scaler:
6.91388919054
# SR_steepness:
0.750000000000
