# Number of parameters = 73  Objective function value = 26545.8  Maximum gradient component = 0.00527935
# sel_params[1]:
2.00000000000
# sel_params[2]:
1.00000000000
# log_Fmult_year1:
 -4.64664589778
# log_Fmult_devs:
 1.06846871447 0.496176859474 0.303847213676 -0.233336993228 0.585802526886 0.0109029799108 0.747344977018 -0.528588170206 0.196965626265 0.129034830201 0.0759464062957 -0.329324622898 0.372534726826 0.0703669068883 -0.124233694368 0.653359478492 -0.211272618857 -0.0172056796673 -0.0268094194278 0.332176502820 -0.326230302487 0.512459028027 -0.189718336211 -0.00180948421812 -0.0886714193789 -0.0208797544875 0.340553832934 -0.281823088366 0.399937025552
# log_recruit_devs:
 -0.0226901126662 0.200179700647 0.0197018220779 -0.211202480574 0.325366025034 0.114713343880 -0.00784355004700 0.130566701519 -0.0163793114835 0.0732336227464 0.0682758357233 -0.125626871821 -0.0198982600797 0.0806038620017 0.0240575309290 0.174234282565 0.142649696248 -0.220818888980 -0.149794115258 -0.350753972501 0.147612811145 -0.0196739034462 -0.0731205815461 -0.277743224198 0.0474890114298 -0.316531876183 -0.0711831684577 0.127901976375 0.108556169616 0.0981179253045
# log_N_year1_devs:
 0.0837818436273 0.0154710207582 0.0170283174156 -0.0170680533082 -0.00224638274814 -0.0446889740779 -0.146668107571 -0.0899832695885 -0.217592508065 0.0856049412694 -0.187361590009
# log_q_year1:
 -7.98399637387
# log_q_devs:
 0.00000000000 0.00000000000 0.00000000000 0.00000000000 0.00000000000 0.00000000000 0.00000000000 0.00000000000 0.00000000000 0.00000000000 0.00000000000 0.00000000000 0.00000000000 0.00000000000 0.00000000000 0.00000000000 0.00000000000 0.00000000000 0.00000000000 0.00000000000 0.00000000000 0.00000000000 0.00000000000 0.00000000000 0.00000000000 0.00000000000 0.00000000000 0.00000000000 0.00000000000
# index_sel_params[1]:
1.50000000000
# index_sel_params[2]:
0.500000000000
# log_SR_scaler:
6.91275903681
# SR_steepness:
0.750000000000
