# Number of parameters = 73  Objective function value = 26364.4  Maximum gradient component = 0.00470676
# sel_params[1]:
2.00000000000
# sel_params[2]:
1.00000000000
# log_Fmult_year1:
 -4.69722849341
# log_Fmult_devs:
 1.08343336141 0.515660309030 0.322410908943 -0.229424067017 0.585500595814 0.0342616629004 0.743430370329 -0.529041567059 0.207048797702 0.117485220502 0.0752129499457 -0.320513240087 0.358320542084 0.0557651973992 -0.112616310877 0.668957134246 -0.202776858165 -0.0214572083740 -0.0154885545147 0.313874832656 -0.322057355206 0.514645874181 -0.188258630708 0.0170397798522 -0.0886928748318 -0.0119997285698 0.346986049645 -0.264908622995 0.427541229992
# log_recruit_devs:
 -0.0944793228493 0.147319519023 -0.0106098997307 -0.192873510654 0.272379760535 0.220978724411 -0.0384811945085 0.0701535602312 0.0412452339261 0.0503221005463 0.147157451913 -0.0357859380249 -0.0152337060119 0.0581288814284 -0.111032533245 0.213008357734 0.127613543055 -0.104706009292 -0.158803095255 -0.175171064465 0.0366623563730 0.0542741378666 -0.169964880774 -0.189392783306 0.0120277068626 -0.243366058822 -0.0861493560239 0.135534350774 0.166277115978 -0.127033447694
# log_N_year1_devs:
 -0.0447773110539 -0.0859930057961 0.0510809812942 0.0378009657049 -0.0216451951152 -0.0604225254954 -0.0813210670489 -0.196592476958 0.0550954185239 -0.0238750226422 -0.0275744770548
# log_q_year1:
 -7.93553621239
# log_q_devs:
 0.00000000000 0.00000000000 0.00000000000 0.00000000000 0.00000000000 0.00000000000 0.00000000000 0.00000000000 0.00000000000 0.00000000000 0.00000000000 0.00000000000 0.00000000000 0.00000000000 0.00000000000 0.00000000000 0.00000000000 0.00000000000 0.00000000000 0.00000000000 0.00000000000 0.00000000000 0.00000000000 0.00000000000 0.00000000000 0.00000000000 0.00000000000 0.00000000000 0.00000000000
# index_sel_params[1]:
1.50000000000
# index_sel_params[2]:
0.500000000000
# log_SR_scaler:
6.89688216866
# SR_steepness:
0.750000000000
