#######GENERAL HEADER INPUT#######
1
30
1
30
1
30
30
12
1	2	3	4	5	6	7	8	9	10	11	12
12
1	2	3	4	5	6	7	8	9	10	11	12
1
101
1
1
#######SURVEY DATA#######
30
1	2	3	4	5	6	7	8	9	10	11	12	13	14	15	16	17	18	19	20	21	22	23	24	25	26	27	28	29	30
1.40717562136302	1.73726865336911	1.62518203045564	1.6506338095151	1.29095196756463	2.0166684247014	1.19707282530633	1.11964040229639	1.11866093314634	1.02962022676734	1.28890338219861	1.10053973173583	0.927978944225685	1.00896151723865	1.01081148544995	0.884880803092717	0.84449694529997	0.929800762344642	0.737285756497349	0.944727291077625	0.610096628817916	0.674198692417202	0.578947571870886	0.607467906959753	0.549112274814681	0.477161812901081	0.524813728699299	0.538620608370721	0.565598757016221	0.530381071567317
0.2	0.2	0.2	0.2	0.2	0.2	0.2	0.2	0.2	0.2	0.2	0.2	0.2	0.2	0.2	0.2	0.2	0.2	0.2	0.2	0.2	0.2	0.2	0.2	0.2	0.2	0.2	0.2	0.2	0.2
30
1	2	3	4	5	6	7	8	9	10	11	12	13	14	15	16	17	18	19	20	21	22	23	24	25	26	27	28	29	30
200	200	200	200	200	200	200	200	200	200	200	200	200	200	200	200	200	200	200	200	200	200	200	200	200	200	200	200	200	200
200	200	200	200	200	200	200	200	200	200	200	200	200	200	200	200	200	200	200	200	200	200	200	200	200	200	200	200	200	200
0.055	0.17	0.105	0.135	0.12	0.07	0.09	0.025	0.055	0.03	0.035	0.11
0.075	0.15	0.14	0.115	0.13	0.095	0.05	0.03	0.045	0.045	0.005	0.12
0.055	0.205	0.16	0.1	0.065	0.09	0.04	0.06	0.04	0.03	0.035	0.12
0.01	0.135	0.175	0.12	0.125	0.075	0.06	0.075	0.05	0.03	0.03	0.115
0.1	0.105	0.12	0.15	0.125	0.07	0.065	0.035	0.06	0.02	0.03	0.12
0.095	0.165	0.155	0.085	0.115	0.055	0.045	0.05	0.05	0.035	0.02	0.13
0.05	0.165	0.195	0.115	0.045	0.11	0.06	0.065	0.035	0.025	0.025	0.11
0.06	0.12	0.195	0.195	0.075	0.04	0.07	0.045	0.025	0.05	0.02	0.105
0.075	0.165	0.195	0.125	0.11	0.06	0.07	0.025	0.03	0.045	0.015	0.085
0.035	0.135	0.16	0.1	0.125	0.145	0.055	0.035	0.04	0.025	0.03	0.115
0.1	0.195	0.16	0.12	0.105	0.105	0.045	0.035	0.01	0.035	0.02	0.07
0.085	0.15	0.2	0.15	0.1	0.065	0.05	0.045	0.02	0.015	0.02	0.1
0.08	0.16	0.18	0.165	0.065	0.105	0.02	0.075	0.045	0.02	0.015	0.07
0.075	0.16	0.115	0.215	0.135	0.065	0.065	0.045	0.025	0.05	0	0.05
0.075	0.205	0.185	0.1	0.1	0.08	0.08	0.045	0.015	0.04	0.03	0.045
0.105	0.245	0.17	0.13	0.09	0.08	0.07	0.035	0.015	0	0.025	0.035
0.085	0.26	0.165	0.095	0.075	0.055	0.04	0.07	0.035	0.035	0.035	0.05
0.12	0.21	0.23	0.105	0.145	0.03	0.045	0.045	0.02	0.01	0.005	0.035
0.085	0.14	0.22	0.16	0.115	0.06	0.045	0.05	0.065	0.01	0.01	0.04
0.095	0.195	0.155	0.22	0.105	0.065	0.05	0.05	0.015	0.025	0.01	0.015
0.13	0.195	0.185	0.165	0.08	0.085	0.035	0.04	0.01	0.03	0.01	0.035
0.1	0.32	0.165	0.15	0.07	0.08	0.03	0.04	0.01	0.01	0.01	0.015
0.095	0.285	0.19	0.085	0.08	0.065	0.055	0.075	0.02	0.015	0	0.035
0.1	0.19	0.3	0.15	0.06	0.07	0.035	0.02	0.01	0.025	0.005	0.035
0.135	0.195	0.21	0.17	0.1	0.085	0.045	0.02	0.01	0	0.01	0.02
0.065	0.255	0.18	0.235	0.115	0.07	0.015	0.02	0.01	0.02	0	0.015
0.085	0.185	0.325	0.13	0.08	0.06	0.07	0.035	0.01	0	0.01	0.01
0.14	0.24	0.195	0.18	0.1	0.045	0.045	0.015	0.015	0	0	0.025
0.16	0.33	0.205	0.1	0.095	0.035	0.045	0.005	0.01	0.005	0	0.01
0.115	0.31	0.27	0.1	0.09	0.075	0.005	0.01	0.01	0.005	0.005	0.005
#######LANDINGS DATA#######
1
30
161.479330734448	470.313860796355	755.827464105688	995.933915821135	765.017910266913	1333.92657566976	1274.80504217104	2465.36539503583	1313.34469856543	1536.35587884545	1616.94481606629	1618.04991928983	1104.5773393217	1540.89351030595	1501.44162112462	1282.95194483788	2264.36902115431	1620.90121038239	1457.9407242694	1324.35652934063	1622.04841363727	1070.51622565771	1625.16031969914	1197.53834946731	1106.58859388195	966.848945781613	930.547456968075	1205.1539246513	868.754407625486	1272.3694679651
0.01	0.01	0.01	0.01	0.01	0.01	0.01	0.01	0.01	0.01	0.01	0.01	0.01	0.01	0.01	0.01	0.01	0.01	0.01	0.01	0.01	0.01	0.01	0.01	0.01	0.01	0.01	0.01	0.01	0.01
30
1	2	3	4	5	6	7	8	9	10	11	12	13	14	15	16	17	18	19	20	21	22	23	24	25	26	27	28	29	30
200	200	200	200	200	200	200	200	200	200	200	200	200	200	200	200	200	200	200	200	200	200	200	200	200	200	200	200	200	200
200	200	200	200	200	200	200	200	200	200	200	200	200	200	200	200	200	200	200	200	200	200	200	200	200	200	200	200	200	200
0.085	0.06	0.145	0.13	0.105	0.06	0.08	0.07	0.065	0.02	0.05	0.13
0.125	0.095	0.065	0.155	0.115	0.1	0.055	0.065	0.03	0.03	0.035	0.13
0.06	0.145	0.125	0.12	0.085	0.07	0.075	0.06	0.06	0.08	0.03	0.09
0.06	0.08	0.155	0.165	0.14	0.095	0.09	0.04	0.015	0.035	0.025	0.1
0.095	0.075	0.135	0.13	0.1	0.105	0.095	0.03	0.055	0.03	0.02	0.13
0.09	0.145	0.095	0.135	0.135	0.065	0.075	0.025	0.045	0.05	0.03	0.11
0.055	0.13	0.18	0.1	0.085	0.115	0.035	0.045	0.04	0.045	0.02	0.15
0.125	0.07	0.17	0.23	0.08	0.045	0.055	0.045	0.07	0.02	0.015	0.075
0.075	0.105	0.155	0.185	0.12	0.075	0.04	0.05	0.035	0.04	0.03	0.09
0.065	0.11	0.18	0.115	0.135	0.09	0.045	0.035	0.015	0.04	0.025	0.145
0.115	0.14	0.135	0.125	0.095	0.085	0.08	0.03	0.05	0.025	0.015	0.105
0.125	0.145	0.175	0.11	0.075	0.07	0.085	0.02	0.035	0.035	0.03	0.095
0.09	0.14	0.21	0.11	0.09	0.12	0.055	0.07	0.025	0.015	0.02	0.055
0.095	0.12	0.165	0.165	0.115	0.08	0.08	0.025	0.045	0.02	0.005	0.085
0.105	0.14	0.12	0.09	0.17	0.115	0.075	0.055	0.015	0.02	0.02	0.075
0.145	0.175	0.17	0.115	0.08	0.095	0.08	0.04	0.04	0.02	0.005	0.035
0.135	0.175	0.15	0.16	0.07	0.045	0.06	0.05	0.02	0.02	0	0.115
0.09	0.185	0.205	0.125	0.115	0.095	0.035	0.05	0.045	0.015	0	0.04
0.09	0.13	0.19	0.15	0.13	0.075	0.07	0.045	0.02	0.04	0.01	0.05
0.12	0.165	0.165	0.19	0.115	0.065	0.075	0.025	0.01	0.015	0.02	0.035
0.125	0.145	0.225	0.1	0.125	0.09	0.045	0.05	0.045	0.015	0.015	0.02
0.16	0.24	0.13	0.105	0.1	0.08	0.055	0.03	0.03	0.01	0.005	0.055
0.13	0.265	0.205	0.08	0.12	0.06	0.055	0.03	0.02	0.005	0.01	0.02
0.125	0.21	0.21	0.18	0.075	0.055	0.065	0.035	0.03	0.005	0.005	0.005
0.17	0.15	0.22	0.175	0.12	0.065	0.02	0.03	0.01	0.015	0	0.025
0.135	0.27	0.18	0.14	0.12	0.095	0.01	0.01	0.015	0.01	0.005	0.01
0.15	0.165	0.305	0.12	0.08	0.075	0.05	0.015	0.015	0.01	0.005	0.01
0.15	0.19	0.175	0.235	0.085	0.03	0.05	0.03	0.02	0.01	0	0.025
0.215	0.235	0.21	0.135	0.07	0.08	0.01	0.02	0.015	0	0.005	0.005
0.11	0.27	0.205	0.13	0.09	0.075	0.03	0.05	0.005	0.02	0.01	0.005
#######PARAMETER SECTION#######
800	400	1200	-4	800	-0.25	1
0.18	0.01	1	-4	0.18	-0.25	1
-1.36	-5	-0.001	-4	-1.36	-0.25	1
0.1	0.05	0.3	-4	0.1	-0.25	1
0.2	0.01	0.5	-4	0.2	-0.25	1
0.75	0.20001	1	-3	0.75	-0.25	1
13.815511	-1	200	1	13.815511	-0.25	1
0	-1	1	-4	0	-0.25	1
0.2	1e-04	1.2	-3	0.2	-0.25	1
0	-10	10	-6	0	-1	1
0	-10	10	-6	0	-1	1
2	0	12	-2	2	-0.5	1
1	0	12	-2	1	-0.5	1
2	0	12	-2	2	-0.5	1
1	0	12	-2	1	-0.5	1
1.5	0	12	-2	1.5	-0.5	1
2	0	12	-2	2	-0.5	1
-14.8682006803499	-30	5	1	-14.8682006803499	-1	1
1	0.1	2	-1	1	-1	1
-1.51930887058023	-10	1.39	1	-1.51930887058023	-1	1
#######DEV CONSTRAINTS and DEVS#######
-15	15	2
-15	15	2
-15	15	2
0	0	0	0	0	0	0	0	0	0	0	0	0	0	0	0	0	0	0	0	0	0	0	0	0	0	0	0	0	0
0	0	0	0	0	0	0	0	0	0	0	0	0	0	0	0	0	0	0	0	0	0	0	0	0	0	0	0	0	0
0	0	0	0	0	0	0	0	0	0	0
#######LIKELIHOOD WEIGHTS#######
1
1
1
1
0
1
0
0
0
#######MISCELLANEOUS STUFF SECTION#######
2.5e-08
3
0.5	0.5	0.5	0.5	0.5	0.5	0.5	0.5	0.5	0.5	0.5	0.5
0.0229773699100256	0.320821300824607	0.904650535100891	0.994779874306442	0.999738809680904	0.999986992871533	0.999999352405202	0.999999967758134	0.999999998394772	0.99999999992008	0.999999999996021	0.999999999999802
0.2	0.2	0.2	0.2	0.2	0.2	0.2	0.2	0.2	0.2	0.2	0.2
0
1
10
0.2
1
1	0	0	0	0	0	0	0	0	0	0	0
0	1	0	0	0	0	0	0	0	0	0	0
0	0	1	0	0	0	0	0	0	0	0	0
0	0	0	1	0	0	0	0	0	0	0	0
0	0	0	0	1	0	0	0	0	0	0	0
0	0	0	0	0	1	0	0	0	0	0	0
0	0	0	0	0	0	1	0	0	0	0	0
0	0	0	0	0	0	0	1	0	0	0	0
0	0	0	0	0	0	0	0	1	0	0	0
0	0	0	0	0	0	0	0	0	1	0	0
0	0	0	0	0	0	0	0	0	0	1	0
0	0	0	0	0	0	0	0	0	0	0	1
40
31
2
1
#######END OF DATA FILE#######
999
