#styr																																				
1
#endyr																																			
30
#rec_age																																	
1																																						#n_ages																																		
12
# numbers of length intervals
81
#Length	bin
10	11	12	13	14	15	16	17	18	19	20	21	22	23	24	25	26	27	28	29	30	31	32	33	34	35	36	37	38	39	40	41	42	43	44	45	46	47	48	49	50	51	52	53	54	55	56	57	58	59	60	61	62	63	64	65	66	67	68	69	70	71	72	73	74	75	76	77	78	79	80	81	82	83	84	85	86	87	88	89	90
#nfsh
1
#names_fsh
OM1																																				
#catch																																			
160.651781856995	469.84739134293	755.545456319135	1000.31666537772	765.91557591407	1326.54625706349	1284.99839905645	2496.59607926017	1323.59089547819	1526.97025647439	1624.60830693168	1605.62536840134	1104.98483510076	1540.42035401598	1503.33124590096	1274.8660045429	2264.98030419385	1606.57387760938	1458.06209061301	1312.76967052292	1621.67852509891	1077.9689186394	1647.15560056729	1210.05087310451	1111.66296211773	960.729480773355	930.095737688873	1210.42049742792	878.424116584982	1280.95073093447
#catch_cv																																		
0.01	0.01	0.01	0.01	0.01	0.01	0.01	0.01	0.01	0.01	0.01	0.01	0.01	0.01	0.01	0.01	0.01	0.01	0.01	0.01	0.01	0.01	0.01	0.01	0.01	0.01	0.01	0.01	0.01	0.01
#n_ages_fsh																															
30																			
#n_lengths_fsh																															
0																																						
#yrs_ages_fsh																																
1	2	3	4	5	6	7	8	9	10	11	12	13	14	15	16	17	18	19	20	21	22	23	24	25	26	27	28	29	30						
#sample_ages_fsh																														
200	200	200	200	200	200	200	200	200	200	200	200	200	200	200	200	200	200	200	200	200	200	200	200	200	200	200	200	200	200
#page_fsh	2	3	4	5	6	7	8	9	10	11																						
0.04	0.095	0.125	0.09	0.105	0.075	0.075	0.04	0.08	0.03	0.04	0.205
0.105	0.09	0.16	0.105	0.11	0.1	0.045	0.06	0.075	0.03	0.015	0.105
0.075	0.13	0.12	0.085	0.115	0.105	0.06	0.055	0.05	0.03	0.025	0.15
0.04	0.155	0.135	0.085	0.085	0.08	0.075	0.07	0.045	0.025	0.045	0.16
0.115	0.065	0.105	0.15	0.085	0.11	0.08	0.04	0.055	0.03	0.04	0.125
0.115	0.145	0.09	0.115	0.085	0.075	0.085	0.065	0.045	0.055	0.04	0.085
0.095	0.15	0.12	0.095	0.075	0.1	0.07	0.06	0.045	0.025	0.025	0.14
0.07	0.09	0.19	0.175	0.06	0.07	0.065	0.05	0.035	0.03	0.005	0.16
0.075	0.13	0.115	0.155	0.12	0.1	0.055	0.06	0.065	0.015	0.015	0.095
0.1	0.085	0.165	0.135	0.085	0.095	0.055	0.03	0.055	0.035	0.025	0.135
0.115	0.15	0.105	0.135	0.08	0.125	0.1	0.045	0.01	0.02	0.03	0.085
0.07	0.165	0.19	0.09	0.135	0.085	0.055	0.055	0.01	0.015	0.015	0.115
0.085	0.1	0.2	0.16	0.09	0.085	0.065	0.065	0.05	0.01	0.005	0.085
0.11	0.14	0.18	0.175	0.145	0.06	0.05	0.06	0.02	0.01	0.005	0.045
0.105	0.155	0.17	0.13	0.085	0.065	0.05	0.04	0.055	0.035	0.03	0.08
0.14	0.095	0.165	0.14	0.115	0.065	0.09	0.04	0.035	0.03	0.04	0.045
0.06	0.14	0.15	0.19	0.155	0.06	0.06	0.05	0.025	0.035	0.005	0.07
0.115	0.165	0.215	0.14	0.18	0.035	0.03	0.03	0.015	0.035	0.005	0.035
0.085	0.125	0.245	0.19	0.1	0.085	0.06	0.02	0.025	0.01	0.02	0.035
0.105	0.135	0.15	0.185	0.16	0.09	0.05	0.035	0	0.025	0.025	0.04
0.125	0.17	0.225	0.12	0.125	0.05	0.08	0.02	0.025	0.02	0	0.04
0.145	0.255	0.14	0.15	0.085	0.095	0.03	0.05	0.015	0.01	0.005	0.02
0.145	0.24	0.175	0.105	0.065	0.065	0.07	0.05	0.035	0.01	0.01	0.03
0.115	0.165	0.22	0.215	0.095	0.065	0.045	0.065	0.005	0.005	0	0.005
0.175	0.16	0.21	0.18	0.125	0.035	0.04	0.025	0.015	0.005	0.015	0.015
0.125	0.285	0.18	0.155	0.11	0.06	0.035	0.025	0	0.01	0.005	0.01
0.15	0.19	0.195	0.165	0.125	0.1	0.04	0	0.01	0.015	0.01	0
0.145	0.21	0.155	0.225	0.085	0.05	0.045	0.035	0.015	0	0.01	0.025
0.16	0.26	0.175	0.155	0.09	0.04	0.03	0.035	0.025	0	0.01	0.02
0.11	0.25	0.205	0.15	0.09	0.095	0.03	0.02	0.02	0.015	0	0.015
#wt_age_fsh	1 2	3	4	5	6	7	8	9	10	11																				
0.000530656	0.001196328	0.002058265	0.003034987	0.004055212	0.005064698	0.006026226	0.006916921	0.007724891	0.008446113	0.009081853	0.009636695
0.000530656	0.001196328	0.002058265	0.003034987	0.004055212	0.005064698	0.006026226	0.006916921	0.007724891	0.008446113	0.009081853	0.009636695
0.000530656	0.001196328	0.002058265	0.003034987	0.004055212	0.005064698	0.006026226	0.006916921	0.007724891	0.008446113	0.009081853	0.009636695
0.000530656	0.001196328	0.002058265	0.003034987	0.004055212	0.005064698	0.006026226	0.006916921	0.007724891	0.008446113	0.009081853	0.009636695
0.000530656	0.001196328	0.002058265	0.003034987	0.004055212	0.005064698	0.006026226	0.006916921	0.007724891	0.008446113	0.009081853	0.009636695
0.000530656	0.001196328	0.002058265	0.003034987	0.004055212	0.005064698	0.006026226	0.006916921	0.007724891	0.008446113	0.009081853	0.009636695
0.000530656	0.001196328	0.002058265	0.003034987	0.004055212	0.005064698	0.006026226	0.006916921	0.007724891	0.008446113	0.009081853	0.009636695
0.000530656	0.001196328	0.002058265	0.003034987	0.004055212	0.005064698	0.006026226	0.006916921	0.007724891	0.008446113	0.009081853	0.009636695
0.000530656	0.001196328	0.002058265	0.003034987	0.004055212	0.005064698	0.006026226	0.006916921	0.007724891	0.008446113	0.009081853	0.009636695
0.000530656	0.001196328	0.002058265	0.003034987	0.004055212	0.005064698	0.006026226	0.006916921	0.007724891	0.008446113	0.009081853	0.009636695
0.000530656	0.001196328	0.002058265	0.003034987	0.004055212	0.005064698	0.006026226	0.006916921	0.007724891	0.008446113	0.009081853	0.009636695
0.000530656	0.001196328	0.002058265	0.003034987	0.004055212	0.005064698	0.006026226	0.006916921	0.007724891	0.008446113	0.009081853	0.009636695
0.000530656	0.001196328	0.002058265	0.003034987	0.004055212	0.005064698	0.006026226	0.006916921	0.007724891	0.008446113	0.009081853	0.009636695
0.000530656	0.001196328	0.002058265	0.003034987	0.004055212	0.005064698	0.006026226	0.006916921	0.007724891	0.008446113	0.009081853	0.009636695
0.000530656	0.001196328	0.002058265	0.003034987	0.004055212	0.005064698	0.006026226	0.006916921	0.007724891	0.008446113	0.009081853	0.009636695
0.000530656	0.001196328	0.002058265	0.003034987	0.004055212	0.005064698	0.006026226	0.006916921	0.007724891	0.008446113	0.009081853	0.009636695
0.000530656	0.001196328	0.002058265	0.003034987	0.004055212	0.005064698	0.006026226	0.006916921	0.007724891	0.008446113	0.009081853	0.009636695
0.000530656	0.001196328	0.002058265	0.003034987	0.004055212	0.005064698	0.006026226	0.006916921	0.007724891	0.008446113	0.009081853	0.009636695
0.000530656	0.001196328	0.002058265	0.003034987	0.004055212	0.005064698	0.006026226	0.006916921	0.007724891	0.008446113	0.009081853	0.009636695
0.000530656	0.001196328	0.002058265	0.003034987	0.004055212	0.005064698	0.006026226	0.006916921	0.007724891	0.008446113	0.009081853	0.009636695
0.000530656	0.001196328	0.002058265	0.003034987	0.004055212	0.005064698	0.006026226	0.006916921	0.007724891	0.008446113	0.009081853	0.009636695
0.000530656	0.001196328	0.002058265	0.003034987	0.004055212	0.005064698	0.006026226	0.006916921	0.007724891	0.008446113	0.009081853	0.009636695
0.000530656	0.001196328	0.002058265	0.003034987	0.004055212	0.005064698	0.006026226	0.006916921	0.007724891	0.008446113	0.009081853	0.009636695
0.000530656	0.001196328	0.002058265	0.003034987	0.004055212	0.005064698	0.006026226	0.006916921	0.007724891	0.008446113	0.009081853	0.009636695
0.000530656	0.001196328	0.002058265	0.003034987	0.004055212	0.005064698	0.006026226	0.006916921	0.007724891	0.008446113	0.009081853	0.009636695
0.000530656	0.001196328	0.002058265	0.003034987	0.004055212	0.005064698	0.006026226	0.006916921	0.007724891	0.008446113	0.009081853	0.009636695
0.000530656	0.001196328	0.002058265	0.003034987	0.004055212	0.005064698	0.006026226	0.006916921	0.007724891	0.008446113	0.009081853	0.009636695
0.000530656	0.001196328	0.002058265	0.003034987	0.004055212	0.005064698	0.006026226	0.006916921	0.007724891	0.008446113	0.009081853	0.009636695
0.000530656	0.001196328	0.002058265	0.003034987	0.004055212	0.005064698	0.006026226	0.006916921	0.007724891	0.008446113	0.009081853	0.009636695
0.000530656	0.001196328	0.002058265	0.003034987	0.004055212	0.005064698	0.006026226	0.006916921	0.007724891	0.008446113	0.009081853	0.009636695

#nind
1
#ind_names																																	
survey_index1																																
#nobs_ind
30
#yrs_ind																																		
1	2	3	4	5	6	7	8	9	10	11	12	13	14	15	16	17	18	19	20	21	22	23	24	25	26	27	28	29	30	
#month_ind																																	
1																																						
#biom_ind																																		
1.3282652282118	1.44594175348519	1.64124641541689	1.37846652751411	1.37023207910496	1.45683001306412	1.4607775040245	1.5167598762205	1.29459457526393	1.27187637547402	1.00613405550574	1.27425348746178	1.27251854243897	1.08873842315654	0.98391043504057	1.02146990951569	1.12713469901822	0.776133258433094	0.637722803268268	0.702137419720696	0.762322256637483	0.736741380244038	0.662451734765553	0.623879046150845	0.623804912824088	0.597345363545842	0.47502315777241	0.586469012666986	0.608316998659475	0.506161572773755
#biom_cv																				
0.265653045642359	0.289188350697039	0.328249283083379	0.275693305502822	0.274046415820992	0.291366002612824	0.2921555008049	0.3033519752441	0.258918915052787	0.254375275094804	0.201226811101149	0.254850697492355	0.254503708487793	0.217747684631307	0.196782087008114	0.204293981903139	0.225426939803643	0.155226651686619	0.127544560653654	0.140427483944139	0.152464451327497	0.147348276048808	0.132490346953111	0.124775809230169	0.124760982564818	0.119469072709168	0.095004631554482	0.117293802533397	0.121663399731895	0.101232314554751
#n_ages_ind																																	
30			
#n_lengths_ind																															
0																																						
#yrs_ages_ind																																
1	2	3	4	5	6	7	8	9	10	11	12	13	14	15	16	17	18	19	20	21	22	23	24	25	26	27	28	29	30																						
#sample_ages_ind																														
200	200	200	200	200	200	200	200	200	200	200	200	200	200	200	200	200	200	200	200	200	200	200	200	200	200	200	200	200	200
#page_ind																																		
0.055	0.11	0.135	0.135	0.065	0.1	0.09	0.055	0.045	0.045	0.035	0.13
0.085	0.075	0.155	0.09	0.115	0.105	0.045	0.055	0.06	0.03	0.015	0.17
0.06	0.215	0.135	0.115	0.105	0.05	0.06	0.025	0.045	0.02	0.05	0.12
0.04	0.095	0.165	0.155	0.075	0.13	0.075	0.045	0.045	0.02	0.025	0.13
0.095	0.095	0.11	0.18	0.075	0.105	0.06	0.05	0.035	0.05	0.04	0.105
0.055	0.225	0.11	0.09	0.16	0.045	0.05	0.08	0.03	0.03	0.025	0.1
0.08	0.195	0.165	0.1	0.08	0.095	0.05	0.03	0.055	0.04	0.03	0.08
0.055	0.095	0.18	0.225	0.09	0.08	0.07	0.045	0.04	0.01	0.015	0.095
0.07	0.2	0.155	0.13	0.14	0.055	0.04	0.04	0.03	0.015	0.02	0.105
0.1	0.12	0.21	0.12	0.125	0.085	0.035	0.03	0.03	0.025	0.025	0.095
0.11	0.165	0.12	0.125	0.115	0.14	0.065	0.045	0.015	0.025	0.03	0.045
0.065	0.12	0.275	0.13	0.075	0.07	0.07	0.06	0.02	0.035	0.01	0.07
0.045	0.13	0.195	0.185	0.13	0.085	0.055	0.05	0.045	0.005	0.015	0.06
0.07	0.18	0.225	0.11	0.08	0.1	0.025	0.05	0.04	0.045	0.015	0.06
0.1	0.205	0.19	0.13	0.09	0.055	0.025	0.055	0.04	0.02	0.01	0.08
0.115	0.165	0.18	0.155	0.075	0.06	0.085	0.06	0.02	0.015	0.015	0.055
0.09	0.2	0.195	0.13	0.095	0.07	0.06	0.055	0.01	0.02	0.01	0.065
0.065	0.26	0.22	0.11	0.095	0.05	0.025	0.06	0.03	0.025	0.01	0.05
0.08	0.145	0.26	0.185	0.085	0.045	0.075	0.03	0.02	0.025	0.015	0.035
0.075	0.185	0.165	0.2	0.125	0.07	0.035	0.025	0.025	0.025	0.015	0.055
0.12	0.155	0.22	0.095	0.135	0.125	0.04	0.055	0.01	0.005	0.005	0.035
0.13	0.335	0.155	0.17	0.03	0.055	0.03	0.02	0.02	0.02	0.01	0.025
0.085	0.225	0.265	0.14	0.08	0.05	0.04	0.03	0.035	0.025	0.005	0.02
0.12	0.205	0.26	0.205	0.045	0.055	0.02	0.025	0.01	0.025	0	0.03
0.18	0.205	0.195	0.145	0.13	0.045	0.025	0.015	0.025	0.015	0.005	0.015
0.12	0.24	0.18	0.145	0.115	0.09	0.055	0.02	0.005	0.015	0.005	0.01
0.09	0.235	0.28	0.1	0.105	0.08	0.025	0.02	0.025	0.01	0.015	0.015
0.1	0.19	0.245	0.185	0.09	0.075	0.065	0.02	0.005	0.015	0	0.01
0.195	0.25	0.24	0.11	0.1	0.035	0.03	0.02	0.015	0	0	0.005
0.15	0.28	0.295	0.08	0.09	0.06	0.02	0.02	0	0	0.005	0
#wt_age_ind																																	
1 1 1 1 1 1 1 1 1 1 1 1 
1 1 1 1 1 1 1 1 1 1 1 1 
1 1 1 1 1 1 1 1 1 1 1 1 
1 1 1 1 1 1 1 1 1 1 1 1 
1 1 1 1 1 1 1 1 1 1 1 1 
1 1 1 1 1 1 1 1 1 1 1 1 
1 1 1 1 1 1 1 1 1 1 1 1 
1 1 1 1 1 1 1 1 1 1 1 1 
1 1 1 1 1 1 1 1 1 1 1 1 
1 1 1 1 1 1 1 1 1 1 1 1 
1 1 1 1 1 1 1 1 1 1 1 1 
1 1 1 1 1 1 1 1 1 1 1 1 
1 1 1 1 1 1 1 1 1 1 1 1 
1 1 1 1 1 1 1 1 1 1 1 1 
1 1 1 1 1 1 1 1 1 1 1 1 
1 1 1 1 1 1 1 1 1 1 1 1 
1 1 1 1 1 1 1 1 1 1 1 1 
1 1 1 1 1 1 1 1 1 1 1 1 
1 1 1 1 1 1 1 1 1 1 1 1 
1 1 1 1 1 1 1 1 1 1 1 1 
1 1 1 1 1 1 1 1 1 1 1 1 
1 1 1 1 1 1 1 1 1 1 1 1 
1 1 1 1 1 1 1 1 1 1 1 1 
1 1 1 1 1 1 1 1 1 1 1 1 
1 1 1 1 1 1 1 1 1 1 1 1 
1 1 1 1 1 1 1 1 1 1 1 1 
1 1 1 1 1 1 1 1 1 1 1 1 
1 1 1 1 1 1 1 1 1 1 1 1 
1 1 1 1 1 1 1 1 1 1 1 1 
1 1 1 1 1 1 1 1 1 1 1 1 
# wt_pop
0.000530656	0.001196328	0.002058265	0.003034987	0.004055212	0.005064698	0.006026226	0.006916921	0.007724891	0.008446113	0.009081853	0.009636695
#maturity
0.02297737 0.32082130 0.90465054 0.99477987 0.99973881 0.99998699 0.99999935 0.99999997 1 1 1 1
#spmonth																																		
1		
#age_err																																		
1	0	0	0	0	0	0	0	0	0	0	0
0	1	0	0	0	0	0	0	0	0	0	0
0	0	1	0	0	0	0	0	0	0	0	0
0	0	0	1	0	0	0	0	0	0	0	0
0	0	0	0	1	0	0	0	0	0	0	0
0	0	0	0	0	1	0	0	0	0	0	0
0	0	0	0	0	0	1	0	0	0	0	0
0	0	0	0	0	0	0	1	0	0	0	0
0	0	0	0	0	0	0	0	1	0	0	0
0	0	0	0	0	0	0	0	0	1	0	0
0	0	0	0	0	0	0	0	0	0	1	0
0	0	0	0	0	0	0	0	0	0	0	1																														
