#######GENERAL HEADER INPUT#######
1
30
1
30
1
30
30
12
1	2	3	4	5	6	7	8	9	10	11	12
12
1	2	3	4	5	6	7	8	9	10	11	12
1
101
1
1
#######SURVEY DATA#######
30
1	2	3	4	5	6	7	8	9	10	11	12	13	14	15	16	17	18	19	20	21	22	23	24	25	26	27	28	29	30
1.49379171418733	1.48986396396743	1.47017961583721	1.44230118036931	1.27905156634918	1.44467204737785	1.5266244333541	1.57600976340399	1.22588709898172	1.18755004220832	0.975003848499818	1.32957551919574	1.06291769555322	0.933398023026098	0.960749202356147	1.06251024636666	0.863764395134454	0.906127102463889	0.82820918868261	0.661908971672979	0.689127221446158	0.540171339773244	0.762866574675155	0.626325619832002	0.555623712341779	0.480873157136503	0.582596880416804	0.521083346825979	0.580254239160236	0.614621908831603
0.2	0.2	0.2	0.2	0.2	0.2	0.2	0.2	0.2	0.2	0.2	0.2	0.2	0.2	0.2	0.2	0.2	0.2	0.2	0.2	0.2	0.2	0.2	0.2	0.2	0.2	0.2	0.2	0.2	0.2
30
1	2	3	4	5	6	7	8	9	10	11	12	13	14	15	16	17	18	19	20	21	22	23	24	25	26	27	28	29	30
200	200	200	200	200	200	200	200	200	200	200	200	200	200	200	200	200	200	200	200	200	200	200	200	200	200	200	200	200	200
200	200	200	200	200	200	200	200	200	200	200	200	200	200	200	200	200	200	200	200	200	200	200	200	200	200	200	200	200	200
0.085	0.155	0.15	0.145	0.09	0.09	0.05	0.045	0.04	0.045	0.025	0.08
0.055	0.145	0.145	0.14	0.11	0.035	0.08	0.07	0.025	0.045	0.02	0.13
0.045	0.17	0.11	0.11	0.1	0.09	0.06	0.045	0.055	0.04	0.03	0.145
0.04	0.15	0.21	0.125	0.085	0.06	0.065	0.045	0.03	0.05	0.015	0.125
0.065	0.155	0.175	0.185	0.095	0.07	0.06	0.015	0.04	0.02	0.02	0.1
0.075	0.14	0.13	0.095	0.16	0.08	0.055	0.02	0.04	0.015	0.015	0.175
0.035	0.155	0.24	0.085	0.095	0.075	0.08	0.045	0.055	0.01	0.015	0.11
0.085	0.185	0.17	0.15	0.075	0.055	0.075	0.025	0.025	0.025	0.025	0.105
0.055	0.18	0.12	0.13	0.145	0.045	0.05	0.04	0.035	0.04	0.045	0.115
0.12	0.11	0.2	0.12	0.13	0.115	0.03	0.02	0.03	0.02	0.015	0.09
0.085	0.205	0.125	0.15	0.095	0.095	0.055	0.045	0.015	0.015	0.035	0.08
0.08	0.195	0.175	0.095	0.105	0.09	0.075	0.05	0.025	0.015	0.01	0.085
0.065	0.145	0.215	0.135	0.09	0.115	0.04	0.03	0.05	0.02	0.005	0.09
0.075	0.145	0.215	0.15	0.09	0.12	0.045	0.025	0.035	0.035	0.01	0.055
0.04	0.19	0.175	0.115	0.135	0.1	0.03	0.055	0.02	0.04	0.025	0.075
0.09	0.215	0.185	0.13	0.115	0.075	0.08	0.025	0.02	0.01	0.02	0.035
0.11	0.195	0.18	0.155	0.125	0.065	0.04	0.055	0.04	0	0	0.035
0.08	0.2	0.215	0.155	0.09	0.075	0.035	0.04	0.04	0.01	0.015	0.045
0.125	0.16	0.2	0.175	0.11	0.075	0.045	0.03	0.02	0.035	0.015	0.01
0.08	0.195	0.16	0.185	0.14	0.07	0.045	0.015	0.025	0.025	0.015	0.045
0.155	0.15	0.215	0.1	0.13	0.11	0.03	0.03	0.04	0.005	0.005	0.03
0.12	0.23	0.205	0.12	0.07	0.085	0.085	0.03	0.02	0.01	0.005	0.02
0.065	0.255	0.295	0.115	0.1	0.035	0.065	0.015	0.01	0.01	0.005	0.03
0.15	0.215	0.23	0.16	0.09	0.08	0.035	0.025	0	0	0	0.015
0.13	0.25	0.16	0.165	0.105	0.045	0.04	0.025	0.03	0.02	0.005	0.025
0.11	0.3	0.2	0.115	0.085	0.07	0.04	0.02	0.01	0.01	0.005	0.035
0.145	0.18	0.26	0.16	0.11	0.075	0.02	0.015	0.015	0	0.01	0.01
0.12	0.24	0.165	0.225	0.11	0.045	0.03	0.03	0.01	0.005	0.005	0.015
0.16	0.29	0.225	0.095	0.12	0.04	0.01	0.03	0.02	0	0	0.01
0.12	0.335	0.235	0.13	0.085	0.03	0.015	0.015	0.01	0.005	0	0.02
#######LANDINGS DATA#######
1
30
161.665666865793	467.335826468283	757.605684199064	993.508063011738	771.277120031754	1324.36036680237	1284.30981890052	2474.82391326109	1319.15648815137	1514.75929484357	1618.61581378954	1602.16356830771	1110.03571986445	1535.17026710022	1504.6343399733	1281.46456734917	2254.72771200467	1595.64355893522	1462.86141062477	1323.11663655512	1609.84786228498	1068.33593327086	1653.98045053869	1201.70085883588	1105.81414459172	969.712092547976	928.535098035607	1212.4741224949	876.063901213933	1279.76111981595
0.01	0.01	0.01	0.01	0.01	0.01	0.01	0.01	0.01	0.01	0.01	0.01	0.01	0.01	0.01	0.01	0.01	0.01	0.01	0.01	0.01	0.01	0.01	0.01	0.01	0.01	0.01	0.01	0.01	0.01
30
1	2	3	4	5	6	7	8	9	10	11	12	13	14	15	16	17	18	19	20	21	22	23	24	25	26	27	28	29	30
200	200	200	200	200	200	200	200	200	200	200	200	200	200	200	200	200	200	200	200	200	200	200	200	200	200	200	200	200	200
200	200	200	200	200	200	200	200	200	200	200	200	200	200	200	200	200	200	200	200	200	200	200	200	200	200	200	200	200	200
0.05	0.105	0.145	0.135	0.055	0.12	0.055	0.06	0.055	0.06	0.02	0.14
0.09	0.075	0.1	0.155	0.105	0.075	0.08	0.06	0.04	0.035	0.035	0.15
0.07	0.12	0.11	0.17	0.11	0.065	0.055	0.05	0.05	0.05	0.035	0.115
0.085	0.115	0.16	0.125	0.08	0.11	0.06	0.06	0.055	0.025	0.02	0.105
0.13	0.12	0.1	0.14	0.09	0.065	0.08	0.035	0.045	0.045	0.045	0.105
0.105	0.175	0.09	0.1	0.105	0.09	0.055	0.07	0.05	0.035	0.035	0.09
0.085	0.11	0.195	0.105	0.105	0.08	0.09	0.035	0.035	0.03	0.035	0.095
0.065	0.15	0.14	0.145	0.09	0.08	0.09	0.045	0.045	0.02	0.015	0.115
0.12	0.115	0.14	0.185	0.105	0.065	0.065	0.045	0.035	0.035	0.02	0.07
0.095	0.13	0.17	0.095	0.105	0.11	0.04	0.035	0.045	0.02	0.035	0.12
0.08	0.185	0.155	0.12	0.1	0.105	0.075	0.03	0.03	0.04	0.02	0.06
0.095	0.145	0.15	0.12	0.15	0.06	0.065	0.05	0.025	0.015	0.02	0.105
0.075	0.13	0.15	0.17	0.11	0.07	0.06	0.05	0.035	0.02	0.015	0.115
0.105	0.105	0.15	0.185	0.065	0.09	0.115	0.035	0.03	0.035	0.01	0.075
0.14	0.18	0.135	0.14	0.06	0.095	0.05	0.065	0.045	0.015	0.02	0.055
0.165	0.14	0.16	0.135	0.09	0.065	0.05	0.06	0.035	0.025	0.015	0.06
0.12	0.125	0.16	0.19	0.085	0.06	0.08	0.065	0.015	0.02	0.01	0.07
0.11	0.185	0.18	0.145	0.13	0.05	0.035	0.055	0.03	0.015	0.02	0.045
0.12	0.14	0.175	0.19	0.12	0.075	0.05	0.02	0.025	0.01	0.015	0.06
0.11	0.18	0.12	0.155	0.155	0.075	0.08	0.05	0.01	0.01	0.01	0.045
0.19	0.105	0.18	0.155	0.115	0.095	0.05	0.03	0.025	0.015	0.01	0.03
0.18	0.23	0.155	0.115	0.085	0.085	0.05	0.035	0.015	0.01	0.015	0.025
0.12	0.2	0.22	0.085	0.14	0.06	0.05	0.035	0.03	0.035	0.005	0.02
0.15	0.14	0.27	0.21	0.11	0.03	0.03	0.02	0.005	0.01	0.005	0.02
0.17	0.185	0.15	0.19	0.12	0.03	0.035	0.035	0.025	0.025	0.005	0.03
0.12	0.195	0.19	0.15	0.165	0.09	0.025	0.035	0.005	0.005	0.015	0.005
0.155	0.165	0.24	0.13	0.125	0.08	0.055	0.02	0.005	0.01	0	0.015
0.195	0.205	0.14	0.18	0.085	0.06	0.05	0.04	0	0.02	0.005	0.02
0.245	0.23	0.215	0.135	0.09	0.03	0.02	0.01	0.01	0.01	0	0.005
0.165	0.3	0.21	0.1	0.08	0.07	0.005	0.02	0.03	0.01	0	0.01
#######PARAMETER SECTION#######
800	400	1200	-4	800	-0.25	1
0.18	0.01	1	-4	0.18	-0.25	1
-1.36	-5	-0.001	-4	-1.36	-0.25	1
0.1	0.05	0.3	-4	0.1	-0.25	1
0.2	0.01	0.5	-4	0.2	-0.25	1
0.75	0.20001	1	-3	0.75	-0.25	1
13.815511	-1	200	1	13.815511	-0.25	1
0	-1	1	-4	0	-0.25	1
0.2	1e-04	1.2	-3	0.2	-0.25	1
0	-10	10	-6	0	-1	1
0	-10	10	-6	0	-1	1
2	0	12	-2	2	-0.5	1
1	0	12	-2	1	-0.5	1
2	0	12	-2	2	-0.5	1
1	0	12	-2	1	-0.5	1
1.5	0	12	-2	1.5	-0.5	1
2	0	12	-2	2	-0.5	1
-14.8682006803499	-30	5	1	-14.8682006803499	-1	1
1	0.1	2	-1	1	-1	1
-1.51930887058023	-10	1.39	1	-1.51930887058023	-1	1
#######DEV CONSTRAINTS and DEVS#######
-15	15	2
-15	15	2
-15	15	2
0	0	0	0	0	0	0	0	0	0	0	0	0	0	0	0	0	0	0	0	0	0	0	0	0	0	0	0	0	0
0	0	0	0	0	0	0	0	0	0	0	0	0	0	0	0	0	0	0	0	0	0	0	0	0	0	0	0	0	0
0	0	0	0	0	0	0	0	0	0	0
#######LIKELIHOOD WEIGHTS#######
1
1
1
1
0
1
0
0
0
#######MISCELLANEOUS STUFF SECTION#######
2.5e-08
3
0.5	0.5	0.5	0.5	0.5	0.5	0.5	0.5	0.5	0.5	0.5	0.5
0.0229773699100256	0.320821300824607	0.904650535100891	0.994779874306442	0.999738809680904	0.999986992871533	0.999999352405202	0.999999967758134	0.999999998394772	0.99999999992008	0.999999999996021	0.999999999999802
0.2	0.2	0.2	0.2	0.2	0.2	0.2	0.2	0.2	0.2	0.2	0.2
0
1
10
0.2
1
1	0	0	0	0	0	0	0	0	0	0	0
0	1	0	0	0	0	0	0	0	0	0	0
0	0	1	0	0	0	0	0	0	0	0	0
0	0	0	1	0	0	0	0	0	0	0	0
0	0	0	0	1	0	0	0	0	0	0	0
0	0	0	0	0	1	0	0	0	0	0	0
0	0	0	0	0	0	1	0	0	0	0	0
0	0	0	0	0	0	0	1	0	0	0	0
0	0	0	0	0	0	0	0	1	0	0	0
0	0	0	0	0	0	0	0	0	1	0	0
0	0	0	0	0	0	0	0	0	0	1	0
0	0	0	0	0	0	0	0	0	0	0	1
40
31
2
1
#######END OF DATA FILE#######
999
