# Number of parameters = 73  Objective function value = 26312.2  Maximum gradient component = 0.00625814
# sel_params[1]:
2.00000000000
# sel_params[2]:
1.00000000000
# log_Fmult_year1:
 -4.66528313464
# log_Fmult_devs:
 1.08114573917 0.500056018213 0.308430817847 -0.210155450571 0.590669601655 0.0264678668531 0.747105541223 -0.533436413774 0.202211358738 0.109602229561 0.0705971127590 -0.335271414882 0.365864976456 0.0621228252323 -0.105778778096 0.669819224141 -0.209232145837 -0.0179591932223 -0.0165580065848 0.337568459336 -0.323495989239 0.501155531689 -0.187780078200 0.00165820700738 -0.0818237945097 -0.0205266801384 0.343485832318 -0.256710419352 0.437533350870
# log_recruit_devs:
 0.00646003989723 0.106607842045 -0.0823760731329 -0.204933764969 0.299710331712 0.117985347887 0.0170719988075 0.192679661502 0.0273964223074 0.118852714091 0.103692909436 -0.0794904687957 -0.126055679807 0.105078454391 -0.0278894497533 0.0964544347617 0.171257313157 -0.203798447497 -0.153587758036 -0.292004610555 0.130600783497 0.133633447479 -0.0644693304432 -0.344891201739 0.00592918964749 -0.151057115194 -0.145221717170 0.0325309506285 0.139941423717 0.0698923521268
# log_N_year1_devs:
 0.000879328135571 0.0184499016893 -0.00829416073103 -0.131358931653 -0.245227759930 -0.0676628148254 -0.0994530653637 -0.0985087272913 0.147315443998 -0.204076489917 -0.0321594094973
# log_q_year1:
 -7.92834058722
# log_q_devs:
 0.00000000000 0.00000000000 0.00000000000 0.00000000000 0.00000000000 0.00000000000 0.00000000000 0.00000000000 0.00000000000 0.00000000000 0.00000000000 0.00000000000 0.00000000000 0.00000000000 0.00000000000 0.00000000000 0.00000000000 0.00000000000 0.00000000000 0.00000000000 0.00000000000 0.00000000000 0.00000000000 0.00000000000 0.00000000000 0.00000000000 0.00000000000 0.00000000000 0.00000000000
# index_sel_params[1]:
1.50000000000
# index_sel_params[2]:
0.500000000000
# log_SR_scaler:
6.90504946814
# SR_steepness:
0.750000000000
