# ASAP VERSION 3.0
#  
# Number of Years
30 
# First Year
1 
# Number of Ages
12 
# Number of Fleets
1 
# Number of Selectivity Blocks
1 
# Number of Available Survey Indices
1 
# Natural Mortality 
0.2 0.2 0.2 0.2 0.2 0.2 0.2 0.2 0.2 0.2 0.2 0.2
0.2 0.2 0.2 0.2 0.2 0.2 0.2 0.2 0.2 0.2 0.2 0.2
0.2 0.2 0.2 0.2 0.2 0.2 0.2 0.2 0.2 0.2 0.2 0.2
0.2 0.2 0.2 0.2 0.2 0.2 0.2 0.2 0.2 0.2 0.2 0.2
0.2 0.2 0.2 0.2 0.2 0.2 0.2 0.2 0.2 0.2 0.2 0.2
0.2 0.2 0.2 0.2 0.2 0.2 0.2 0.2 0.2 0.2 0.2 0.2
0.2 0.2 0.2 0.2 0.2 0.2 0.2 0.2 0.2 0.2 0.2 0.2
0.2 0.2 0.2 0.2 0.2 0.2 0.2 0.2 0.2 0.2 0.2 0.2
0.2 0.2 0.2 0.2 0.2 0.2 0.2 0.2 0.2 0.2 0.2 0.2
0.2 0.2 0.2 0.2 0.2 0.2 0.2 0.2 0.2 0.2 0.2 0.2
0.2 0.2 0.2 0.2 0.2 0.2 0.2 0.2 0.2 0.2 0.2 0.2
0.2 0.2 0.2 0.2 0.2 0.2 0.2 0.2 0.2 0.2 0.2 0.2
0.2 0.2 0.2 0.2 0.2 0.2 0.2 0.2 0.2 0.2 0.2 0.2
0.2 0.2 0.2 0.2 0.2 0.2 0.2 0.2 0.2 0.2 0.2 0.2
0.2 0.2 0.2 0.2 0.2 0.2 0.2 0.2 0.2 0.2 0.2 0.2
0.2 0.2 0.2 0.2 0.2 0.2 0.2 0.2 0.2 0.2 0.2 0.2
0.2 0.2 0.2 0.2 0.2 0.2 0.2 0.2 0.2 0.2 0.2 0.2
0.2 0.2 0.2 0.2 0.2 0.2 0.2 0.2 0.2 0.2 0.2 0.2
0.2 0.2 0.2 0.2 0.2 0.2 0.2 0.2 0.2 0.2 0.2 0.2
0.2 0.2 0.2 0.2 0.2 0.2 0.2 0.2 0.2 0.2 0.2 0.2
0.2 0.2 0.2 0.2 0.2 0.2 0.2 0.2 0.2 0.2 0.2 0.2
0.2 0.2 0.2 0.2 0.2 0.2 0.2 0.2 0.2 0.2 0.2 0.2
0.2 0.2 0.2 0.2 0.2 0.2 0.2 0.2 0.2 0.2 0.2 0.2
0.2 0.2 0.2 0.2 0.2 0.2 0.2 0.2 0.2 0.2 0.2 0.2
0.2 0.2 0.2 0.2 0.2 0.2 0.2 0.2 0.2 0.2 0.2 0.2
0.2 0.2 0.2 0.2 0.2 0.2 0.2 0.2 0.2 0.2 0.2 0.2
0.2 0.2 0.2 0.2 0.2 0.2 0.2 0.2 0.2 0.2 0.2 0.2
0.2 0.2 0.2 0.2 0.2 0.2 0.2 0.2 0.2 0.2 0.2 0.2
0.2 0.2 0.2 0.2 0.2 0.2 0.2 0.2 0.2 0.2 0.2 0.2
0.2 0.2 0.2 0.2 0.2 0.2 0.2 0.2 0.2 0.2 0.2 0.2
# Fecundity Option (0: multiply maturity by weight-at-age; 1: use maturity values directly)
0 
# Fraction of year that elapses prior to SSB calculation (0=Jan-1)
0 
# Maturity (devide maturity by 2 to include female fraction) 
0.011488685 0.16041065 0.45232527 0.497389935 0.499869405 0.499993495 0.499999675 0.499999985 0.5 0.5 0.5 0.5
0.011488685 0.16041065 0.45232527 0.497389935 0.499869405 0.499993495 0.499999675 0.499999985 0.5 0.5 0.5 0.5
0.011488685 0.16041065 0.45232527 0.497389935 0.499869405 0.499993495 0.499999675 0.499999985 0.5 0.5 0.5 0.5
0.011488685 0.16041065 0.45232527 0.497389935 0.499869405 0.499993495 0.499999675 0.499999985 0.5 0.5 0.5 0.5
0.011488685 0.16041065 0.45232527 0.497389935 0.499869405 0.499993495 0.499999675 0.499999985 0.5 0.5 0.5 0.5
0.011488685 0.16041065 0.45232527 0.497389935 0.499869405 0.499993495 0.499999675 0.499999985 0.5 0.5 0.5 0.5
0.011488685 0.16041065 0.45232527 0.497389935 0.499869405 0.499993495 0.499999675 0.499999985 0.5 0.5 0.5 0.5
0.011488685 0.16041065 0.45232527 0.497389935 0.499869405 0.499993495 0.499999675 0.499999985 0.5 0.5 0.5 0.5
0.011488685 0.16041065 0.45232527 0.497389935 0.499869405 0.499993495 0.499999675 0.499999985 0.5 0.5 0.5 0.5
0.011488685 0.16041065 0.45232527 0.497389935 0.499869405 0.499993495 0.499999675 0.499999985 0.5 0.5 0.5 0.5
0.011488685 0.16041065 0.45232527 0.497389935 0.499869405 0.499993495 0.499999675 0.499999985 0.5 0.5 0.5 0.5
0.011488685 0.16041065 0.45232527 0.497389935 0.499869405 0.499993495 0.499999675 0.499999985 0.5 0.5 0.5 0.5
0.011488685 0.16041065 0.45232527 0.497389935 0.499869405 0.499993495 0.499999675 0.499999985 0.5 0.5 0.5 0.5
0.011488685 0.16041065 0.45232527 0.497389935 0.499869405 0.499993495 0.499999675 0.499999985 0.5 0.5 0.5 0.5
0.011488685 0.16041065 0.45232527 0.497389935 0.499869405 0.499993495 0.499999675 0.499999985 0.5 0.5 0.5 0.5
0.011488685 0.16041065 0.45232527 0.497389935 0.499869405 0.499993495 0.499999675 0.499999985 0.5 0.5 0.5 0.5
0.011488685 0.16041065 0.45232527 0.497389935 0.499869405 0.499993495 0.499999675 0.499999985 0.5 0.5 0.5 0.5
0.011488685 0.16041065 0.45232527 0.497389935 0.499869405 0.499993495 0.499999675 0.499999985 0.5 0.5 0.5 0.5
0.011488685 0.16041065 0.45232527 0.497389935 0.499869405 0.499993495 0.499999675 0.499999985 0.5 0.5 0.5 0.5
0.011488685 0.16041065 0.45232527 0.497389935 0.499869405 0.499993495 0.499999675 0.499999985 0.5 0.5 0.5 0.5
0.011488685 0.16041065 0.45232527 0.497389935 0.499869405 0.499993495 0.499999675 0.499999985 0.5 0.5 0.5 0.5
0.011488685 0.16041065 0.45232527 0.497389935 0.499869405 0.499993495 0.499999675 0.499999985 0.5 0.5 0.5 0.5
0.011488685 0.16041065 0.45232527 0.497389935 0.499869405 0.499993495 0.499999675 0.499999985 0.5 0.5 0.5 0.5
0.011488685 0.16041065 0.45232527 0.497389935 0.499869405 0.499993495 0.499999675 0.499999985 0.5 0.5 0.5 0.5
0.011488685 0.16041065 0.45232527 0.497389935 0.499869405 0.499993495 0.499999675 0.499999985 0.5 0.5 0.5 0.5
0.011488685 0.16041065 0.45232527 0.497389935 0.499869405 0.499993495 0.499999675 0.499999985 0.5 0.5 0.5 0.5
0.011488685 0.16041065 0.45232527 0.497389935 0.499869405 0.499993495 0.499999675 0.499999985 0.5 0.5 0.5 0.5
0.011488685 0.16041065 0.45232527 0.497389935 0.499869405 0.499993495 0.499999675 0.499999985 0.5 0.5 0.5 0.5
0.011488685 0.16041065 0.45232527 0.497389935 0.499869405 0.499993495 0.499999675 0.499999985 0.5 0.5 0.5 0.5
0.011488685 0.16041065 0.45232527 0.497389935 0.499869405 0.499993495 0.499999675 0.499999985 0.5 0.5 0.5 0.5
# Number of Weights at Age Matrices
1 
# Weight Matrix - 1 (kg) 
0.5306555 1.1963283 2.0582654 3.0349873 4.0552124 5.0646975 6.0262262 6.9169206 7.7248909 8.4461128 9.0818532 9.636695
0.5306555 1.1963283 2.0582654 3.0349873 4.0552124 5.0646975 6.0262262 6.9169206 7.7248909 8.4461128 9.0818532 9.636695
0.5306555 1.1963283 2.0582654 3.0349873 4.0552124 5.0646975 6.0262262 6.9169206 7.7248909 8.4461128 9.0818532 9.636695
0.5306555 1.1963283 2.0582654 3.0349873 4.0552124 5.0646975 6.0262262 6.9169206 7.7248909 8.4461128 9.0818532 9.636695
0.5306555 1.1963283 2.0582654 3.0349873 4.0552124 5.0646975 6.0262262 6.9169206 7.7248909 8.4461128 9.0818532 9.636695
0.5306555 1.1963283 2.0582654 3.0349873 4.0552124 5.0646975 6.0262262 6.9169206 7.7248909 8.4461128 9.0818532 9.636695
0.5306555 1.1963283 2.0582654 3.0349873 4.0552124 5.0646975 6.0262262 6.9169206 7.7248909 8.4461128 9.0818532 9.636695
0.5306555 1.1963283 2.0582654 3.0349873 4.0552124 5.0646975 6.0262262 6.9169206 7.7248909 8.4461128 9.0818532 9.636695
0.5306555 1.1963283 2.0582654 3.0349873 4.0552124 5.0646975 6.0262262 6.9169206 7.7248909 8.4461128 9.0818532 9.636695
0.5306555 1.1963283 2.0582654 3.0349873 4.0552124 5.0646975 6.0262262 6.9169206 7.7248909 8.4461128 9.0818532 9.636695
0.5306555 1.1963283 2.0582654 3.0349873 4.0552124 5.0646975 6.0262262 6.9169206 7.7248909 8.4461128 9.0818532 9.636695
0.5306555 1.1963283 2.0582654 3.0349873 4.0552124 5.0646975 6.0262262 6.9169206 7.7248909 8.4461128 9.0818532 9.636695
0.5306555 1.1963283 2.0582654 3.0349873 4.0552124 5.0646975 6.0262262 6.9169206 7.7248909 8.4461128 9.0818532 9.636695
0.5306555 1.1963283 2.0582654 3.0349873 4.0552124 5.0646975 6.0262262 6.9169206 7.7248909 8.4461128 9.0818532 9.636695
0.5306555 1.1963283 2.0582654 3.0349873 4.0552124 5.0646975 6.0262262 6.9169206 7.7248909 8.4461128 9.0818532 9.636695
0.5306555 1.1963283 2.0582654 3.0349873 4.0552124 5.0646975 6.0262262 6.9169206 7.7248909 8.4461128 9.0818532 9.636695
0.5306555 1.1963283 2.0582654 3.0349873 4.0552124 5.0646975 6.0262262 6.9169206 7.7248909 8.4461128 9.0818532 9.636695
0.5306555 1.1963283 2.0582654 3.0349873 4.0552124 5.0646975 6.0262262 6.9169206 7.7248909 8.4461128 9.0818532 9.636695
0.5306555 1.1963283 2.0582654 3.0349873 4.0552124 5.0646975 6.0262262 6.9169206 7.7248909 8.4461128 9.0818532 9.636695
0.5306555 1.1963283 2.0582654 3.0349873 4.0552124 5.0646975 6.0262262 6.9169206 7.7248909 8.4461128 9.0818532 9.636695
0.5306555 1.1963283 2.0582654 3.0349873 4.0552124 5.0646975 6.0262262 6.9169206 7.7248909 8.4461128 9.0818532 9.636695
0.5306555 1.1963283 2.0582654 3.0349873 4.0552124 5.0646975 6.0262262 6.9169206 7.7248909 8.4461128 9.0818532 9.636695
0.5306555 1.1963283 2.0582654 3.0349873 4.0552124 5.0646975 6.0262262 6.9169206 7.7248909 8.4461128 9.0818532 9.636695
0.5306555 1.1963283 2.0582654 3.0349873 4.0552124 5.0646975 6.0262262 6.9169206 7.7248909 8.4461128 9.0818532 9.636695
0.5306555 1.1963283 2.0582654 3.0349873 4.0552124 5.0646975 6.0262262 6.9169206 7.7248909 8.4461128 9.0818532 9.636695
0.5306555 1.1963283 2.0582654 3.0349873 4.0552124 5.0646975 6.0262262 6.9169206 7.7248909 8.4461128 9.0818532 9.636695
0.5306555 1.1963283 2.0582654 3.0349873 4.0552124 5.0646975 6.0262262 6.9169206 7.7248909 8.4461128 9.0818532 9.636695
0.5306555 1.1963283 2.0582654 3.0349873 4.0552124 5.0646975 6.0262262 6.9169206 7.7248909 8.4461128 9.0818532 9.636695
0.5306555 1.1963283 2.0582654 3.0349873 4.0552124 5.0646975 6.0262262 6.9169206 7.7248909 8.4461128 9.0818532 9.636695
0.5306555 1.1963283 2.0582654 3.0349873 4.0552124 5.0646975 6.0262262 6.9169206 7.7248909 8.4461128 9.0818532 9.636695
# Weights at Age Pointers (Fleet 1-catch; Fleet 1-discard; catch-all fleets; discard-all; SSB; Jan-1 Biomass) 
1
1
1
1
1
1
# Fleet 1 Selectivity Block Assignment 
1
1
1
1
1
1
1
1
1
1
1
1
1
1
1
1
1
1
1
1
1
1
1
1
1
1
1
1
1
1
# Selectivity Options for each block 1=by age, 2=logisitic, 3=double logistic
2 
# Selectivity Block #1 Data (initial guess; phase; lambda; cv; a50 and slope) [slope = 1/slope'; a50 = a50'*slope'*slope] 
0 0 0 0
0 0 0 0
0 0 0 0
0 0 0 0
0 0 0 0
0 0 0 0
0 0 0 0
0 0 0 0
0 0 0 0
0 0 0 0
0 0 0 0
0 0 0 0
2 -2 0 0.5
1 -2 0 0.5
0 0 0 0
0 0 0 0
0 0 0 0
0 0 0 0
# Fleet Start Age
1 
# Fleet End Age
12 
# Age Range for Average F [common setting: first full selective age to max age]
6 12 
# Average F report option (1=unweighted, 2=Nweighted, 3=Bweighted)
1 
# Use Likelihood constants? (1=yes)
0 
# Release Mortality by Fleet
0 
# Fleet-1 Catch Data 
0.04 0.07 0.14 0.125 0.075 0.06 0.08 0.07 0.065 0.07 0.015 0.19 161.716881024022
0.085 0.105 0.15 0.135 0.105 0.04 0.045 0.055 0.03 0.045 0.035 0.17 470.892419750602
0.07 0.105 0.135 0.105 0.135 0.095 0.085 0.06 0.04 0.02 0.03 0.12 756.509308986116
0.065 0.13 0.135 0.145 0.1 0.08 0.08 0.05 0.045 0.025 0.01 0.135 988.198200877155
0.11 0.055 0.13 0.175 0.12 0.1 0.075 0.05 0.03 0.025 0.01 0.12 769.159192053931
0.095 0.13 0.125 0.065 0.12 0.085 0.075 0.055 0.065 0.01 0.045 0.13 1325.99132733328
0.075 0.14 0.155 0.085 0.1 0.12 0.09 0.03 0.04 0.03 0.03 0.105 1288.41777962565
0.115 0.13 0.125 0.16 0.04 0.085 0.06 0.045 0.05 0.03 0.04 0.12 2482.99355213193
0.095 0.155 0.13 0.155 0.12 0.03 0.085 0.045 0.035 0.035 0.025 0.09 1326.83975054552
0.11 0.145 0.145 0.12 0.11 0.075 0.07 0.04 0.045 0.045 0.005 0.09 1539.07978379802
0.095 0.125 0.135 0.18 0.09 0.1 0.085 0.045 0.02 0.045 0.015 0.065 1611.68934290923
0.095 0.12 0.15 0.17 0.15 0.06 0.06 0.055 0.025 0.005 0.005 0.105 1615.88966992353
0.105 0.15 0.225 0.13 0.065 0.085 0.065 0.03 0.02 0.015 0.025 0.085 1101.92989367992
0.105 0.115 0.155 0.165 0.12 0.105 0.06 0.055 0.015 0.02 0.02 0.065 1516.75646762819
0.12 0.145 0.165 0.115 0.125 0.11 0.055 0.045 0.04 0.015 0.015 0.05 1503.07429414159
0.12 0.12 0.235 0.095 0.09 0.045 0.07 0.06 0.055 0.035 0.02 0.055 1279.09234021452
0.14 0.16 0.14 0.195 0.085 0.065 0.055 0.04 0.01 0.035 0.02 0.055 2260.50248985105
0.105 0.185 0.205 0.155 0.12 0.045 0.05 0.03 0.025 0.005 0.025 0.05 1610.31568214368
0.11 0.1 0.19 0.18 0.13 0.095 0.055 0.02 0.035 0.02 0.025 0.04 1450.97453554783
0.105 0.13 0.155 0.24 0.11 0.07 0.04 0.03 0.035 0.025 0.02 0.04 1313.457017916
0.21 0.14 0.125 0.185 0.135 0.09 0.04 0.02 0.02 0.015 0.005 0.015 1637.09241458863
0.145 0.24 0.155 0.12 0.09 0.095 0.035 0.045 0.015 0.01 0.015 0.035 1077.35500825117
0.135 0.23 0.225 0.095 0.125 0.035 0.045 0.005 0.01 0.02 0.01 0.065 1635.25940330866
0.115 0.16 0.31 0.14 0.095 0.045 0.025 0.045 0.025 0.01 0.005 0.025 1211.86118605324
0.155 0.16 0.16 0.195 0.175 0.055 0.03 0.025 0.02 0.005 0.015 0.005 1125.55081841867
0.14 0.25 0.2 0.15 0.085 0.07 0.01 0.04 0.02 0.01 0.015 0.01 975.920764637072
0.09 0.175 0.26 0.12 0.115 0.125 0.065 0.015 0.015 0 0.01 0.01 922.334515147224
0.195 0.2 0.17 0.185 0.07 0.055 0.035 0.04 0.015 0.02 0.01 0.005 1206.55563300666
0.18 0.26 0.185 0.14 0.12 0.025 0.035 0.025 0.025 0.005 0 0 876.15654357386
0.175 0.29 0.18 0.135 0.095 0.08 0.015 0.02 0 0 0 0.01 1276.20576457401
# Fleet-1 Discards Data 
0 0 0 0 0 0 0 0 0 0 0 0 0
0 0 0 0 0 0 0 0 0 0 0 0 0
0 0 0 0 0 0 0 0 0 0 0 0 0
0 0 0 0 0 0 0 0 0 0 0 0 0
0 0 0 0 0 0 0 0 0 0 0 0 0
0 0 0 0 0 0 0 0 0 0 0 0 0
0 0 0 0 0 0 0 0 0 0 0 0 0
0 0 0 0 0 0 0 0 0 0 0 0 0
0 0 0 0 0 0 0 0 0 0 0 0 0
0 0 0 0 0 0 0 0 0 0 0 0 0
0 0 0 0 0 0 0 0 0 0 0 0 0
0 0 0 0 0 0 0 0 0 0 0 0 0
0 0 0 0 0 0 0 0 0 0 0 0 0
0 0 0 0 0 0 0 0 0 0 0 0 0
0 0 0 0 0 0 0 0 0 0 0 0 0
0 0 0 0 0 0 0 0 0 0 0 0 0
0 0 0 0 0 0 0 0 0 0 0 0 0
0 0 0 0 0 0 0 0 0 0 0 0 0
0 0 0 0 0 0 0 0 0 0 0 0 0
0 0 0 0 0 0 0 0 0 0 0 0 0
0 0 0 0 0 0 0 0 0 0 0 0 0
0 0 0 0 0 0 0 0 0 0 0 0 0
0 0 0 0 0 0 0 0 0 0 0 0 0
0 0 0 0 0 0 0 0 0 0 0 0 0
0 0 0 0 0 0 0 0 0 0 0 0 0
0 0 0 0 0 0 0 0 0 0 0 0 0
0 0 0 0 0 0 0 0 0 0 0 0 0
0 0 0 0 0 0 0 0 0 0 0 0 0
0 0 0 0 0 0 0 0 0 0 0 0 0
0 0 0 0 0 0 0 0 0 0 0 0 0
# Fleet-1 Release Data 
0 0 0 0 0 0 0 0 0 0 0 0
0 0 0 0 0 0 0 0 0 0 0 0
0 0 0 0 0 0 0 0 0 0 0 0
0 0 0 0 0 0 0 0 0 0 0 0
0 0 0 0 0 0 0 0 0 0 0 0
0 0 0 0 0 0 0 0 0 0 0 0
0 0 0 0 0 0 0 0 0 0 0 0
0 0 0 0 0 0 0 0 0 0 0 0
0 0 0 0 0 0 0 0 0 0 0 0
0 0 0 0 0 0 0 0 0 0 0 0
0 0 0 0 0 0 0 0 0 0 0 0
0 0 0 0 0 0 0 0 0 0 0 0
0 0 0 0 0 0 0 0 0 0 0 0
0 0 0 0 0 0 0 0 0 0 0 0
0 0 0 0 0 0 0 0 0 0 0 0
0 0 0 0 0 0 0 0 0 0 0 0
0 0 0 0 0 0 0 0 0 0 0 0
0 0 0 0 0 0 0 0 0 0 0 0
0 0 0 0 0 0 0 0 0 0 0 0
0 0 0 0 0 0 0 0 0 0 0 0
0 0 0 0 0 0 0 0 0 0 0 0
0 0 0 0 0 0 0 0 0 0 0 0
0 0 0 0 0 0 0 0 0 0 0 0
0 0 0 0 0 0 0 0 0 0 0 0
0 0 0 0 0 0 0 0 0 0 0 0
0 0 0 0 0 0 0 0 0 0 0 0
0 0 0 0 0 0 0 0 0 0 0 0
0 0 0 0 0 0 0 0 0 0 0 0
0 0 0 0 0 0 0 0 0 0 0 0
0 0 0 0 0 0 0 0 0 0 0 0
# Aggregate Index Units (1: biomass; 2: number)
2 
# Age Proportion Index Units (1: biomass; 2: number)
2 
# Weight at Age Matrix
1 
# Index Month
1 
# Index Selectivity Link to Fleet
-1 
# Index Selectivity Options 1=by age, 2=logisitic, 3=double logistic
2 
# Index Start Age
1 
# Index End Age
12 
# Estimate Proportion (Yes=1)
1 
# Use Index (Yes=1)
1 
# Index-1 Selectivity Data (initial guess; phase; lambda; cv; a50 and slope) [slope = 1/slope'; a50 = a50'*slope'*slope] 
0 0 0 0
0 0 0 0
0 0 0 0
0 0 0 0
0 0 0 0
0 0 0 0
0 0 0 0
0 0 0 0
0 0 0 0
0 0 0 0
0 0 0 0
0 0 0 0
1.5 -2 1 0.5
0.5 -2 1 0.5
0 0 0 0
0 0 0 0
0 0 0 0
0 0 0 0
# Index-1 Data  
1 1.31750713009372 0.2 0.07 0.22 0.115 0.13 0.095 0.035 0.075 0.045 0.03 0.04 0.04 0.105 200
2 1.57409881894162 0.2 0.035 0.105 0.12 0.125 0.125 0.06 0.075 0.08 0.06 0.04 0.035 0.14 200
3 1.5274832613064 0.2 0.04 0.16 0.15 0.135 0.08 0.085 0.075 0.045 0.055 0.05 0.01 0.115 200
4 1.40417804428262 0.2 0.07 0.135 0.18 0.13 0.125 0.09 0.035 0.045 0.05 0.02 0.03 0.09 200
5 1.6649159760251 0.2 0.055 0.125 0.135 0.13 0.075 0.08 0.095 0.015 0.055 0.015 0.025 0.195 200
6 1.41402660386888 0.2 0.06 0.24 0.13 0.13 0.055 0.055 0.045 0.035 0.05 0.06 0.02 0.12 200
7 1.55588398959783 0.2 0.07 0.16 0.23 0.105 0.055 0.1 0.075 0.03 0.03 0.01 0.04 0.095 200
8 1.44505498597355 0.2 0.08 0.15 0.145 0.195 0.07 0.055 0.065 0.04 0.035 0.03 0.035 0.1 200
9 1.24638221036553 0.2 0.08 0.14 0.13 0.175 0.135 0.05 0.065 0.045 0.03 0.02 0.035 0.095 200
10 1.31474154139147 0.2 0.065 0.18 0.19 0.125 0.11 0.12 0.035 0.05 0.02 0.015 0.005 0.085 200
11 1.24647322700177 0.2 0.085 0.185 0.155 0.155 0.105 0.06 0.095 0.045 0.02 0.02 0.015 0.06 200
12 1.25607564481364 0.2 0.055 0.195 0.215 0.115 0.135 0.05 0.075 0.05 0.01 0 0.03 0.07 200
13 1.23326026088991 0.2 0.06 0.185 0.17 0.175 0.085 0.08 0.075 0.05 0.04 0.01 0 0.07 200
14 1.11043888613608 0.2 0.125 0.16 0.12 0.175 0.12 0.085 0.06 0.02 0.035 0.015 0.02 0.065 200
15 0.947185089465692 0.2 0.085 0.165 0.16 0.18 0.105 0.1 0.05 0.025 0.03 0.015 0.01 0.075 200
16 1.050528146153 0.2 0.105 0.19 0.185 0.15 0.1 0.085 0.035 0.05 0.025 0.02 0.005 0.05 200
17 0.998538326848187 0.2 0.09 0.18 0.185 0.165 0.095 0.06 0.075 0.04 0.03 0.03 0.01 0.04 200
18 0.906691947170175 0.2 0.085 0.225 0.265 0.125 0.08 0.08 0.03 0.035 0.015 0.005 0.015 0.04 200
19 0.832444358161501 0.2 0.105 0.21 0.18 0.19 0.085 0.065 0.02 0.02 0.035 0.03 0.02 0.04 200
20 0.734367329248318 0.2 0.06 0.2 0.195 0.22 0.075 0.06 0.095 0.025 0.005 0.02 0.01 0.035 200
21 0.629153179389781 0.2 0.1 0.185 0.23 0.125 0.14 0.055 0.06 0.03 0.025 0.015 0.005 0.03 200
22 0.726878864277115 0.2 0.14 0.245 0.175 0.135 0.07 0.095 0.065 0.02 0.02 0.01 0.01 0.015 200
23 0.596227980839723 0.2 0.145 0.255 0.245 0.11 0.085 0.03 0.05 0.04 0.015 0 0 0.025 200
24 0.575943231752521 0.2 0.08 0.255 0.22 0.175 0.09 0.075 0.03 0.035 0.01 0.005 0.005 0.02 200
25 0.636372753139374 0.2 0.14 0.13 0.245 0.225 0.105 0.045 0.03 0.02 0.005 0.015 0.005 0.035 200
26 0.599741840929765 0.2 0.16 0.29 0.17 0.12 0.12 0.075 0.015 0.015 0.025 0.005 0 0.005 200
27 0.55605238670772 0.2 0.125 0.25 0.17 0.155 0.11 0.075 0.045 0.01 0.005 0.01 0.02 0.025 200
28 0.603351902678971 0.2 0.13 0.215 0.215 0.15 0.08 0.08 0.06 0.03 0.015 0 0 0.025 200
29 0.442690385439662 0.2 0.175 0.3 0.205 0.125 0.085 0.06 0.03 0.01 0 0.005 0 0.005 200
30 0.5397621408957 0.2 0.14 0.28 0.21 0.17 0.06 0.075 0.02 0.005 0.01 0.01 0.015 0.005 200
# Phase for F mult in 1st Year
1 
# Phase for F mult Deviations
2 
# Phase for Recruitment Deviations
2 
# Phase for N in 1st Year (common setting is 2)
2 
# Phase for Catchability in 1st Year (common setting is 1)
1 
# Phase for Catchability Deviations
-5 
# Phase for Stock Recruitment Relationship (R0)
1 
# Phase for Steepness
-3 
# Recruitment CV by Year [sqrt(exp(sd^2)-1)] 
0.20201676710706
0.20201676710706
0.20201676710706
0.20201676710706
0.20201676710706
0.20201676710706
0.20201676710706
0.20201676710706
0.20201676710706
0.20201676710706
0.20201676710706
0.20201676710706
0.20201676710706
0.20201676710706
0.20201676710706
0.20201676710706
0.20201676710706
0.20201676710706
0.20201676710706
0.20201676710706
0.20201676710706
0.20201676710706
0.20201676710706
0.20201676710706
0.20201676710706
0.20201676710706
0.20201676710706
0.20201676710706
0.20201676710706
0.20201676710706
# Lambdas by Index
1 
# Lambda for Total Catch in Weight by Fleet
1 
# Lambda for Total Discards at Age by Fleet
0 
# Catch Total CV by Year and Fleet 
0.01
0.01
0.01
0.01
0.01
0.01
0.01
0.01
0.01
0.01
0.01
0.01
0.01
0.01
0.01
0.01
0.01
0.01
0.01
0.01
0.01
0.01
0.01
0.01
0.01
0.01
0.01
0.01
0.01
0.01
# Discard Total CV by Year and Fleet 
0
0
0
0
0
0
0
0
0
0
0
0
0
0
0
0
0
0
0
0
0
0
0
0
0
0
0
0
0
0
# Catch Effective Sample Size by Year and Fleet 
200
200
200
200
200
200
200
200
200
200
200
200
200
200
200
200
200
200
200
200
200
200
200
200
200
200
200
200
200
200
# Discard Effective Sample Size by Year and Fleet 
0
0
0
0
0
0
0
0
0
0
0
0
0
0
0
0
0
0
0
0
0
0
0
0
0
0
0
0
0
0
# Lambda for F Mult in First year by Fleet (0)
0 
# CV for F Mult in First year by Fleet
1 
# Lambda for F Mult Deviations by Fleet
0 
# CV for F Mult Deviations by Fleet
1 
# Lambda for N in 1st Year Deviations
0 
# CV for N in 1st Year Deviations
1 
# Lambda for Recruitment Deviations
1 
# Lambda for Catchability in First year by Index
0 
# CV for Catchability in First year by Index
1 
# Lambda for Catchability Deviations by Index
0 
# CV for Catchability Deviations by Index
1 
# Lambda for Deviation from Initial Steepness
0 
# CV for Deviation from Initial Steepness
1 
# Lambda for Deviation from Unexploited Stock Size
0 
# CV for Deviation from Unexploited Stock Size
1 
# NAA Deviations Flag (1:deviations are from exponential decline; 2: deviations are from initial guesses)
1 
# Initial Numbers at Age in 1st Year [N'/1000]
1000 818.7308 670.32 548.8116 449.329 367.8794 301.1942 246.597 201.8965 165.2989 135.3353 611.2629 
# Initial F Mult in 1st Year by Fleet (common setting is 0.2)
0.009459165 
# Initial Catchabilty by Index [q'/1000]
0.0003489976 
# Stock Recruitment Flag (0: unexploited ssb; 1: unexploited recruitment)
1 
# Initial Unexploited Stock [R0'/1000]
1000 
# Initial Steepness
0.75 
# Maximum F
4 
# Ignore Guesses (Yes=1)
0 
# Do Projections (Yes=1)
0 
# Fleet Directed Flag
1 
# Final Year in Projection
31 
# Projection Data by Year 
31 -1 3 -99 1
# Do MCMC (Yes=1)
0 
# MCMC Year Option (0:Use final year in stock; 1: use final year plus one)
1 
# MCMC Iterations
1000 
# MCMC Thinning Factor
200 
# MCMC Random Seed
657483 
# Agepro R Option (0:use numbers at age; 1: use stock recruitment relationship; 2: use geometric mean of previous years)
0 
# Agepro R Option Start Year
1 
# Agepro R Option End Year
30 
# Export R Flag
1 
# Test Value
-23456 
######
###### FINIS ######
# Fleet Names
#$FISHERY1
# Survey Names
#$SURVEY1
#
