#styr																																				
1
#endyr																																			
30
#rec_age																																	
1																																						#n_ages																																		
12
# numbers of length intervals
81
#Length	bin
10	11	12	13	14	15	16	17	18	19	20	21	22	23	24	25	26	27	28	29	30	31	32	33	34	35	36	37	38	39	40	41	42	43	44	45	46	47	48	49	50	51	52	53	54	55	56	57	58	59	60	61	62	63	64	65	66	67	68	69	70	71	72	73	74	75	76	77	78	79	80	81	82	83	84	85	86	87	88	89	90
#nfsh
1
#names_fsh
OM1																																				
#catch																																			
159.494453274297	470.352584307351	759.233832320485	989.978640797354	763.886024074308	1320.23262235173	1273.86660806478	2485.39401611276	1315.33339345021	1514.03419753362	1619.28914653435	1621.28588295962	1102.82902142105	1521.70996608043	1507.47148708765	1270.90482127649	2254.86448355088	1611.28984585155	1447.84186112463	1311.65529497712	1610.82706896046	1070.33505989894	1631.67794294867	1194.90938265224	1116.27782069909	963.672758406412	922.814947277942	1197.76530166405	871.968095586785	1278.01582656202
#catch_cv																																		
0.01	0.01	0.01	0.01	0.01	0.01	0.01	0.01	0.01	0.01	0.01	0.01	0.01	0.01	0.01	0.01	0.01	0.01	0.01	0.01	0.01	0.01	0.01	0.01	0.01	0.01	0.01	0.01	0.01	0.01
#n_ages_fsh																															
30																			
#n_lengths_fsh																															
0																																						
#yrs_ages_fsh																																
1	2	3	4	5	6	7	8	9	10	11	12	13	14	15	16	17	18	19	20	21	22	23	24	25	26	27	28	29	30						
#sample_ages_fsh																														
200	200	200	200	200	200	200	200	200	200	200	200	200	200	200	200	200	200	200	200	200	200	200	200	200	200	200	200	200	200
#page_fsh	2	3	4	5	6	7	8	9	10	11																						
0.085	0.1	0.115	0.15	0.1	0.09	0.08	0.04	0.055	0.015	0.05	0.12
0.135	0.085	0.09	0.135	0.13	0.095	0.055	0.04	0.045	0.04	0.03	0.12
0.06	0.125	0.17	0.105	0.115	0.1	0.055	0.05	0.035	0.055	0.03	0.1
0.065	0.09	0.16	0.125	0.105	0.095	0.075	0.045	0.04	0.045	0.02	0.135
0.08	0.08	0.115	0.145	0.09	0.065	0.07	0.105	0.04	0.035	0.03	0.145
0.055	0.165	0.09	0.12	0.16	0.075	0.035	0.055	0.035	0.025	0.04	0.145
0.08	0.145	0.16	0.11	0.09	0.095	0.065	0.055	0.035	0.04	0.025	0.1
0.075	0.14	0.165	0.145	0.045	0.11	0.065	0.07	0.055	0.02	0.025	0.085
0.055	0.115	0.175	0.175	0.105	0.045	0.07	0.06	0.035	0.03	0.01	0.125
0.145	0.105	0.155	0.1	0.12	0.145	0.035	0.045	0.03	0.03	0.015	0.075
0.085	0.14	0.135	0.165	0.08	0.095	0.08	0.035	0.03	0.02	0.04	0.095
0.065	0.16	0.145	0.1	0.11	0.085	0.085	0.04	0.05	0.015	0.035	0.11
0.1	0.125	0.13	0.21	0.12	0.1	0.02	0.04	0.055	0.025	0.01	0.065
0.13	0.145	0.155	0.135	0.13	0.065	0.065	0.04	0.045	0.02	0.015	0.055
0.1	0.16	0.155	0.09	0.135	0.125	0.06	0.035	0.015	0.04	0.03	0.055
0.135	0.16	0.145	0.085	0.115	0.095	0.05	0.075	0.04	0.035	0.015	0.05
0.16	0.125	0.225	0.145	0.105	0.07	0.055	0.015	0.025	0.02	0.005	0.05
0.095	0.19	0.195	0.165	0.1	0.08	0.03	0.03	0.045	0.02	0.01	0.04
0.085	0.15	0.15	0.2	0.145	0.09	0.035	0.045	0.025	0.025	0.005	0.045
0.115	0.165	0.185	0.14	0.13	0.075	0.04	0.04	0.02	0.005	0.005	0.08
0.18	0.125	0.2	0.105	0.12	0.105	0.055	0.015	0.045	0.005	0.015	0.03
0.115	0.22	0.15	0.135	0.11	0.095	0.065	0.045	0.025	0.015	0	0.025
0.11	0.21	0.265	0.125	0.1	0.045	0.05	0.035	0.005	0.015	0.01	0.03
0.105	0.235	0.265	0.155	0.055	0.08	0.035	0.035	0.015	0.01	0	0.01
0.23	0.155	0.125	0.17	0.15	0.07	0.04	0.01	0.015	0.025	0	0.01
0.12	0.22	0.23	0.14	0.11	0.075	0.035	0.025	0.01	0.01	0.005	0.02
0.17	0.14	0.225	0.15	0.115	0.07	0.04	0.035	0.025	0.01	0.015	0.005
0.205	0.15	0.13	0.275	0.065	0.05	0.06	0.015	0.01	0.015	0.01	0.015
0.185	0.275	0.205	0.115	0.075	0.09	0.02	0.01	0.02	0	0.005	0
0.14	0.285	0.23	0.12	0.095	0.055	0.04	0.025	0.005	0.005	0	0
#wt_age_fsh	1 2	3	4	5	6	7	8	9	10	11																				
0.000530656	0.001196328	0.002058265	0.003034987	0.004055212	0.005064698	0.006026226	0.006916921	0.007724891	0.008446113	0.009081853	0.009636695
0.000530656	0.001196328	0.002058265	0.003034987	0.004055212	0.005064698	0.006026226	0.006916921	0.007724891	0.008446113	0.009081853	0.009636695
0.000530656	0.001196328	0.002058265	0.003034987	0.004055212	0.005064698	0.006026226	0.006916921	0.007724891	0.008446113	0.009081853	0.009636695
0.000530656	0.001196328	0.002058265	0.003034987	0.004055212	0.005064698	0.006026226	0.006916921	0.007724891	0.008446113	0.009081853	0.009636695
0.000530656	0.001196328	0.002058265	0.003034987	0.004055212	0.005064698	0.006026226	0.006916921	0.007724891	0.008446113	0.009081853	0.009636695
0.000530656	0.001196328	0.002058265	0.003034987	0.004055212	0.005064698	0.006026226	0.006916921	0.007724891	0.008446113	0.009081853	0.009636695
0.000530656	0.001196328	0.002058265	0.003034987	0.004055212	0.005064698	0.006026226	0.006916921	0.007724891	0.008446113	0.009081853	0.009636695
0.000530656	0.001196328	0.002058265	0.003034987	0.004055212	0.005064698	0.006026226	0.006916921	0.007724891	0.008446113	0.009081853	0.009636695
0.000530656	0.001196328	0.002058265	0.003034987	0.004055212	0.005064698	0.006026226	0.006916921	0.007724891	0.008446113	0.009081853	0.009636695
0.000530656	0.001196328	0.002058265	0.003034987	0.004055212	0.005064698	0.006026226	0.006916921	0.007724891	0.008446113	0.009081853	0.009636695
0.000530656	0.001196328	0.002058265	0.003034987	0.004055212	0.005064698	0.006026226	0.006916921	0.007724891	0.008446113	0.009081853	0.009636695
0.000530656	0.001196328	0.002058265	0.003034987	0.004055212	0.005064698	0.006026226	0.006916921	0.007724891	0.008446113	0.009081853	0.009636695
0.000530656	0.001196328	0.002058265	0.003034987	0.004055212	0.005064698	0.006026226	0.006916921	0.007724891	0.008446113	0.009081853	0.009636695
0.000530656	0.001196328	0.002058265	0.003034987	0.004055212	0.005064698	0.006026226	0.006916921	0.007724891	0.008446113	0.009081853	0.009636695
0.000530656	0.001196328	0.002058265	0.003034987	0.004055212	0.005064698	0.006026226	0.006916921	0.007724891	0.008446113	0.009081853	0.009636695
0.000530656	0.001196328	0.002058265	0.003034987	0.004055212	0.005064698	0.006026226	0.006916921	0.007724891	0.008446113	0.009081853	0.009636695
0.000530656	0.001196328	0.002058265	0.003034987	0.004055212	0.005064698	0.006026226	0.006916921	0.007724891	0.008446113	0.009081853	0.009636695
0.000530656	0.001196328	0.002058265	0.003034987	0.004055212	0.005064698	0.006026226	0.006916921	0.007724891	0.008446113	0.009081853	0.009636695
0.000530656	0.001196328	0.002058265	0.003034987	0.004055212	0.005064698	0.006026226	0.006916921	0.007724891	0.008446113	0.009081853	0.009636695
0.000530656	0.001196328	0.002058265	0.003034987	0.004055212	0.005064698	0.006026226	0.006916921	0.007724891	0.008446113	0.009081853	0.009636695
0.000530656	0.001196328	0.002058265	0.003034987	0.004055212	0.005064698	0.006026226	0.006916921	0.007724891	0.008446113	0.009081853	0.009636695
0.000530656	0.001196328	0.002058265	0.003034987	0.004055212	0.005064698	0.006026226	0.006916921	0.007724891	0.008446113	0.009081853	0.009636695
0.000530656	0.001196328	0.002058265	0.003034987	0.004055212	0.005064698	0.006026226	0.006916921	0.007724891	0.008446113	0.009081853	0.009636695
0.000530656	0.001196328	0.002058265	0.003034987	0.004055212	0.005064698	0.006026226	0.006916921	0.007724891	0.008446113	0.009081853	0.009636695
0.000530656	0.001196328	0.002058265	0.003034987	0.004055212	0.005064698	0.006026226	0.006916921	0.007724891	0.008446113	0.009081853	0.009636695
0.000530656	0.001196328	0.002058265	0.003034987	0.004055212	0.005064698	0.006026226	0.006916921	0.007724891	0.008446113	0.009081853	0.009636695
0.000530656	0.001196328	0.002058265	0.003034987	0.004055212	0.005064698	0.006026226	0.006916921	0.007724891	0.008446113	0.009081853	0.009636695
0.000530656	0.001196328	0.002058265	0.003034987	0.004055212	0.005064698	0.006026226	0.006916921	0.007724891	0.008446113	0.009081853	0.009636695
0.000530656	0.001196328	0.002058265	0.003034987	0.004055212	0.005064698	0.006026226	0.006916921	0.007724891	0.008446113	0.009081853	0.009636695
0.000530656	0.001196328	0.002058265	0.003034987	0.004055212	0.005064698	0.006026226	0.006916921	0.007724891	0.008446113	0.009081853	0.009636695

#nind
1
#ind_names																																	
survey_index1																																
#nobs_ind
30
#yrs_ind																																		
1	2	3	4	5	6	7	8	9	10	11	12	13	14	15	16	17	18	19	20	21	22	23	24	25	26	27	28	29	30	
#month_ind																																	
1																																						
#biom_ind																																		
1.44274268290045	1.39748406055469	1.57140750892529	1.63642924542643	1.4821823730088	1.44754119086572	1.39217816229317	1.55635893112633	1.53840047291278	1.36050590228992	1.07820890525223	1.05844741105156	0.955637341259879	1.01919953886963	0.852627957719815	0.873535125239229	0.938239756433455	0.912215228959855	0.83491740981745	0.844751257503073	0.752916274341368	0.66039162174555	0.706515261050958	0.727297679540816	0.594917307580734	0.526242430317535	0.526875583261898	0.514459883751464	0.467176068677521	0.654984747393136
#biom_cv																				
0.288548536580091	0.279496812110937	0.314281501785059	0.327285849085286	0.296436474601761	0.289508238173144	0.278435632458634	0.311271786225266	0.307680094582555	0.272101180457983	0.215641781050446	0.211689482210311	0.191127468251976	0.203839907773925	0.170525591543963	0.174707025047846	0.187647951286691	0.182443045791971	0.16698348196349	0.168950251500615	0.150583254868274	0.13207832434911	0.141303052210192	0.145459535908163	0.118983461516147	0.105248486063507	0.10537511665238	0.102891976750293	0.0934352137355042	0.130996949478627
#n_ages_ind																																	
30			
#n_lengths_ind																															
0																																						
#yrs_ages_ind																																
1	2	3	4	5	6	7	8	9	10	11	12	13	14	15	16	17	18	19	20	21	22	23	24	25	26	27	28	29	30																						
#sample_ages_ind																														
200	200	200	200	200	200	200	200	200	200	200	200	200	200	200	200	200	200	200	200	200	200	200	200	200	200	200	200	200	200
#page_ind																																		
0.05	0.09	0.135	0.15	0.08	0.075	0.05	0.07	0.09	0.035	0.03	0.145
0.09	0.195	0.095	0.135	0.09	0.065	0.035	0.04	0.03	0.035	0.05	0.14
0.065	0.13	0.14	0.12	0.095	0.095	0.085	0.07	0.025	0.03	0.04	0.105
0.055	0.145	0.155	0.12	0.12	0.06	0.06	0.025	0.025	0.025	0.055	0.155
0.065	0.13	0.11	0.16	0.125	0.09	0.08	0.03	0.02	0.03	0.03	0.13
0.085	0.135	0.115	0.13	0.12	0.11	0.06	0.06	0.05	0.03	0.015	0.09
0.06	0.21	0.25	0.09	0.065	0.085	0.045	0.02	0.035	0.02	0.025	0.095
0.07	0.135	0.165	0.095	0.09	0.1	0.095	0.05	0.04	0.03	0.015	0.115
0.085	0.145	0.15	0.145	0.15	0.055	0.04	0.05	0.05	0.03	0.015	0.085
0.07	0.125	0.21	0.13	0.165	0.095	0.04	0.03	0.045	0.01	0.02	0.06
0.05	0.18	0.155	0.135	0.08	0.11	0.07	0.045	0.06	0.02	0.015	0.08
0.05	0.205	0.23	0.13	0.085	0.04	0.045	0.06	0.03	0.01	0.04	0.075
0.085	0.125	0.225	0.15	0.115	0.095	0.075	0.03	0.025	0.01	0.01	0.055
0.085	0.18	0.175	0.165	0.11	0.07	0.09	0.02	0.03	0.02	0.005	0.05
0.05	0.18	0.16	0.145	0.125	0.12	0.065	0.03	0.04	0.02	0.015	0.05
0.115	0.155	0.25	0.12	0.07	0.055	0.03	0.06	0.04	0.025	0.015	0.065
0.09	0.175	0.185	0.17	0.11	0.065	0.06	0.065	0.015	0.01	0.04	0.015
0.075	0.2	0.225	0.1	0.14	0.07	0.05	0.03	0.035	0.01	0.03	0.035
0.07	0.16	0.19	0.15	0.115	0.105	0.02	0.045	0.03	0.03	0.03	0.055
0.035	0.245	0.11	0.205	0.13	0.065	0.085	0.04	0.02	0.02	0.015	0.03
0.105	0.165	0.22	0.11	0.185	0.065	0.04	0.03	0.02	0.025	0.01	0.025
0.17	0.3	0.16	0.095	0.07	0.085	0.06	0.03	0.005	0.005	0	0.02
0.105	0.28	0.275	0.095	0.095	0.03	0.04	0.04	0	0.03	0	0.01
0.05	0.22	0.225	0.235	0.105	0.05	0.035	0.01	0.015	0.015	0.005	0.035
0.175	0.195	0.195	0.195	0.08	0.06	0.035	0.03	0.025	0.005	0	0.005
0.13	0.305	0.15	0.1	0.125	0.105	0.01	0.04	0.01	0.015	0.005	0.005
0.115	0.215	0.285	0.16	0.105	0.035	0.04	0.01	0.01	0.01	0.015	0
0.08	0.25	0.2	0.2	0.09	0.09	0.03	0.03	0.01	0.015	0	0.005
0.175	0.255	0.225	0.1	0.11	0.045	0.02	0.035	0.02	0.005	0	0.01
0.08	0.3	0.27	0.12	0.075	0.095	0.025	0.005	0.005	0.005	0	0.02
#wt_age_ind																																	
1 1 1 1 1 1 1 1 1 1 1 1 
1 1 1 1 1 1 1 1 1 1 1 1 
1 1 1 1 1 1 1 1 1 1 1 1 
1 1 1 1 1 1 1 1 1 1 1 1 
1 1 1 1 1 1 1 1 1 1 1 1 
1 1 1 1 1 1 1 1 1 1 1 1 
1 1 1 1 1 1 1 1 1 1 1 1 
1 1 1 1 1 1 1 1 1 1 1 1 
1 1 1 1 1 1 1 1 1 1 1 1 
1 1 1 1 1 1 1 1 1 1 1 1 
1 1 1 1 1 1 1 1 1 1 1 1 
1 1 1 1 1 1 1 1 1 1 1 1 
1 1 1 1 1 1 1 1 1 1 1 1 
1 1 1 1 1 1 1 1 1 1 1 1 
1 1 1 1 1 1 1 1 1 1 1 1 
1 1 1 1 1 1 1 1 1 1 1 1 
1 1 1 1 1 1 1 1 1 1 1 1 
1 1 1 1 1 1 1 1 1 1 1 1 
1 1 1 1 1 1 1 1 1 1 1 1 
1 1 1 1 1 1 1 1 1 1 1 1 
1 1 1 1 1 1 1 1 1 1 1 1 
1 1 1 1 1 1 1 1 1 1 1 1 
1 1 1 1 1 1 1 1 1 1 1 1 
1 1 1 1 1 1 1 1 1 1 1 1 
1 1 1 1 1 1 1 1 1 1 1 1 
1 1 1 1 1 1 1 1 1 1 1 1 
1 1 1 1 1 1 1 1 1 1 1 1 
1 1 1 1 1 1 1 1 1 1 1 1 
1 1 1 1 1 1 1 1 1 1 1 1 
1 1 1 1 1 1 1 1 1 1 1 1 
# wt_pop
0.000530656	0.001196328	0.002058265	0.003034987	0.004055212	0.005064698	0.006026226	0.006916921	0.007724891	0.008446113	0.009081853	0.009636695
#maturity
0.02297737 0.32082130 0.90465054 0.99477987 0.99973881 0.99998699 0.99999935 0.99999997 1 1 1 1
#spmonth																																		
1		
#age_err																																		
1	0	0	0	0	0	0	0	0	0	0	0
0	1	0	0	0	0	0	0	0	0	0	0
0	0	1	0	0	0	0	0	0	0	0	0
0	0	0	1	0	0	0	0	0	0	0	0
0	0	0	0	1	0	0	0	0	0	0	0
0	0	0	0	0	1	0	0	0	0	0	0
0	0	0	0	0	0	1	0	0	0	0	0
0	0	0	0	0	0	0	1	0	0	0	0
0	0	0	0	0	0	0	0	1	0	0	0
0	0	0	0	0	0	0	0	0	1	0	0
0	0	0	0	0	0	0	0	0	0	1	0
0	0	0	0	0	0	0	0	0	0	0	1																														
