# Number of parameters = 73  Objective function value = 26349.9  Maximum gradient component = 0.000888936
# sel_params[1]:
2.00000000000
# sel_params[2]:
1.00000000000
# log_Fmult_year1:
 -4.70389611650
# log_Fmult_devs:
 1.07982540579 0.512509187543 0.297242733645 -0.214677750667 0.584517724726 0.0100266283503 0.749369161496 -0.540219054982 0.202967528509 0.126669709899 0.0735846785949 -0.322606606109 0.373992196711 0.0797523489535 -0.108219632797 0.666651286637 -0.204313554616 -0.0199550491391 -0.0135657306316 0.308399900820 -0.318825572318 0.508363993658 -0.181976865840 -0.00430215204426 -0.0794497910589 -0.0114209891046 0.324215496171 -0.281879982087 0.429900931251
# log_recruit_devs:
 -0.106929392194 0.189566833494 -0.0670777004993 -0.147085080859 0.333772896288 0.295576944838 -0.0260411851011 0.167133383589 -0.104111178633 0.119150871714 0.0714147814831 -0.147775937505 -0.0181009372006 0.0114326786766 -0.0735340538354 0.154801880675 0.240458942942 -0.279984735477 -0.0820372095531 -0.271132589441 0.0984510633673 0.0881487988679 -0.130484825172 -0.275433364925 0.0706160577828 -0.327445866523 -0.0232264862996 0.119363419368 0.147797108764 -0.0272851186338
# log_N_year1_devs:
 0.0725904096186 0.00899159885753 0.121064394466 0.102474655716 -0.0145253123390 -0.0453732251627 -0.229937690484 -0.231772242470 0.0853453927840 -0.112032390585 -0.0305591731510
# log_q_year1:
 -8.02075295551
# log_q_devs:
 0.00000000000 0.00000000000 0.00000000000 0.00000000000 0.00000000000 0.00000000000 0.00000000000 0.00000000000 0.00000000000 0.00000000000 0.00000000000 0.00000000000 0.00000000000 0.00000000000 0.00000000000 0.00000000000 0.00000000000 0.00000000000 0.00000000000 0.00000000000 0.00000000000 0.00000000000 0.00000000000 0.00000000000 0.00000000000 0.00000000000 0.00000000000 0.00000000000 0.00000000000
# index_sel_params[1]:
1.50000000000
# index_sel_params[2]:
0.500000000000
# log_SR_scaler:
6.89513098847
# SR_steepness:
0.750000000000
