#styr																																				
1
#endyr																																			
30
#rec_age																																	
1																																						#n_ages																																		
12
# numbers of length intervals
81
#Length	bin
10	11	12	13	14	15	16	17	18	19	20	21	22	23	24	25	26	27	28	29	30	31	32	33	34	35	36	37	38	39	40	41	42	43	44	45	46	47	48	49	50	51	52	53	54	55	56	57	58	59	60	61	62	63	64	65	66	67	68	69	70	71	72	73	74	75	76	77	78	79	80	81	82	83	84	85	86	87	88	89	90
#nfsh
1
#names_fsh
OM1																																				
#catch																																			
160.390644380086	470.089464356154	761.931742886572	999.109824480728	765.31606250526	1327.68818680385	1280.15330283859	2489.62484251498	1321.70049260555	1533.57977286338	1622.38919964168	1616.82219892854	1109.11613113119	1523.5021861626	1527.0171922819	1269.9987847299	2251.68536598656	1611.00895569547	1450.79264568144	1310.09638407848	1630.61354078742	1080.58691063015	1645.61495303587	1211.40024989809	1122.1195462033	966.564333607394	929.399087836602	1206.04975582725	869.310795757275	1271.62790354627
#catch_cv																																		
0.01	0.01	0.01	0.01	0.01	0.01	0.01	0.01	0.01	0.01	0.01	0.01	0.01	0.01	0.01	0.01	0.01	0.01	0.01	0.01	0.01	0.01	0.01	0.01	0.01	0.01	0.01	0.01	0.01	0.01
#n_ages_fsh																															
30																			
#n_lengths_fsh																															
0																																						
#yrs_ages_fsh																																
1	2	3	4	5	6	7	8	9	10	11	12	13	14	15	16	17	18	19	20	21	22	23	24	25	26	27	28	29	30						
#sample_ages_fsh																														
200	200	200	200	200	200	200	200	200	200	200	200	200	200	200	200	200	200	200	200	200	200	200	200	200	200	200	200	200	200
#page_fsh	2	3	4	5	6	7	8	9	10	11																						
0.04	0.13	0.115	0.145	0.105	0.07	0.105	0.055	0.065	0.03	0.03	0.11
0.075	0.15	0.13	0.12	0.09	0.085	0.06	0.035	0.055	0.025	0.045	0.13
0.06	0.12	0.15	0.08	0.085	0.11	0.095	0.06	0.055	0.045	0.02	0.12
0.055	0.095	0.11	0.13	0.08	0.095	0.085	0.095	0.05	0.035	0.01	0.16
0.135	0.08	0.085	0.135	0.105	0.08	0.095	0.05	0.04	0.055	0.02	0.12
0.09	0.1	0.1	0.135	0.085	0.065	0.065	0.055	0.055	0.055	0.055	0.14
0.08	0.14	0.22	0.055	0.12	0.085	0.045	0.04	0.05	0.06	0.02	0.085
0.075	0.11	0.215	0.16	0.06	0.075	0.075	0.04	0.06	0.025	0.01	0.095
0.09	0.14	0.17	0.15	0.155	0.035	0.04	0.04	0.025	0.035	0.025	0.095
0.095	0.1	0.14	0.11	0.155	0.12	0.05	0.03	0.05	0.06	0.02	0.07
0.08	0.13	0.13	0.155	0.11	0.105	0.095	0.03	0.065	0.005	0.025	0.07
0.09	0.145	0.18	0.11	0.125	0.1	0.045	0.04	0.025	0.025	0.025	0.09
0.08	0.125	0.13	0.19	0.105	0.095	0.07	0.045	0.04	0.025	0	0.095
0.08	0.135	0.165	0.17	0.105	0.095	0.09	0.05	0.035	0.02	0.02	0.035
0.085	0.145	0.175	0.145	0.14	0.07	0.065	0.03	0.03	0.04	0.025	0.05
0.11	0.155	0.18	0.125	0.13	0.09	0.06	0.04	0.02	0.025	0.02	0.045
0.14	0.185	0.15	0.155	0.11	0.05	0.075	0.05	0.04	0.01	0.01	0.025
0.095	0.17	0.23	0.13	0.08	0.095	0.06	0.025	0.02	0.03	0.02	0.045
0.13	0.115	0.23	0.135	0.085	0.06	0.06	0.035	0.045	0.025	0.02	0.06
0.105	0.19	0.16	0.145	0.12	0.095	0.045	0.04	0.025	0.015	0.02	0.04
0.165	0.165	0.16	0.135	0.15	0.08	0.04	0.03	0.02	0.01	0.005	0.04
0.19	0.205	0.175	0.115	0.045	0.105	0.04	0.045	0.02	0.01	0.005	0.045
0.105	0.205	0.285	0.125	0.11	0.04	0.05	0.035	0.015	0.005	0.005	0.02
0.13	0.17	0.22	0.24	0.065	0.075	0.015	0.02	0.025	0.01	0.015	0.015
0.155	0.165	0.2	0.145	0.16	0.045	0.04	0.035	0.02	0.02	0	0.015
0.15	0.265	0.165	0.16	0.135	0.045	0.02	0.02	0.005	0.01	0	0.025
0.17	0.215	0.215	0.13	0.115	0.05	0.06	0.025	0.005	0.01	0	0.005
0.205	0.19	0.155	0.195	0.07	0.075	0.015	0.03	0.02	0.015	0.02	0.01
0.2	0.275	0.17	0.12	0.105	0.045	0.035	0.015	0.005	0.01	0.01	0.01
0.13	0.305	0.205	0.15	0.085	0.06	0.01	0.005	0.015	0.025	0.005	0.005
#wt_age_fsh	1 2	3	4	5	6	7	8	9	10	11																				
0.000530656	0.001196328	0.002058265	0.003034987	0.004055212	0.005064698	0.006026226	0.006916921	0.007724891	0.008446113	0.009081853	0.009636695
0.000530656	0.001196328	0.002058265	0.003034987	0.004055212	0.005064698	0.006026226	0.006916921	0.007724891	0.008446113	0.009081853	0.009636695
0.000530656	0.001196328	0.002058265	0.003034987	0.004055212	0.005064698	0.006026226	0.006916921	0.007724891	0.008446113	0.009081853	0.009636695
0.000530656	0.001196328	0.002058265	0.003034987	0.004055212	0.005064698	0.006026226	0.006916921	0.007724891	0.008446113	0.009081853	0.009636695
0.000530656	0.001196328	0.002058265	0.003034987	0.004055212	0.005064698	0.006026226	0.006916921	0.007724891	0.008446113	0.009081853	0.009636695
0.000530656	0.001196328	0.002058265	0.003034987	0.004055212	0.005064698	0.006026226	0.006916921	0.007724891	0.008446113	0.009081853	0.009636695
0.000530656	0.001196328	0.002058265	0.003034987	0.004055212	0.005064698	0.006026226	0.006916921	0.007724891	0.008446113	0.009081853	0.009636695
0.000530656	0.001196328	0.002058265	0.003034987	0.004055212	0.005064698	0.006026226	0.006916921	0.007724891	0.008446113	0.009081853	0.009636695
0.000530656	0.001196328	0.002058265	0.003034987	0.004055212	0.005064698	0.006026226	0.006916921	0.007724891	0.008446113	0.009081853	0.009636695
0.000530656	0.001196328	0.002058265	0.003034987	0.004055212	0.005064698	0.006026226	0.006916921	0.007724891	0.008446113	0.009081853	0.009636695
0.000530656	0.001196328	0.002058265	0.003034987	0.004055212	0.005064698	0.006026226	0.006916921	0.007724891	0.008446113	0.009081853	0.009636695
0.000530656	0.001196328	0.002058265	0.003034987	0.004055212	0.005064698	0.006026226	0.006916921	0.007724891	0.008446113	0.009081853	0.009636695
0.000530656	0.001196328	0.002058265	0.003034987	0.004055212	0.005064698	0.006026226	0.006916921	0.007724891	0.008446113	0.009081853	0.009636695
0.000530656	0.001196328	0.002058265	0.003034987	0.004055212	0.005064698	0.006026226	0.006916921	0.007724891	0.008446113	0.009081853	0.009636695
0.000530656	0.001196328	0.002058265	0.003034987	0.004055212	0.005064698	0.006026226	0.006916921	0.007724891	0.008446113	0.009081853	0.009636695
0.000530656	0.001196328	0.002058265	0.003034987	0.004055212	0.005064698	0.006026226	0.006916921	0.007724891	0.008446113	0.009081853	0.009636695
0.000530656	0.001196328	0.002058265	0.003034987	0.004055212	0.005064698	0.006026226	0.006916921	0.007724891	0.008446113	0.009081853	0.009636695
0.000530656	0.001196328	0.002058265	0.003034987	0.004055212	0.005064698	0.006026226	0.006916921	0.007724891	0.008446113	0.009081853	0.009636695
0.000530656	0.001196328	0.002058265	0.003034987	0.004055212	0.005064698	0.006026226	0.006916921	0.007724891	0.008446113	0.009081853	0.009636695
0.000530656	0.001196328	0.002058265	0.003034987	0.004055212	0.005064698	0.006026226	0.006916921	0.007724891	0.008446113	0.009081853	0.009636695
0.000530656	0.001196328	0.002058265	0.003034987	0.004055212	0.005064698	0.006026226	0.006916921	0.007724891	0.008446113	0.009081853	0.009636695
0.000530656	0.001196328	0.002058265	0.003034987	0.004055212	0.005064698	0.006026226	0.006916921	0.007724891	0.008446113	0.009081853	0.009636695
0.000530656	0.001196328	0.002058265	0.003034987	0.004055212	0.005064698	0.006026226	0.006916921	0.007724891	0.008446113	0.009081853	0.009636695
0.000530656	0.001196328	0.002058265	0.003034987	0.004055212	0.005064698	0.006026226	0.006916921	0.007724891	0.008446113	0.009081853	0.009636695
0.000530656	0.001196328	0.002058265	0.003034987	0.004055212	0.005064698	0.006026226	0.006916921	0.007724891	0.008446113	0.009081853	0.009636695
0.000530656	0.001196328	0.002058265	0.003034987	0.004055212	0.005064698	0.006026226	0.006916921	0.007724891	0.008446113	0.009081853	0.009636695
0.000530656	0.001196328	0.002058265	0.003034987	0.004055212	0.005064698	0.006026226	0.006916921	0.007724891	0.008446113	0.009081853	0.009636695
0.000530656	0.001196328	0.002058265	0.003034987	0.004055212	0.005064698	0.006026226	0.006916921	0.007724891	0.008446113	0.009081853	0.009636695
0.000530656	0.001196328	0.002058265	0.003034987	0.004055212	0.005064698	0.006026226	0.006916921	0.007724891	0.008446113	0.009081853	0.009636695
0.000530656	0.001196328	0.002058265	0.003034987	0.004055212	0.005064698	0.006026226	0.006916921	0.007724891	0.008446113	0.009081853	0.009636695

#nind
1
#ind_names																																	
survey_index1																																
#nobs_ind
30
#yrs_ind																																		
1	2	3	4	5	6	7	8	9	10	11	12	13	14	15	16	17	18	19	20	21	22	23	24	25	26	27	28	29	30	
#month_ind																																	
1																																						
#biom_ind																																		
1.39589350604731	1.37754271411556	1.60133068940196	1.53559095933874	1.24617001534191	1.36443688486674	1.57726679113903	1.18422225429715	1.46468966431965	1.44849975074859	1.45254715978121	1.1357133645287	1.15862199762806	1.02608489685981	1.09327608805477	0.951539381750944	1.09272505995464	0.719829791091462	0.780289045319013	0.831676734015025	0.711624185578473	0.842510958077443	0.784359337467708	0.635365391340026	0.567422924967378	0.592781655956568	0.526468938800499	0.513120697253518	0.540452835318256	0.497673807916714
#biom_cv																				
0.279178701209462	0.275508542823111	0.320266137880393	0.307118191867748	0.249234003068382	0.272887376973348	0.315453358227806	0.236844450859429	0.292937932863931	0.289699950149719	0.290509431956243	0.227142672905741	0.231724399525612	0.205216979371962	0.218655217610954	0.190307876350189	0.218545011990929	0.143965958218292	0.156057809063803	0.166335346803005	0.142324837115695	0.168502191615489	0.156871867493542	0.127073078268005	0.113484584993476	0.118556331191314	0.1052937877601	0.102624139450704	0.108090567063651	0.0995347615833427
#n_ages_ind																																	
30			
#n_lengths_ind																															
0																																						
#yrs_ages_ind																																
1	2	3	4	5	6	7	8	9	10	11	12	13	14	15	16	17	18	19	20	21	22	23	24	25	26	27	28	29	30																						
#sample_ages_ind																														
200	200	200	200	200	200	200	200	200	200	200	200	200	200	200	200	200	200	200	200	200	200	200	200	200	200	200	200	200	200
#page_ind																																		
0.04	0.115	0.115	0.115	0.08	0.09	0.075	0.065	0.055	0.07	0.02	0.16
0.055	0.145	0.15	0.14	0.12	0.08	0.095	0.055	0.02	0.04	0.01	0.09
0.09	0.165	0.105	0.1	0.13	0.05	0.06	0.07	0.025	0.04	0.02	0.145
0.04	0.13	0.18	0.085	0.105	0.085	0.05	0.06	0.06	0.02	0.03	0.155
0.08	0.115	0.155	0.175	0.07	0.09	0.055	0.06	0.05	0.045	0.025	0.08
0.06	0.19	0.105	0.155	0.115	0.075	0.065	0.06	0.025	0.035	0.01	0.105
0.035	0.18	0.2	0.085	0.08	0.08	0.065	0.04	0.06	0.015	0.045	0.115
0.075	0.125	0.175	0.195	0.105	0.095	0.03	0.025	0.04	0.02	0.025	0.09
0.095	0.205	0.155	0.165	0.105	0.03	0.045	0.04	0.035	0.02	0.01	0.095
0.07	0.13	0.205	0.095	0.145	0.095	0.03	0.045	0.06	0.01	0.01	0.105
0.065	0.235	0.185	0.18	0.075	0.08	0.055	0.015	0.035	0	0.01	0.065
0.075	0.175	0.165	0.13	0.125	0.07	0.075	0.055	0.03	0.025	0.02	0.055
0.06	0.15	0.185	0.18	0.09	0.095	0.055	0.05	0.035	0.005	0.035	0.06
0.1	0.215	0.17	0.115	0.11	0.09	0.04	0.04	0.02	0.03	0.01	0.06
0.07	0.19	0.175	0.125	0.15	0.085	0.035	0.055	0.03	0.04	0.01	0.035
0.11	0.18	0.19	0.16	0.105	0.05	0.05	0.015	0.03	0.04	0.015	0.055
0.11	0.245	0.12	0.165	0.07	0.065	0.035	0.045	0.05	0.03	0.01	0.055
0.06	0.28	0.2	0.135	0.1	0.06	0.03	0.02	0.045	0.01	0.005	0.055
0.11	0.14	0.205	0.205	0.12	0.06	0.06	0.01	0.02	0.03	0	0.04
0.1	0.24	0.16	0.175	0.14	0.085	0.04	0.015	0.015	0	0.015	0.015
0.125	0.215	0.22	0.11	0.1	0.085	0.055	0.03	0.01	0.01	0.01	0.03
0.1	0.285	0.16	0.19	0.055	0.095	0.05	0.02	0.025	0.01	0.005	0.005
0.06	0.255	0.285	0.115	0.11	0.04	0.07	0.02	0.015	0.02	0	0.01
0.095	0.16	0.255	0.215	0.095	0.065	0.025	0.03	0.02	0.01	0.005	0.025
0.145	0.23	0.24	0.145	0.14	0.025	0.03	0.015	0	0.02	0.005	0.005
0.085	0.31	0.195	0.145	0.13	0.06	0.02	0.015	0.01	0.01	0	0.02
0.14	0.175	0.235	0.16	0.09	0.055	0.09	0.03	0.015	0	0.005	0.005
0.115	0.29	0.16	0.23	0.06	0.07	0.025	0.03	0.015	0.005	0	0
0.14	0.285	0.235	0.1	0.125	0.03	0.04	0.03	0.01	0	0	0.005
0.115	0.31	0.26	0.13	0.05	0.065	0.015	0.025	0.015	0.01	0	0.005
#wt_age_ind																																	
1 1 1 1 1 1 1 1 1 1 1 1 
1 1 1 1 1 1 1 1 1 1 1 1 
1 1 1 1 1 1 1 1 1 1 1 1 
1 1 1 1 1 1 1 1 1 1 1 1 
1 1 1 1 1 1 1 1 1 1 1 1 
1 1 1 1 1 1 1 1 1 1 1 1 
1 1 1 1 1 1 1 1 1 1 1 1 
1 1 1 1 1 1 1 1 1 1 1 1 
1 1 1 1 1 1 1 1 1 1 1 1 
1 1 1 1 1 1 1 1 1 1 1 1 
1 1 1 1 1 1 1 1 1 1 1 1 
1 1 1 1 1 1 1 1 1 1 1 1 
1 1 1 1 1 1 1 1 1 1 1 1 
1 1 1 1 1 1 1 1 1 1 1 1 
1 1 1 1 1 1 1 1 1 1 1 1 
1 1 1 1 1 1 1 1 1 1 1 1 
1 1 1 1 1 1 1 1 1 1 1 1 
1 1 1 1 1 1 1 1 1 1 1 1 
1 1 1 1 1 1 1 1 1 1 1 1 
1 1 1 1 1 1 1 1 1 1 1 1 
1 1 1 1 1 1 1 1 1 1 1 1 
1 1 1 1 1 1 1 1 1 1 1 1 
1 1 1 1 1 1 1 1 1 1 1 1 
1 1 1 1 1 1 1 1 1 1 1 1 
1 1 1 1 1 1 1 1 1 1 1 1 
1 1 1 1 1 1 1 1 1 1 1 1 
1 1 1 1 1 1 1 1 1 1 1 1 
1 1 1 1 1 1 1 1 1 1 1 1 
1 1 1 1 1 1 1 1 1 1 1 1 
1 1 1 1 1 1 1 1 1 1 1 1 
# wt_pop
0.000530656	0.001196328	0.002058265	0.003034987	0.004055212	0.005064698	0.006026226	0.006916921	0.007724891	0.008446113	0.009081853	0.009636695
#maturity
0.02297737 0.32082130 0.90465054 0.99477987 0.99973881 0.99998699 0.99999935 0.99999997 1 1 1 1
#spmonth																																		
1		
#age_err																																		
1	0	0	0	0	0	0	0	0	0	0	0
0	1	0	0	0	0	0	0	0	0	0	0
0	0	1	0	0	0	0	0	0	0	0	0
0	0	0	1	0	0	0	0	0	0	0	0
0	0	0	0	1	0	0	0	0	0	0	0
0	0	0	0	0	1	0	0	0	0	0	0
0	0	0	0	0	0	1	0	0	0	0	0
0	0	0	0	0	0	0	1	0	0	0	0
0	0	0	0	0	0	0	0	1	0	0	0
0	0	0	0	0	0	0	0	0	1	0	0
0	0	0	0	0	0	0	0	0	0	1	0
0	0	0	0	0	0	0	0	0	0	0	1																														
