#######GENERAL HEADER INPUT#######
1
30
1
30
1
30
30
12
1	2	3	4	5	6	7	8	9	10	11	12
12
1	2	3	4	5	6	7	8	9	10	11	12
1
101
1
1
#######SURVEY DATA#######
30
1	2	3	4	5	6	7	8	9	10	11	12	13	14	15	16	17	18	19	20	21	22	23	24	25	26	27	28	29	30
1.39978173948097	1.28827830249857	1.75779465761479	1.63815169896827	1.51265319184765	1.33415341727759	1.43625444649453	1.36206564585123	1.34922521344243	1.27035729753615	1.1674302044857	1.06981684378468	1.03646779047577	1.13090970449022	1.01267353870252	0.964789177174073	1.05337473011618	0.866165855697965	0.763111472085271	0.659475651795684	0.821133205840046	0.571582028267002	0.676435852571375	0.591536215809852	0.531855901794307	0.538726052836372	0.532354540974936	0.500855172364549	0.586524091868507	0.512189381896214
0.2	0.2	0.2	0.2	0.2	0.2	0.2	0.2	0.2	0.2	0.2	0.2	0.2	0.2	0.2	0.2	0.2	0.2	0.2	0.2	0.2	0.2	0.2	0.2	0.2	0.2	0.2	0.2	0.2	0.2
30
1	2	3	4	5	6	7	8	9	10	11	12	13	14	15	16	17	18	19	20	21	22	23	24	25	26	27	28	29	30
200	200	200	200	200	200	200	200	200	200	200	200	200	200	200	200	200	200	200	200	200	200	200	200	200	200	200	200	200	200
200	200	200	200	200	200	200	200	200	200	200	200	200	200	200	200	200	200	200	200	200	200	200	200	200	200	200	200	200	200
0.08	0.115	0.15	0.135	0.085	0.105	0.055	0.08	0.015	0.04	0.03	0.11
0.07	0.16	0.13	0.13	0.125	0.075	0.085	0.035	0.045	0.03	0.01	0.105
0.05	0.15	0.185	0.145	0.065	0.06	0.04	0.05	0.055	0.025	0.03	0.145
0.06	0.1	0.155	0.125	0.1	0.085	0.085	0.03	0.045	0.04	0.015	0.16
0.08	0.11	0.135	0.175	0.075	0.1	0.065	0.035	0.045	0.035	0.025	0.12
0.11	0.19	0.135	0.13	0.12	0.045	0.09	0.04	0.045	0.025	0.025	0.045
0.095	0.165	0.23	0.085	0.11	0.07	0.045	0.035	0.04	0.02	0.015	0.09
0.065	0.115	0.16	0.135	0.085	0.08	0.12	0.05	0.035	0.03	0.015	0.11
0.115	0.17	0.16	0.08	0.13	0.075	0.04	0.06	0.005	0.035	0.05	0.08
0.095	0.15	0.205	0.115	0.145	0.05	0.045	0.025	0.035	0.05	0.015	0.07
0.045	0.215	0.18	0.13	0.11	0.095	0.065	0.03	0.025	0.02	0.03	0.055
0.075	0.155	0.2	0.125	0.07	0.06	0.1	0.08	0.03	0.02	0.005	0.08
0.07	0.165	0.18	0.16	0.105	0.11	0.045	0.05	0.03	0.015	0.025	0.045
0.065	0.21	0.175	0.155	0.08	0.055	0.095	0.035	0.035	0.03	0.005	0.06
0.07	0.225	0.19	0.135	0.075	0.07	0.06	0.04	0.015	0.025	0.01	0.085
0.09	0.145	0.2	0.18	0.095	0.045	0.08	0.04	0.02	0.025	0.02	0.06
0.075	0.225	0.175	0.15	0.07	0.05	0.075	0.045	0.03	0.03	0	0.075
0.08	0.185	0.25	0.115	0.125	0.04	0.05	0.045	0.025	0.04	0.015	0.03
0.09	0.19	0.235	0.21	0.095	0.045	0.02	0.035	0.015	0.02	0.025	0.02
0.095	0.255	0.195	0.115	0.11	0.05	0.075	0.015	0.025	0.04	0	0.025
0.145	0.17	0.2	0.1	0.155	0.06	0.04	0.03	0.02	0.015	0.015	0.05
0.11	0.29	0.135	0.14	0.12	0.065	0.045	0.02	0.025	0.015	0.005	0.03
0.07	0.28	0.28	0.115	0.075	0.04	0.035	0.045	0.015	0.01	0.015	0.02
0.065	0.225	0.26	0.195	0.07	0.075	0.025	0.03	0.015	0.015	0.015	0.01
0.135	0.165	0.23	0.23	0.095	0.035	0.055	0.015	0.015	0.015	0.005	0.005
0.05	0.325	0.195	0.135	0.105	0.08	0.03	0.035	0.02	0.005	0.01	0.01
0.15	0.18	0.27	0.1	0.11	0.075	0.065	0.025	0.01	0.01	0	0.005
0.11	0.205	0.195	0.225	0.115	0.065	0.02	0.035	0.015	0	0.015	0
0.175	0.235	0.2	0.15	0.125	0.045	0.03	0.015	0.015	0.005	0	0.005
0.105	0.33	0.23	0.11	0.11	0.05	0.015	0.015	0.015	0	0.005	0.015
#######LANDINGS DATA#######
1
30
161.902571178242	468.315183973057	761.433980118158	1010.21919927047	765.455069774227	1324.07294784019	1277.61690780332	2463.89189707548	1323.98104059836	1523.60287533042	1621.84822447959	1611.37080716945	1101.61044068488	1523.05624884825	1514.34949782573	1270.68856597613	2245.14910941049	1602.46295024095	1469.02011921863	1332.37389718537	1634.21510107492	1075.13231556451	1633.47204822498	1206.39654256349	1124.13197575759	984.161374931939	920.974373095429	1199.29894774653	874.934556411725	1273.1990886624
0.01	0.01	0.01	0.01	0.01	0.01	0.01	0.01	0.01	0.01	0.01	0.01	0.01	0.01	0.01	0.01	0.01	0.01	0.01	0.01	0.01	0.01	0.01	0.01	0.01	0.01	0.01	0.01	0.01	0.01
30
1	2	3	4	5	6	7	8	9	10	11	12	13	14	15	16	17	18	19	20	21	22	23	24	25	26	27	28	29	30
200	200	200	200	200	200	200	200	200	200	200	200	200	200	200	200	200	200	200	200	200	200	200	200	200	200	200	200	200	200
200	200	200	200	200	200	200	200	200	200	200	200	200	200	200	200	200	200	200	200	200	200	200	200	200	200	200	200	200	200
0.04	0.1	0.14	0.1	0.075	0.115	0.09	0.035	0.03	0.04	0.04	0.195
0.06	0.135	0.135	0.115	0.12	0.08	0.065	0.06	0.03	0.03	0.025	0.145
0.105	0.125	0.16	0.125	0.115	0.055	0.055	0.04	0.02	0.04	0.025	0.135
0.08	0.085	0.145	0.065	0.13	0.08	0.08	0.065	0.03	0.06	0.03	0.15
0.11	0.08	0.115	0.165	0.11	0.05	0.1	0.03	0.045	0.025	0.035	0.135
0.115	0.155	0.095	0.07	0.125	0.07	0.06	0.04	0.045	0.07	0.03	0.125
0.095	0.145	0.23	0.075	0.08	0.065	0.065	0.045	0.05	0.015	0.045	0.09
0.08	0.11	0.195	0.175	0.085	0.08	0.05	0.07	0.025	0.02	0.02	0.09
0.09	0.16	0.1	0.175	0.125	0.045	0.055	0.055	0.025	0.03	0.02	0.12
0.095	0.09	0.13	0.11	0.13	0.1	0.035	0.07	0.06	0.03	0.01	0.14
0.1	0.115	0.13	0.185	0.115	0.06	0.07	0.035	0.03	0.05	0.03	0.08
0.08	0.16	0.165	0.15	0.13	0.08	0.065	0.05	0.025	0.01	0.045	0.04
0.06	0.145	0.195	0.14	0.09	0.08	0.02	0.065	0.05	0.045	0.025	0.085
0.115	0.1	0.155	0.205	0.115	0.09	0.095	0.035	0.035	0.01	0.01	0.035
0.1	0.12	0.16	0.14	0.12	0.1	0.03	0.055	0.04	0.03	0.02	0.085
0.1	0.14	0.16	0.135	0.115	0.12	0.095	0.055	0.035	0.02	0.005	0.02
0.105	0.16	0.16	0.17	0.145	0.045	0.05	0.045	0.035	0.04	0.01	0.035
0.085	0.19	0.215	0.155	0.07	0.07	0.06	0.045	0.04	0.025	0.01	0.035
0.11	0.14	0.21	0.165	0.095	0.09	0.06	0.04	0.02	0.015	0.01	0.045
0.11	0.16	0.15	0.19	0.1	0.1	0.07	0.045	0.025	0.015	0.005	0.03
0.15	0.165	0.205	0.065	0.175	0.06	0.05	0.035	0.03	0.015	0.02	0.03
0.145	0.25	0.16	0.105	0.1	0.09	0.055	0.01	0.035	0.015	0.005	0.03
0.165	0.24	0.205	0.12	0.08	0.08	0.03	0.02	0.045	0.005	0	0.01
0.12	0.185	0.22	0.18	0.08	0.08	0.045	0.015	0.035	0.01	0.01	0.02
0.175	0.21	0.19	0.15	0.115	0.05	0.03	0.025	0.02	0.005	0.01	0.02
0.13	0.22	0.175	0.16	0.165	0.065	0.03	0.01	0.01	0.005	0	0.03
0.13	0.185	0.265	0.15	0.11	0.06	0.045	0.03	0.01	0	0.005	0.01
0.16	0.175	0.175	0.23	0.095	0.07	0.035	0.03	0.01	0.01	0	0.01
0.215	0.255	0.19	0.14	0.085	0.055	0.02	0.015	0.005	0.01	0	0.01
0.11	0.285	0.24	0.14	0.055	0.055	0.055	0.025	0.015	0.005	0	0.015
#######PARAMETER SECTION#######
800	400	1200	-4	800	-0.25	1
0.18	0.01	1	-4	0.18	-0.25	1
-1.36	-5	-0.001	-4	-1.36	-0.25	1
0.1	0.05	0.3	-4	0.1	-0.25	1
0.2	0.01	0.5	-4	0.2	-0.25	1
0.75	0.20001	1	-3	0.75	-0.25	1
13.815511	-1	200	1	13.815511	-0.25	1
0	-1	1	-4	0	-0.25	1
0.2	1e-04	1.2	-3	0.2	-0.25	1
0	-10	10	-6	0	-1	1
0	-10	10	-6	0	-1	1
2	0	12	-2	2	-0.5	1
1	0	12	-2	1	-0.5	1
2	0	12	-2	2	-0.5	1
1	0	12	-2	1	-0.5	1
1.5	0	12	-2	1.5	-0.5	1
2	0	12	-2	2	-0.5	1
-14.8682006803499	-30	5	1	-14.8682006803499	-1	1
1	0.1	2	-1	1	-1	1
-1.51930887058023	-10	1.39	1	-1.51930887058023	-1	1
#######DEV CONSTRAINTS and DEVS#######
-15	15	2
-15	15	2
-15	15	2
0	0	0	0	0	0	0	0	0	0	0	0	0	0	0	0	0	0	0	0	0	0	0	0	0	0	0	0	0	0
0	0	0	0	0	0	0	0	0	0	0	0	0	0	0	0	0	0	0	0	0	0	0	0	0	0	0	0	0	0
0	0	0	0	0	0	0	0	0	0	0
#######LIKELIHOOD WEIGHTS#######
1
1
1
1
0
1
0
0
0
#######MISCELLANEOUS STUFF SECTION#######
2.5e-08
3
0.5	0.5	0.5	0.5	0.5	0.5	0.5	0.5	0.5	0.5	0.5	0.5
0.0229773699100256	0.320821300824607	0.904650535100891	0.994779874306442	0.999738809680904	0.999986992871533	0.999999352405202	0.999999967758134	0.999999998394772	0.99999999992008	0.999999999996021	0.999999999999802
0.2	0.2	0.2	0.2	0.2	0.2	0.2	0.2	0.2	0.2	0.2	0.2
0
1
10
0.2
1
1	0	0	0	0	0	0	0	0	0	0	0
0	1	0	0	0	0	0	0	0	0	0	0
0	0	1	0	0	0	0	0	0	0	0	0
0	0	0	1	0	0	0	0	0	0	0	0
0	0	0	0	1	0	0	0	0	0	0	0
0	0	0	0	0	1	0	0	0	0	0	0
0	0	0	0	0	0	1	0	0	0	0	0
0	0	0	0	0	0	0	1	0	0	0	0
0	0	0	0	0	0	0	0	1	0	0	0
0	0	0	0	0	0	0	0	0	1	0	0
0	0	0	0	0	0	0	0	0	0	1	0
0	0	0	0	0	0	0	0	0	0	0	1
40
31
2
1
#######END OF DATA FILE#######
999
