#######GENERAL HEADER INPUT#######
1
30
1
30
1
30
30
12
1	2	3	4	5	6	7	8	9	10	11	12
12
1	2	3	4	5	6	7	8	9	10	11	12
1
101
1
1
#######SURVEY DATA#######
30
1	2	3	4	5	6	7	8	9	10	11	12	13	14	15	16	17	18	19	20	21	22	23	24	25	26	27	28	29	30
1.46367195650985	1.71366377779497	1.4985117851334	1.80478876330185	1.56371046965542	1.41092596512842	1.29030007304947	1.27950886614097	1.10949527053372	1.28611376285934	1.08632094417174	1.32593905186138	0.98185687542065	0.874511951967401	0.962179442029919	1.02574653397361	0.999263078911906	0.925979087296263	0.938808524176081	0.703377371224636	0.645155774174517	0.639089509631721	0.683775740217376	0.736825355969142	0.581912462664965	0.520786805048378	0.538168466725096	0.498811300498404	0.510786196917872	0.613986452578557
0.2	0.2	0.2	0.2	0.2	0.2	0.2	0.2	0.2	0.2	0.2	0.2	0.2	0.2	0.2	0.2	0.2	0.2	0.2	0.2	0.2	0.2	0.2	0.2	0.2	0.2	0.2	0.2	0.2	0.2
30
1	2	3	4	5	6	7	8	9	10	11	12	13	14	15	16	17	18	19	20	21	22	23	24	25	26	27	28	29	30
200	200	200	200	200	200	200	200	200	200	200	200	200	200	200	200	200	200	200	200	200	200	200	200	200	200	200	200	200	200
200	200	200	200	200	200	200	200	200	200	200	200	200	200	200	200	200	200	200	200	200	200	200	200	200	200	200	200	200	200
0.045	0.12	0.19	0.17	0.095	0.08	0.05	0.045	0.055	0.025	0.03	0.095
0.06	0.18	0.125	0.155	0.08	0.08	0.07	0.06	0.02	0.035	0.025	0.11
0.065	0.19	0.165	0.125	0.1	0.08	0.075	0.035	0.03	0.035	0.025	0.075
0.05	0.145	0.17	0.145	0.075	0.075	0.045	0.07	0.05	0.04	0.045	0.09
0.135	0.085	0.18	0.13	0.075	0.06	0.065	0.05	0.03	0.035	0.01	0.145
0.11	0.18	0.15	0.16	0.095	0.09	0.04	0.025	0.025	0.035	0.015	0.075
0.07	0.24	0.145	0.09	0.04	0.095	0.065	0.045	0.055	0.02	0.02	0.115
0.095	0.14	0.175	0.165	0.075	0.055	0.075	0.045	0.04	0.035	0.015	0.085
0.075	0.15	0.14	0.155	0.16	0.05	0.065	0.035	0.035	0.01	0.03	0.095
0.095	0.185	0.145	0.085	0.09	0.15	0.055	0.025	0.02	0.02	0.025	0.105
0.115	0.145	0.175	0.135	0.12	0.075	0.055	0.035	0.025	0.025	0.02	0.075
0.04	0.18	0.22	0.16	0.1	0.045	0.06	0.07	0.015	0.03	0.005	0.075
0.08	0.175	0.205	0.125	0.085	0.09	0.06	0.045	0.035	0.01	0.005	0.085
0.085	0.23	0.165	0.15	0.095	0.06	0.045	0.05	0.045	0.01	0.01	0.055
0.07	0.295	0.185	0.065	0.13	0.085	0.025	0.025	0.025	0.04	0.015	0.04
0.08	0.135	0.2	0.19	0.11	0.05	0.045	0.045	0.045	0.005	0.015	0.08
0.1	0.255	0.15	0.11	0.075	0.085	0.045	0.055	0.03	0.015	0.01	0.07
0.04	0.225	0.225	0.13	0.115	0.065	0.05	0.055	0.015	0.015	0.005	0.06
0.095	0.14	0.18	0.22	0.12	0.07	0.035	0.01	0.035	0.045	0.01	0.04
0.115	0.215	0.185	0.165	0.13	0.055	0.045	0.03	0.005	0.02	0	0.035
0.11	0.185	0.205	0.135	0.12	0.08	0.045	0.06	0.03	0.005	0.015	0.01
0.105	0.28	0.185	0.165	0.08	0.08	0.05	0.025	0.005	0.01	0.005	0.01
0.07	0.285	0.255	0.125	0.085	0.05	0.035	0.045	0.02	0.005	0	0.025
0.07	0.205	0.275	0.2	0.1	0.06	0.025	0.03	0.01	0	0.005	0.02
0.145	0.225	0.205	0.205	0.09	0.045	0.02	0.015	0.03	0.02	0	0
0.095	0.305	0.17	0.145	0.1	0.105	0.035	0.015	0.01	0.01	0.005	0.005
0.15	0.2	0.25	0.115	0.1	0.085	0.07	0.005	0.02	0	0	0.005
0.155	0.225	0.195	0.16	0.11	0.055	0.035	0.025	0.025	0.005	0.01	0
0.15	0.32	0.105	0.105	0.14	0.05	0.05	0.03	0.015	0.02	0.005	0.01
0.15	0.28	0.285	0.085	0.085	0.05	0.02	0.025	0.005	0.005	0	0.01
#######LANDINGS DATA#######
1
30
161.288844996852	468.984313528147	762.067202730665	994.517870049339	761.013375785533	1329.4227840765	1283.53869335007	2468.05734665615	1335.42696559597	1515.90079904233	1603.23108267377	1614.85976151582	1103.75750595995	1516.31239146952	1517.00051995274	1279.32232937058	2246.25237451982	1613.38926712134	1470.62487804808	1312.37082393998	1623.73132830859	1081.31055642787	1641.65748435227	1204.27224088498	1115.97331282129	972.703207209712	927.360258711127	1213.95160938086	868.872976209092	1277.37714916185
0.01	0.01	0.01	0.01	0.01	0.01	0.01	0.01	0.01	0.01	0.01	0.01	0.01	0.01	0.01	0.01	0.01	0.01	0.01	0.01	0.01	0.01	0.01	0.01	0.01	0.01	0.01	0.01	0.01	0.01
30
1	2	3	4	5	6	7	8	9	10	11	12	13	14	15	16	17	18	19	20	21	22	23	24	25	26	27	28	29	30
200	200	200	200	200	200	200	200	200	200	200	200	200	200	200	200	200	200	200	200	200	200	200	200	200	200	200	200	200	200
200	200	200	200	200	200	200	200	200	200	200	200	200	200	200	200	200	200	200	200	200	200	200	200	200	200	200	200	200	200
0.06	0.13	0.125	0.075	0.1	0.1	0.06	0.085	0.03	0.065	0.035	0.135
0.08	0.115	0.115	0.115	0.14	0.095	0.065	0.09	0.035	0.02	0.02	0.11
0.065	0.135	0.105	0.19	0.09	0.045	0.055	0.08	0.04	0.05	0.02	0.125
0.05	0.115	0.105	0.145	0.125	0.115	0.075	0.05	0.045	0.045	0.02	0.11
0.06	0.105	0.12	0.19	0.1	0.05	0.07	0.07	0.025	0.05	0.04	0.12
0.125	0.14	0.065	0.13	0.14	0.085	0.06	0.035	0.025	0.06	0.01	0.125
0.09	0.145	0.15	0.085	0.1	0.08	0.05	0.04	0.045	0.06	0.04	0.115
0.095	0.12	0.165	0.125	0.09	0.03	0.06	0.04	0.04	0.05	0.02	0.165
0.05	0.11	0.125	0.2	0.165	0.05	0.05	0.055	0.06	0.045	0.02	0.07
0.12	0.145	0.195	0.105	0.115	0.065	0.055	0.02	0.06	0.02	0.025	0.075
0.065	0.225	0.17	0.115	0.1	0.07	0.075	0.06	0.025	0.025	0.005	0.065
0.105	0.1	0.16	0.12	0.12	0.055	0.1	0.075	0.03	0.025	0.025	0.085
0.075	0.16	0.14	0.155	0.125	0.08	0.08	0.025	0.055	0.01	0.01	0.085
0.08	0.155	0.17	0.135	0.13	0.065	0.06	0.025	0.03	0.035	0.02	0.095
0.14	0.175	0.115	0.165	0.145	0.065	0.045	0.05	0.02	0.025	0.01	0.045
0.11	0.125	0.18	0.09	0.16	0.1	0.05	0.055	0.03	0.015	0.03	0.055
0.105	0.2	0.14	0.125	0.11	0.06	0.095	0.04	0.025	0.025	0.015	0.06
0.085	0.245	0.185	0.13	0.09	0.07	0.06	0.03	0.05	0.02	0.005	0.03
0.09	0.155	0.17	0.165	0.15	0.07	0.07	0.045	0.025	0.01	0.005	0.045
0.11	0.135	0.175	0.165	0.145	0.065	0.055	0.03	0.02	0.04	0.005	0.055
0.19	0.17	0.195	0.105	0.12	0.085	0.06	0.015	0.01	0.01	0.015	0.025
0.165	0.235	0.14	0.145	0.055	0.07	0.065	0.04	0.025	0.01	0.005	0.045
0.125	0.23	0.25	0.115	0.11	0.055	0.035	0.03	0.01	0.01	0.01	0.02
0.115	0.175	0.265	0.205	0.075	0.05	0.04	0.035	0.02	0	0.01	0.01
0.185	0.155	0.165	0.16	0.115	0.08	0.04	0.04	0.02	0.02	0	0.02
0.18	0.24	0.185	0.105	0.105	0.065	0.065	0.02	0	0.01	0.01	0.015
0.13	0.155	0.28	0.145	0.085	0.07	0.045	0.025	0.035	0	0.01	0.02
0.155	0.205	0.17	0.205	0.08	0.09	0.045	0.03	0	0.005	0.01	0.005
0.22	0.245	0.23	0.105	0.08	0.045	0.015	0.015	0.025	0.005	0.01	0.005
0.17	0.23	0.22	0.16	0.06	0.08	0.015	0.015	0.02	0.02	0.005	0.005
#######PARAMETER SECTION#######
800	400	1200	-4	800	-0.25	1
0.18	0.01	1	-4	0.18	-0.25	1
-1.36	-5	-0.001	-4	-1.36	-0.25	1
0.1	0.05	0.3	-4	0.1	-0.25	1
0.2	0.01	0.5	-4	0.2	-0.25	1
0.75	0.20001	1	-3	0.75	-0.25	1
13.815511	-1	200	1	13.815511	-0.25	1
0	-1	1	-4	0	-0.25	1
0.2	1e-04	1.2	-3	0.2	-0.25	1
0	-10	10	-6	0	-1	1
0	-10	10	-6	0	-1	1
2	0	12	-2	2	-0.5	1
1	0	12	-2	1	-0.5	1
2	0	12	-2	2	-0.5	1
1	0	12	-2	1	-0.5	1
1.5	0	12	-2	1.5	-0.5	1
2	0	12	-2	2	-0.5	1
-14.8682006803499	-30	5	1	-14.8682006803499	-1	1
1	0.1	2	-1	1	-1	1
-1.51930887058023	-10	1.39	1	-1.51930887058023	-1	1
#######DEV CONSTRAINTS and DEVS#######
-15	15	2
-15	15	2
-15	15	2
0	0	0	0	0	0	0	0	0	0	0	0	0	0	0	0	0	0	0	0	0	0	0	0	0	0	0	0	0	0
0	0	0	0	0	0	0	0	0	0	0	0	0	0	0	0	0	0	0	0	0	0	0	0	0	0	0	0	0	0
0	0	0	0	0	0	0	0	0	0	0
#######LIKELIHOOD WEIGHTS#######
1
1
1
1
0
1
0
0
0
#######MISCELLANEOUS STUFF SECTION#######
2.5e-08
3
0.5	0.5	0.5	0.5	0.5	0.5	0.5	0.5	0.5	0.5	0.5	0.5
0.0229773699100256	0.320821300824607	0.904650535100891	0.994779874306442	0.999738809680904	0.999986992871533	0.999999352405202	0.999999967758134	0.999999998394772	0.99999999992008	0.999999999996021	0.999999999999802
0.2	0.2	0.2	0.2	0.2	0.2	0.2	0.2	0.2	0.2	0.2	0.2
0
1
10
0.2
1
1	0	0	0	0	0	0	0	0	0	0	0
0	1	0	0	0	0	0	0	0	0	0	0
0	0	1	0	0	0	0	0	0	0	0	0
0	0	0	1	0	0	0	0	0	0	0	0
0	0	0	0	1	0	0	0	0	0	0	0
0	0	0	0	0	1	0	0	0	0	0	0
0	0	0	0	0	0	1	0	0	0	0	0
0	0	0	0	0	0	0	1	0	0	0	0
0	0	0	0	0	0	0	0	1	0	0	0
0	0	0	0	0	0	0	0	0	1	0	0
0	0	0	0	0	0	0	0	0	0	1	0
0	0	0	0	0	0	0	0	0	0	0	1
40
31
2
1
#######END OF DATA FILE#######
999
