# Number of parameters = 73  Objective function value = 26358.0  Maximum gradient component = 0.000466547
# sel_params[1]:
2.00000000000
# sel_params[2]:
1.00000000000
# log_Fmult_year1:
 -4.69752563804
# log_Fmult_devs:
 1.07945605427 0.509697125070 0.312384582560 -0.216289146291 0.591601552539 0.0183136400279 0.741015449880 -0.527996561671 0.206242574898 0.118732807336 0.0713413883038 -0.318337586765 0.362003043403 0.0665455480387 -0.102636288611 0.664501988281 -0.190735711666 -0.0104213522881 -0.0187422109901 0.323974040701 -0.330560952650 0.499363440760 -0.207010885307 -0.0172770812475 -0.0971104003005 -0.0363533203053 0.313966562620 -0.308414749975 0.399403440965
# log_recruit_devs:
 -0.0679851024653 0.189601411462 -0.106591485556 -0.258328828130 0.274048592058 0.206518430077 0.0311768676523 0.0923638854202 -0.0277532783426 0.0766790524369 0.123781972889 -0.107891674065 -0.0477553071923 -0.0263729472439 -0.0318069591085 0.00346386663859 0.146568752748 -0.245888471572 0.0239343105209 -0.352693845903 0.140421276433 0.169668852247 -0.0990681732693 -0.226284593114 0.0790524259801 -0.241452687878 -0.0109454088653 0.207676074610 0.0975061092374 -0.0116431177052
# log_N_year1_devs:
 -0.0652445285515 -0.103428642996 0.0504399716092 0.0792022229204 0.110146025170 -0.0127780586719 -0.104814948960 0.0871924737448 -0.411011632216 0.0829012922742 -0.0935928365383
# log_q_year1:
 -7.97162248700
# log_q_devs:
 0.00000000000 0.00000000000 0.00000000000 0.00000000000 0.00000000000 0.00000000000 0.00000000000 0.00000000000 0.00000000000 0.00000000000 0.00000000000 0.00000000000 0.00000000000 0.00000000000 0.00000000000 0.00000000000 0.00000000000 0.00000000000 0.00000000000 0.00000000000 0.00000000000 0.00000000000 0.00000000000 0.00000000000 0.00000000000 0.00000000000 0.00000000000 0.00000000000 0.00000000000
# index_sel_params[1]:
1.50000000000
# index_sel_params[2]:
0.500000000000
# log_SR_scaler:
6.91723374017
# SR_steepness:
0.750000000000
