#styr																																				
1
#endyr																																			
30
#rec_age																																	
1																																						#n_ages																																		
12
# numbers of length intervals
81
#Length	bin
10	11	12	13	14	15	16	17	18	19	20	21	22	23	24	25	26	27	28	29	30	31	32	33	34	35	36	37	38	39	40	41	42	43	44	45	46	47	48	49	50	51	52	53	54	55	56	57	58	59	60	61	62	63	64	65	66	67	68	69	70	71	72	73	74	75	76	77	78	79	80	81	82	83	84	85	86	87	88	89	90
#nfsh
1
#names_fsh
OM1																																				
#catch																																			
163.197313038831	464.452757040736	758.921461558984	994.992428825831	765.916107187289	1315.39800115489	1276.74768743536	2475.07996196857	1319.35017493011	1533.26367831267	1615.17425929324	1608.63832762952	1106.05689806987	1531.81068987042	1496.28011352926	1259.73483007807	2256.39830681003	1597.3345132796	1457.45686942523	1316.96789624807	1637.80583096913	1079.89554137501	1645.24331693955	1200.91207502306	1121.86012935024	961.783513810974	924.065768785716	1211.31305585534	877.601337877899	1283.71255253494
#catch_cv																																		
0.01	0.01	0.01	0.01	0.01	0.01	0.01	0.01	0.01	0.01	0.01	0.01	0.01	0.01	0.01	0.01	0.01	0.01	0.01	0.01	0.01	0.01	0.01	0.01	0.01	0.01	0.01	0.01	0.01	0.01
#n_ages_fsh																															
30																			
#n_lengths_fsh																															
0																																						
#yrs_ages_fsh																																
1	2	3	4	5	6	7	8	9	10	11	12	13	14	15	16	17	18	19	20	21	22	23	24	25	26	27	28	29	30						
#sample_ages_fsh																														
200	200	200	200	200	200	200	200	200	200	200	200	200	200	200	200	200	200	200	200	200	200	200	200	200	200	200	200	200	200
#page_fsh	2	3	4	5	6	7	8	9	10	11																						
0.08	0.085	0.175	0.14	0.125	0.055	0.075	0.055	0.035	0.045	0.03	0.1
0.075	0.09	0.11	0.145	0.07	0.115	0.1	0.05	0.065	0.02	0.025	0.135
0.055	0.1	0.11	0.11	0.12	0.08	0.095	0.055	0.05	0.03	0.01	0.185
0.085	0.12	0.12	0.125	0.105	0.105	0.055	0.03	0.045	0.03	0.035	0.145
0.1	0.08	0.13	0.145	0.095	0.07	0.08	0.045	0.025	0.06	0.035	0.135
0.105	0.18	0.095	0.075	0.125	0.06	0.085	0.07	0.03	0.025	0.035	0.115
0.085	0.15	0.155	0.115	0.1	0.085	0.065	0.05	0.02	0.04	0.015	0.12
0.075	0.1	0.16	0.185	0.085	0.055	0.095	0.025	0.04	0.035	0.03	0.115
0.11	0.165	0.095	0.16	0.18	0.08	0.015	0.045	0.02	0.035	0.02	0.075
0.08	0.145	0.13	0.175	0.105	0.11	0.075	0.05	0.02	0.02	0.02	0.07
0.085	0.1	0.15	0.19	0.09	0.125	0.11	0.02	0.03	0.015	0.015	0.07
0.07	0.125	0.18	0.135	0.155	0.075	0.045	0.06	0.045	0.02	0.005	0.085
0.11	0.155	0.18	0.105	0.09	0.105	0.045	0.045	0.055	0.025	0.005	0.08
0.125	0.095	0.155	0.175	0.12	0.085	0.075	0.055	0.02	0.025	0.015	0.055
0.115	0.13	0.18	0.115	0.085	0.1	0.07	0.08	0.025	0.03	0.015	0.055
0.135	0.135	0.14	0.145	0.14	0.05	0.045	0.045	0.035	0.02	0.025	0.085
0.11	0.2	0.145	0.155	0.11	0.06	0.05	0.045	0.02	0.035	0.01	0.06
0.09	0.2	0.235	0.13	0.09	0.075	0.055	0.06	0.02	0.01	0.005	0.03
0.08	0.085	0.21	0.18	0.145	0.12	0.055	0.03	0.01	0.015	0.02	0.05
0.09	0.17	0.13	0.19	0.1	0.075	0.06	0.05	0.025	0.025	0.005	0.08
0.125	0.165	0.18	0.15	0.165	0.06	0.03	0.035	0.02	0.02	0.01	0.04
0.145	0.215	0.185	0.105	0.11	0.1	0.03	0.02	0.025	0.02	0.015	0.03
0.1	0.185	0.18	0.15	0.17	0.05	0.04	0.035	0.02	0.03	0.005	0.035
0.09	0.175	0.255	0.245	0.06	0.055	0.055	0.035	0.005	0.015	0	0.01
0.165	0.195	0.14	0.17	0.15	0.06	0.05	0.015	0.02	0.01	0.005	0.02
0.095	0.27	0.22	0.135	0.12	0.075	0.03	0.015	0.01	0.02	0.005	0.005
0.125	0.19	0.23	0.145	0.1	0.08	0.06	0.02	0.025	0.005	0.005	0.015
0.18	0.195	0.165	0.235	0.075	0.065	0.02	0.02	0.01	0	0.015	0.02
0.21	0.22	0.205	0.125	0.13	0.04	0.02	0.015	0.01	0.02	0	0.005
0.145	0.195	0.25	0.195	0.06	0.08	0.015	0.01	0.02	0.01	0.005	0.015
#wt_age_fsh	1 2	3	4	5	6	7	8	9	10	11																				
0.000530656	0.001196328	0.002058265	0.003034987	0.004055212	0.005064698	0.006026226	0.006916921	0.007724891	0.008446113	0.009081853	0.009636695
0.000530656	0.001196328	0.002058265	0.003034987	0.004055212	0.005064698	0.006026226	0.006916921	0.007724891	0.008446113	0.009081853	0.009636695
0.000530656	0.001196328	0.002058265	0.003034987	0.004055212	0.005064698	0.006026226	0.006916921	0.007724891	0.008446113	0.009081853	0.009636695
0.000530656	0.001196328	0.002058265	0.003034987	0.004055212	0.005064698	0.006026226	0.006916921	0.007724891	0.008446113	0.009081853	0.009636695
0.000530656	0.001196328	0.002058265	0.003034987	0.004055212	0.005064698	0.006026226	0.006916921	0.007724891	0.008446113	0.009081853	0.009636695
0.000530656	0.001196328	0.002058265	0.003034987	0.004055212	0.005064698	0.006026226	0.006916921	0.007724891	0.008446113	0.009081853	0.009636695
0.000530656	0.001196328	0.002058265	0.003034987	0.004055212	0.005064698	0.006026226	0.006916921	0.007724891	0.008446113	0.009081853	0.009636695
0.000530656	0.001196328	0.002058265	0.003034987	0.004055212	0.005064698	0.006026226	0.006916921	0.007724891	0.008446113	0.009081853	0.009636695
0.000530656	0.001196328	0.002058265	0.003034987	0.004055212	0.005064698	0.006026226	0.006916921	0.007724891	0.008446113	0.009081853	0.009636695
0.000530656	0.001196328	0.002058265	0.003034987	0.004055212	0.005064698	0.006026226	0.006916921	0.007724891	0.008446113	0.009081853	0.009636695
0.000530656	0.001196328	0.002058265	0.003034987	0.004055212	0.005064698	0.006026226	0.006916921	0.007724891	0.008446113	0.009081853	0.009636695
0.000530656	0.001196328	0.002058265	0.003034987	0.004055212	0.005064698	0.006026226	0.006916921	0.007724891	0.008446113	0.009081853	0.009636695
0.000530656	0.001196328	0.002058265	0.003034987	0.004055212	0.005064698	0.006026226	0.006916921	0.007724891	0.008446113	0.009081853	0.009636695
0.000530656	0.001196328	0.002058265	0.003034987	0.004055212	0.005064698	0.006026226	0.006916921	0.007724891	0.008446113	0.009081853	0.009636695
0.000530656	0.001196328	0.002058265	0.003034987	0.004055212	0.005064698	0.006026226	0.006916921	0.007724891	0.008446113	0.009081853	0.009636695
0.000530656	0.001196328	0.002058265	0.003034987	0.004055212	0.005064698	0.006026226	0.006916921	0.007724891	0.008446113	0.009081853	0.009636695
0.000530656	0.001196328	0.002058265	0.003034987	0.004055212	0.005064698	0.006026226	0.006916921	0.007724891	0.008446113	0.009081853	0.009636695
0.000530656	0.001196328	0.002058265	0.003034987	0.004055212	0.005064698	0.006026226	0.006916921	0.007724891	0.008446113	0.009081853	0.009636695
0.000530656	0.001196328	0.002058265	0.003034987	0.004055212	0.005064698	0.006026226	0.006916921	0.007724891	0.008446113	0.009081853	0.009636695
0.000530656	0.001196328	0.002058265	0.003034987	0.004055212	0.005064698	0.006026226	0.006916921	0.007724891	0.008446113	0.009081853	0.009636695
0.000530656	0.001196328	0.002058265	0.003034987	0.004055212	0.005064698	0.006026226	0.006916921	0.007724891	0.008446113	0.009081853	0.009636695
0.000530656	0.001196328	0.002058265	0.003034987	0.004055212	0.005064698	0.006026226	0.006916921	0.007724891	0.008446113	0.009081853	0.009636695
0.000530656	0.001196328	0.002058265	0.003034987	0.004055212	0.005064698	0.006026226	0.006916921	0.007724891	0.008446113	0.009081853	0.009636695
0.000530656	0.001196328	0.002058265	0.003034987	0.004055212	0.005064698	0.006026226	0.006916921	0.007724891	0.008446113	0.009081853	0.009636695
0.000530656	0.001196328	0.002058265	0.003034987	0.004055212	0.005064698	0.006026226	0.006916921	0.007724891	0.008446113	0.009081853	0.009636695
0.000530656	0.001196328	0.002058265	0.003034987	0.004055212	0.005064698	0.006026226	0.006916921	0.007724891	0.008446113	0.009081853	0.009636695
0.000530656	0.001196328	0.002058265	0.003034987	0.004055212	0.005064698	0.006026226	0.006916921	0.007724891	0.008446113	0.009081853	0.009636695
0.000530656	0.001196328	0.002058265	0.003034987	0.004055212	0.005064698	0.006026226	0.006916921	0.007724891	0.008446113	0.009081853	0.009636695
0.000530656	0.001196328	0.002058265	0.003034987	0.004055212	0.005064698	0.006026226	0.006916921	0.007724891	0.008446113	0.009081853	0.009636695
0.000530656	0.001196328	0.002058265	0.003034987	0.004055212	0.005064698	0.006026226	0.006916921	0.007724891	0.008446113	0.009081853	0.009636695

#nind
1
#ind_names																																	
survey_index1																																
#nobs_ind
30
#yrs_ind																																		
1	2	3	4	5	6	7	8	9	10	11	12	13	14	15	16	17	18	19	20	21	22	23	24	25	26	27	28	29	30	
#month_ind																																	
1																																						
#biom_ind																																		
1.61894992894813	1.87151489188311	1.56691955772849	1.35748860349694	1.39047624292958	1.75169169720831	1.42209653044198	1.60885176380062	1.25877392281017	1.04319679085961	1.15804724803687	0.989034963277952	1.10290332179742	1.02183120842021	0.881721338353118	0.933673123243347	0.775538829724742	0.848666882829288	0.772496700499845	0.701968501942811	0.691233167940117	0.591769400208481	0.657949272999944	0.540325628437428	0.566492703768343	0.532202158015425	0.516053238595252	0.505697351776889	0.630238448834469	0.471373240147438
#biom_cv																				
0.323789985789626	0.374302978376621	0.313383911545699	0.271497720699388	0.278095248585916	0.350338339441662	0.284419306088397	0.321770352760124	0.251754784562034	0.208639358171923	0.231609449607375	0.19780699265559	0.220580664359484	0.204366241684042	0.176344267670624	0.186734624648669	0.155107765944948	0.169733376565858	0.154499340099969	0.140393700388562	0.138246633588023	0.118353880041696	0.131589854599989	0.108065125687486	0.113298540753669	0.106440431603085	0.10321064771905	0.101139470355378	0.126047689766894	0.0942746480294876
#n_ages_ind																																	
30			
#n_lengths_ind																															
0																																						
#yrs_ages_ind																																
1	2	3	4	5	6	7	8	9	10	11	12	13	14	15	16	17	18	19	20	21	22	23	24	25	26	27	28	29	30																						
#sample_ages_ind																														
200	200	200	200	200	200	200	200	200	200	200	200	200	200	200	200	200	200	200	200	200	200	200	200	200	200	200	200	200	200
#page_ind																																		
0.055	0.14	0.15	0.11	0.12	0.06	0.05	0.05	0.04	0.045	0.015	0.165
0.065	0.175	0.155	0.1	0.085	0.085	0.05	0.025	0.055	0.04	0.02	0.145
0.065	0.16	0.13	0.155	0.07	0.065	0.085	0.04	0.03	0.03	0.03	0.14
0.05	0.115	0.195	0.135	0.105	0.09	0.045	0.06	0.025	0.025	0.015	0.14
0.085	0.08	0.14	0.19	0.12	0.055	0.055	0.04	0.025	0.035	0.025	0.15
0.065	0.205	0.115	0.08	0.125	0.07	0.075	0.075	0.02	0.02	0.02	0.13
0.07	0.14	0.24	0.095	0.105	0.085	0.045	0.035	0.045	0.015	0.01	0.115
0.09	0.125	0.17	0.15	0.07	0.08	0.095	0.035	0.03	0.01	0.04	0.105
0.055	0.165	0.15	0.175	0.105	0.07	0.075	0.065	0.015	0.01	0.01	0.105
0.08	0.11	0.195	0.135	0.115	0.11	0.05	0.045	0.055	0.01	0.01	0.085
0.1	0.16	0.18	0.14	0.07	0.105	0.06	0.025	0.035	0.03	0.025	0.07
0.085	0.175	0.2	0.115	0.15	0.05	0.07	0.055	0.015	0	0.015	0.07
0.085	0.155	0.205	0.165	0.12	0.08	0.035	0.02	0.03	0.02	0.035	0.05
0.085	0.18	0.175	0.195	0.095	0.075	0.045	0.02	0.055	0.01	0.005	0.06
0.09	0.21	0.165	0.14	0.13	0.065	0.035	0.055	0.025	0.025	0.02	0.04
0.12	0.17	0.165	0.14	0.08	0.105	0.04	0.045	0.035	0.02	0.03	0.05
0.08	0.22	0.165	0.165	0.065	0.08	0.055	0.065	0.035	0.015	0.025	0.03
0.065	0.22	0.185	0.17	0.095	0.075	0.03	0.025	0.03	0.025	0.025	0.055
0.1	0.225	0.22	0.175	0.07	0.065	0.045	0.015	0.02	0.01	0.02	0.035
0.075	0.23	0.18	0.155	0.1	0.06	0.065	0.035	0.015	0.045	0.005	0.035
0.125	0.13	0.225	0.175	0.095	0.055	0.045	0.04	0.025	0.03	0.005	0.05
0.09	0.315	0.155	0.205	0.05	0.09	0.045	0.02	0.01	0.01	0	0.01
0.115	0.29	0.235	0.095	0.1	0.04	0.04	0.05	0.01	0.005	0.01	0.01
0.085	0.28	0.22	0.16	0.075	0.07	0.035	0.02	0.015	0.02	0.005	0.015
0.145	0.205	0.215	0.17	0.095	0.055	0.06	0.015	0.015	0.005	0	0.02
0.11	0.285	0.215	0.165	0.095	0.06	0.02	0.025	0.005	0.015	0	0.005
0.165	0.17	0.22	0.115	0.14	0.075	0.055	0.03	0.015	0.01	0.005	0
0.15	0.28	0.16	0.195	0.07	0.035	0.03	0.025	0.015	0.01	0.01	0.02
0.19	0.305	0.19	0.115	0.085	0.03	0.03	0.02	0.02	0.01	0.005	0
0.105	0.3	0.245	0.165	0.07	0.065	0.01	0.01	0.02	0.005	0	0.005
#wt_age_ind																																	
1 1 1 1 1 1 1 1 1 1 1 1 
1 1 1 1 1 1 1 1 1 1 1 1 
1 1 1 1 1 1 1 1 1 1 1 1 
1 1 1 1 1 1 1 1 1 1 1 1 
1 1 1 1 1 1 1 1 1 1 1 1 
1 1 1 1 1 1 1 1 1 1 1 1 
1 1 1 1 1 1 1 1 1 1 1 1 
1 1 1 1 1 1 1 1 1 1 1 1 
1 1 1 1 1 1 1 1 1 1 1 1 
1 1 1 1 1 1 1 1 1 1 1 1 
1 1 1 1 1 1 1 1 1 1 1 1 
1 1 1 1 1 1 1 1 1 1 1 1 
1 1 1 1 1 1 1 1 1 1 1 1 
1 1 1 1 1 1 1 1 1 1 1 1 
1 1 1 1 1 1 1 1 1 1 1 1 
1 1 1 1 1 1 1 1 1 1 1 1 
1 1 1 1 1 1 1 1 1 1 1 1 
1 1 1 1 1 1 1 1 1 1 1 1 
1 1 1 1 1 1 1 1 1 1 1 1 
1 1 1 1 1 1 1 1 1 1 1 1 
1 1 1 1 1 1 1 1 1 1 1 1 
1 1 1 1 1 1 1 1 1 1 1 1 
1 1 1 1 1 1 1 1 1 1 1 1 
1 1 1 1 1 1 1 1 1 1 1 1 
1 1 1 1 1 1 1 1 1 1 1 1 
1 1 1 1 1 1 1 1 1 1 1 1 
1 1 1 1 1 1 1 1 1 1 1 1 
1 1 1 1 1 1 1 1 1 1 1 1 
1 1 1 1 1 1 1 1 1 1 1 1 
1 1 1 1 1 1 1 1 1 1 1 1 
# wt_pop
0.000530656	0.001196328	0.002058265	0.003034987	0.004055212	0.005064698	0.006026226	0.006916921	0.007724891	0.008446113	0.009081853	0.009636695
#maturity
0.02297737 0.32082130 0.90465054 0.99477987 0.99973881 0.99998699 0.99999935 0.99999997 1 1 1 1
#spmonth																																		
1		
#age_err																																		
1	0	0	0	0	0	0	0	0	0	0	0
0	1	0	0	0	0	0	0	0	0	0	0
0	0	1	0	0	0	0	0	0	0	0	0
0	0	0	1	0	0	0	0	0	0	0	0
0	0	0	0	1	0	0	0	0	0	0	0
0	0	0	0	0	1	0	0	0	0	0	0
0	0	0	0	0	0	1	0	0	0	0	0
0	0	0	0	0	0	0	1	0	0	0	0
0	0	0	0	0	0	0	0	1	0	0	0
0	0	0	0	0	0	0	0	0	1	0	0
0	0	0	0	0	0	0	0	0	0	1	0
0	0	0	0	0	0	0	0	0	0	0	1																														
