# Number of parameters = 73  Objective function value = 26402.1  Maximum gradient component = 0.00261282
# sel_params[1]:
2.00000000000
# sel_params[2]:
1.00000000000
# log_Fmult_year1:
 -4.64907527617
# log_Fmult_devs:
 1.06843211565 0.501661070853 0.302923534134 -0.229985603790 0.596801990397 0.00569631548190 0.743037434648 -0.540870388556 0.211712611359 0.116237670007 0.0787814464083 -0.320380329252 0.389182203308 0.0586749731875 -0.109757729978 0.668597855008 -0.204330871311 -0.00991178846949 -0.00836157167973 0.317759543462 -0.321475081405 0.494258216907 -0.202996994442 -0.0284096533784 -0.0965259005314 -0.0268424785189 0.303476059927 -0.291332551064 0.381393932586
# log_recruit_devs:
 -0.0275776769131 0.163379100150 -0.0136626576275 -0.202159511396 0.325779030821 0.195299593572 -0.0877725407249 0.165412801900 -0.0419271200720 0.0146064571527 0.000558288964505 -0.141099110080 -0.0867070003676 0.0770453591794 -0.0720176169062 0.109115607347 0.0762261541132 -0.211588002920 -0.102899428784 -0.274331512219 0.150301636990 0.167588268534 -0.113277393475 -0.208009640000 0.0881765703425 -0.221644960711 -0.0462771473437 0.153334695391 0.205582985844 -0.0414552307628
# log_N_year1_devs:
 0.0700493225834 -0.127815920727 0.00952321286558 -0.00179381037054 -0.122226733830 0.00481447647732 0.124220142563 -0.231460850161 -0.0315875582656 -0.0727863038058 -0.171734197205
# log_q_year1:
 -7.99347316952
# log_q_devs:
 0.00000000000 0.00000000000 0.00000000000 0.00000000000 0.00000000000 0.00000000000 0.00000000000 0.00000000000 0.00000000000 0.00000000000 0.00000000000 0.00000000000 0.00000000000 0.00000000000 0.00000000000 0.00000000000 0.00000000000 0.00000000000 0.00000000000 0.00000000000 0.00000000000 0.00000000000 0.00000000000 0.00000000000 0.00000000000 0.00000000000 0.00000000000 0.00000000000 0.00000000000
# index_sel_params[1]:
1.50000000000
# index_sel_params[2]:
0.500000000000
# log_SR_scaler:
6.92716544860
# SR_steepness:
0.750000000000
