#styr																																				
1
#endyr																																			
30
#rec_age																																	
1																																						#n_ages																																		
12
# numbers of length intervals
81
#Length	bin
10	11	12	13	14	15	16	17	18	19	20	21	22	23	24	25	26	27	28	29	30	31	32	33	34	35	36	37	38	39	40	41	42	43	44	45	46	47	48	49	50	51	52	53	54	55	56	57	58	59	60	61	62	63	64	65	66	67	68	69	70	71	72	73	74	75	76	77	78	79	80	81	82	83	84	85	86	87	88	89	90
#nfsh
1
#names_fsh
OM1																																				
#catch																																			
160.954189154909	466.523581112732	766.484257538526	996.921660593944	766.857570343767	1315.15666139074	1287.25968626443	2475.58872208842	1325.84928303179	1520.74915529042	1638.90351812234	1606.8832697055	1109.06568117013	1535.72783154902	1500.92808336401	1270.51818263674	2246.22543190032	1605.26558298098	1457.89145308553	1305.11767781593	1627.10668194216	1084.77022234747	1625.30797857107	1199.50368610012	1119.01716389697	971.92466529191	927.077570672845	1217.97639925495	878.322184338316	1268.43450971219
#catch_cv																																		
0.01	0.01	0.01	0.01	0.01	0.01	0.01	0.01	0.01	0.01	0.01	0.01	0.01	0.01	0.01	0.01	0.01	0.01	0.01	0.01	0.01	0.01	0.01	0.01	0.01	0.01	0.01	0.01	0.01	0.01
#n_ages_fsh																															
30																			
#n_lengths_fsh																															
0																																						
#yrs_ages_fsh																																
1	2	3	4	5	6	7	8	9	10	11	12	13	14	15	16	17	18	19	20	21	22	23	24	25	26	27	28	29	30						
#sample_ages_fsh																														
200	200	200	200	200	200	200	200	200	200	200	200	200	200	200	200	200	200	200	200	200	200	200	200	200	200	200	200	200	200
#page_fsh	2	3	4	5	6	7	8	9	10	11																						
0.085	0.085	0.14	0.11	0.1	0.15	0.05	0.08	0.045	0.025	0.025	0.105
0.105	0.05	0.125	0.09	0.13	0.115	0.09	0.045	0.045	0.045	0.025	0.135
0.055	0.125	0.155	0.13	0.075	0.095	0.06	0.045	0.085	0.035	0.025	0.115
0.075	0.14	0.18	0.105	0.11	0.085	0.055	0.07	0.015	0.02	0.035	0.11
0.105	0.08	0.12	0.14	0.095	0.085	0.06	0.06	0.02	0.04	0.065	0.13
0.09	0.16	0.095	0.12	0.115	0.06	0.075	0.06	0.06	0.02	0.015	0.13
0.075	0.17	0.185	0.11	0.07	0.095	0.05	0.05	0.05	0.025	0.03	0.09
0.05	0.145	0.175	0.13	0.105	0.055	0.1	0.05	0.035	0.02	0.025	0.11
0.055	0.185	0.15	0.145	0.14	0.08	0.035	0.035	0.035	0.03	0.02	0.09
0.14	0.125	0.14	0.135	0.08	0.085	0.055	0.04	0.045	0.015	0.03	0.11
0.105	0.16	0.145	0.13	0.085	0.1	0.105	0.04	0.025	0.035	0.015	0.055
0.095	0.185	0.125	0.125	0.095	0.055	0.085	0.055	0.03	0.025	0.045	0.08
0.085	0.13	0.155	0.17	0.06	0.145	0.075	0.04	0.035	0.035	0.005	0.065
0.095	0.135	0.135	0.16	0.135	0.065	0.055	0.045	0.05	0.025	0.025	0.075
0.095	0.15	0.195	0.135	0.075	0.085	0.035	0.09	0.02	0.025	0.045	0.05
0.1	0.15	0.17	0.13	0.105	0.135	0.04	0.05	0.03	0.01	0.015	0.065
0.145	0.15	0.165	0.17	0.095	0.065	0.06	0.075	0.015	0.02	0.015	0.025
0.115	0.165	0.21	0.13	0.085	0.065	0.05	0.05	0.03	0.015	0.025	0.06
0.11	0.18	0.205	0.16	0.115	0.045	0.03	0.025	0.03	0.025	0.015	0.06
0.11	0.215	0.13	0.175	0.09	0.105	0.055	0.05	0.035	0.01	0.005	0.02
0.15	0.145	0.22	0.085	0.14	0.08	0.06	0.025	0.03	0.01	0.015	0.04
0.185	0.21	0.175	0.145	0.105	0.06	0.045	0.015	0.03	0.005	0.005	0.02
0.125	0.175	0.27	0.1	0.11	0.08	0.04	0.03	0.015	0.04	0	0.015
0.1	0.18	0.24	0.22	0.085	0.05	0.03	0.025	0.03	0.005	0.025	0.01
0.16	0.19	0.16	0.165	0.18	0.045	0.035	0.03	0.01	0.01	0.005	0.01
0.1	0.225	0.175	0.155	0.135	0.12	0.04	0.01	0.01	0.005	0.01	0.015
0.16	0.185	0.235	0.16	0.055	0.07	0.06	0.02	0.025	0	0.02	0.01
0.175	0.135	0.175	0.185	0.13	0.08	0.055	0.025	0.01	0.015	0.005	0.01
0.2	0.3	0.145	0.065	0.125	0.07	0.035	0.035	0.005	0.005	0.005	0.01
0.16	0.285	0.205	0.12	0.06	0.085	0.03	0.01	0.005	0.015	0.01	0.015
#wt_age_fsh	1 2	3	4	5	6	7	8	9	10	11																				
0.000530656	0.001196328	0.002058265	0.003034987	0.004055212	0.005064698	0.006026226	0.006916921	0.007724891	0.008446113	0.009081853	0.009636695
0.000530656	0.001196328	0.002058265	0.003034987	0.004055212	0.005064698	0.006026226	0.006916921	0.007724891	0.008446113	0.009081853	0.009636695
0.000530656	0.001196328	0.002058265	0.003034987	0.004055212	0.005064698	0.006026226	0.006916921	0.007724891	0.008446113	0.009081853	0.009636695
0.000530656	0.001196328	0.002058265	0.003034987	0.004055212	0.005064698	0.006026226	0.006916921	0.007724891	0.008446113	0.009081853	0.009636695
0.000530656	0.001196328	0.002058265	0.003034987	0.004055212	0.005064698	0.006026226	0.006916921	0.007724891	0.008446113	0.009081853	0.009636695
0.000530656	0.001196328	0.002058265	0.003034987	0.004055212	0.005064698	0.006026226	0.006916921	0.007724891	0.008446113	0.009081853	0.009636695
0.000530656	0.001196328	0.002058265	0.003034987	0.004055212	0.005064698	0.006026226	0.006916921	0.007724891	0.008446113	0.009081853	0.009636695
0.000530656	0.001196328	0.002058265	0.003034987	0.004055212	0.005064698	0.006026226	0.006916921	0.007724891	0.008446113	0.009081853	0.009636695
0.000530656	0.001196328	0.002058265	0.003034987	0.004055212	0.005064698	0.006026226	0.006916921	0.007724891	0.008446113	0.009081853	0.009636695
0.000530656	0.001196328	0.002058265	0.003034987	0.004055212	0.005064698	0.006026226	0.006916921	0.007724891	0.008446113	0.009081853	0.009636695
0.000530656	0.001196328	0.002058265	0.003034987	0.004055212	0.005064698	0.006026226	0.006916921	0.007724891	0.008446113	0.009081853	0.009636695
0.000530656	0.001196328	0.002058265	0.003034987	0.004055212	0.005064698	0.006026226	0.006916921	0.007724891	0.008446113	0.009081853	0.009636695
0.000530656	0.001196328	0.002058265	0.003034987	0.004055212	0.005064698	0.006026226	0.006916921	0.007724891	0.008446113	0.009081853	0.009636695
0.000530656	0.001196328	0.002058265	0.003034987	0.004055212	0.005064698	0.006026226	0.006916921	0.007724891	0.008446113	0.009081853	0.009636695
0.000530656	0.001196328	0.002058265	0.003034987	0.004055212	0.005064698	0.006026226	0.006916921	0.007724891	0.008446113	0.009081853	0.009636695
0.000530656	0.001196328	0.002058265	0.003034987	0.004055212	0.005064698	0.006026226	0.006916921	0.007724891	0.008446113	0.009081853	0.009636695
0.000530656	0.001196328	0.002058265	0.003034987	0.004055212	0.005064698	0.006026226	0.006916921	0.007724891	0.008446113	0.009081853	0.009636695
0.000530656	0.001196328	0.002058265	0.003034987	0.004055212	0.005064698	0.006026226	0.006916921	0.007724891	0.008446113	0.009081853	0.009636695
0.000530656	0.001196328	0.002058265	0.003034987	0.004055212	0.005064698	0.006026226	0.006916921	0.007724891	0.008446113	0.009081853	0.009636695
0.000530656	0.001196328	0.002058265	0.003034987	0.004055212	0.005064698	0.006026226	0.006916921	0.007724891	0.008446113	0.009081853	0.009636695
0.000530656	0.001196328	0.002058265	0.003034987	0.004055212	0.005064698	0.006026226	0.006916921	0.007724891	0.008446113	0.009081853	0.009636695
0.000530656	0.001196328	0.002058265	0.003034987	0.004055212	0.005064698	0.006026226	0.006916921	0.007724891	0.008446113	0.009081853	0.009636695
0.000530656	0.001196328	0.002058265	0.003034987	0.004055212	0.005064698	0.006026226	0.006916921	0.007724891	0.008446113	0.009081853	0.009636695
0.000530656	0.001196328	0.002058265	0.003034987	0.004055212	0.005064698	0.006026226	0.006916921	0.007724891	0.008446113	0.009081853	0.009636695
0.000530656	0.001196328	0.002058265	0.003034987	0.004055212	0.005064698	0.006026226	0.006916921	0.007724891	0.008446113	0.009081853	0.009636695
0.000530656	0.001196328	0.002058265	0.003034987	0.004055212	0.005064698	0.006026226	0.006916921	0.007724891	0.008446113	0.009081853	0.009636695
0.000530656	0.001196328	0.002058265	0.003034987	0.004055212	0.005064698	0.006026226	0.006916921	0.007724891	0.008446113	0.009081853	0.009636695
0.000530656	0.001196328	0.002058265	0.003034987	0.004055212	0.005064698	0.006026226	0.006916921	0.007724891	0.008446113	0.009081853	0.009636695
0.000530656	0.001196328	0.002058265	0.003034987	0.004055212	0.005064698	0.006026226	0.006916921	0.007724891	0.008446113	0.009081853	0.009636695
0.000530656	0.001196328	0.002058265	0.003034987	0.004055212	0.005064698	0.006026226	0.006916921	0.007724891	0.008446113	0.009081853	0.009636695

#nind
1
#ind_names																																	
survey_index1																																
#nobs_ind
30
#yrs_ind																																		
1	2	3	4	5	6	7	8	9	10	11	12	13	14	15	16	17	18	19	20	21	22	23	24	25	26	27	28	29	30	
#month_ind																																	
1																																						
#biom_ind																																		
1.42452677438209	1.45764705869911	1.36021859093152	1.95884992050886	1.22123974333711	1.34903307765668	1.18234239938179	1.43299509864682	1.3843342950485	1.18458230373372	1.18199900617936	1.09451424618482	1.10682911218417	1.04554157663876	1.02479345329319	0.857120092561148	0.946585086208751	0.933156638129892	0.736505119975	0.761707995231785	0.826140463511149	0.712782548022507	0.760190278365496	0.649902717260216	0.515470144792483	0.554695875220328	0.590236471498477	0.538226832783278	0.592865412795967	0.493196150663952
#biom_cv																				
0.284905354876418	0.291529411739821	0.272043718186305	0.391769984101771	0.244247948667421	0.269806615531336	0.236468479876357	0.286599019729364	0.276866859009699	0.236916460746744	0.236399801235873	0.218902849236963	0.221365822436835	0.209108315327751	0.204958690658638	0.17142401851223	0.18931701724175	0.186631327625978	0.147301023995	0.152341599046357	0.16522809270223	0.142556509604501	0.152038055673099	0.129980543452043	0.103094028958497	0.110939175044066	0.118047294299695	0.107645366556656	0.118573082559193	0.0986392301327903
#n_ages_ind																																	
30			
#n_lengths_ind																															
0																																						
#yrs_ages_ind																																
1	2	3	4	5	6	7	8	9	10	11	12	13	14	15	16	17	18	19	20	21	22	23	24	25	26	27	28	29	30																						
#sample_ages_ind																														
200	200	200	200	200	200	200	200	200	200	200	200	200	200	200	200	200	200	200	200	200	200	200	200	200	200	200	200	200	200
#page_ind																																		
0.06	0.095	0.155	0.095	0.075	0.1	0.1	0.075	0.035	0.05	0.015	0.145
0.07	0.125	0.19	0.13	0.075	0.085	0.1	0.045	0.04	0.04	0.015	0.085
0.035	0.145	0.17	0.155	0.1	0.115	0.04	0.03	0.035	0.045	0.045	0.085
0.055	0.115	0.185	0.16	0.1	0.045	0.065	0.06	0.04	0.04	0.03	0.105
0.05	0.14	0.14	0.13	0.105	0.05	0.045	0.08	0.035	0.045	0.03	0.15
0.095	0.21	0.115	0.075	0.12	0.085	0.045	0.045	0.04	0.035	0.03	0.105
0.075	0.14	0.2	0.1	0.105	0.095	0.07	0.03	0.045	0.03	0.01	0.1
0.075	0.135	0.23	0.12	0.095	0.05	0.075	0.035	0.035	0.035	0.03	0.085
0.055	0.12	0.16	0.2	0.155	0.03	0.05	0.015	0.04	0.03	0.02	0.125
0.1	0.17	0.19	0.13	0.12	0.085	0.015	0.035	0.035	0.025	0.025	0.07
0.105	0.14	0.11	0.12	0.105	0.095	0.105	0.03	0.04	0.045	0.02	0.085
0.095	0.195	0.16	0.135	0.1	0.06	0.035	0.08	0.02	0.03	0.02	0.07
0.095	0.145	0.195	0.155	0.075	0.105	0.1	0.04	0.02	0.01	0.01	0.05
0.095	0.2	0.155	0.185	0.11	0.04	0.05	0.02	0.035	0.02	0.01	0.08
0.08	0.195	0.17	0.14	0.115	0.08	0.05	0.035	0.05	0.035	0	0.05
0.075	0.135	0.19	0.125	0.12	0.09	0.075	0.05	0.05	0.015	0.02	0.055
0.075	0.195	0.175	0.13	0.115	0.1	0.065	0.045	0.025	0.025	0.015	0.035
0.07	0.205	0.23	0.165	0.105	0.06	0.045	0.03	0.03	0.015	0.005	0.04
0.115	0.135	0.2	0.21	0.06	0.12	0.065	0.025	0.01	0.015	0	0.045
0.09	0.2	0.165	0.175	0.15	0.03	0.045	0.025	0.005	0.02	0.03	0.065
0.155	0.2	0.245	0.145	0.105	0.06	0.015	0.02	0.015	0.01	0.01	0.02
0.115	0.33	0.16	0.155	0.085	0.045	0.025	0.015	0.015	0.005	0.015	0.035
0.09	0.305	0.22	0.095	0.045	0.07	0.065	0.02	0.03	0.01	0.005	0.045
0.075	0.23	0.33	0.18	0.09	0.01	0.03	0.01	0.025	0.005	0.005	0.01
0.105	0.265	0.23	0.17	0.08	0.075	0.035	0.005	0.01	0.01	0.005	0.01
0.075	0.285	0.185	0.16	0.12	0.08	0.035	0.03	0.02	0.005	0	0.005
0.1	0.24	0.275	0.14	0.09	0.07	0.04	0.005	0.015	0.01	0.005	0.01
0.135	0.265	0.17	0.195	0.09	0.06	0.025	0.005	0.03	0.01	0	0.015
0.17	0.29	0.215	0.09	0.105	0.055	0.025	0.04	0	0.005	0.005	0
0.115	0.31	0.235	0.145	0.06	0.035	0.03	0.03	0.005	0.01	0.005	0.02
#wt_age_ind																																	
1 1 1 1 1 1 1 1 1 1 1 1 
1 1 1 1 1 1 1 1 1 1 1 1 
1 1 1 1 1 1 1 1 1 1 1 1 
1 1 1 1 1 1 1 1 1 1 1 1 
1 1 1 1 1 1 1 1 1 1 1 1 
1 1 1 1 1 1 1 1 1 1 1 1 
1 1 1 1 1 1 1 1 1 1 1 1 
1 1 1 1 1 1 1 1 1 1 1 1 
1 1 1 1 1 1 1 1 1 1 1 1 
1 1 1 1 1 1 1 1 1 1 1 1 
1 1 1 1 1 1 1 1 1 1 1 1 
1 1 1 1 1 1 1 1 1 1 1 1 
1 1 1 1 1 1 1 1 1 1 1 1 
1 1 1 1 1 1 1 1 1 1 1 1 
1 1 1 1 1 1 1 1 1 1 1 1 
1 1 1 1 1 1 1 1 1 1 1 1 
1 1 1 1 1 1 1 1 1 1 1 1 
1 1 1 1 1 1 1 1 1 1 1 1 
1 1 1 1 1 1 1 1 1 1 1 1 
1 1 1 1 1 1 1 1 1 1 1 1 
1 1 1 1 1 1 1 1 1 1 1 1 
1 1 1 1 1 1 1 1 1 1 1 1 
1 1 1 1 1 1 1 1 1 1 1 1 
1 1 1 1 1 1 1 1 1 1 1 1 
1 1 1 1 1 1 1 1 1 1 1 1 
1 1 1 1 1 1 1 1 1 1 1 1 
1 1 1 1 1 1 1 1 1 1 1 1 
1 1 1 1 1 1 1 1 1 1 1 1 
1 1 1 1 1 1 1 1 1 1 1 1 
1 1 1 1 1 1 1 1 1 1 1 1 
# wt_pop
0.000530656	0.001196328	0.002058265	0.003034987	0.004055212	0.005064698	0.006026226	0.006916921	0.007724891	0.008446113	0.009081853	0.009636695
#maturity
0.02297737 0.32082130 0.90465054 0.99477987 0.99973881 0.99998699 0.99999935 0.99999997 1 1 1 1
#spmonth																																		
1		
#age_err																																		
1	0	0	0	0	0	0	0	0	0	0	0
0	1	0	0	0	0	0	0	0	0	0	0
0	0	1	0	0	0	0	0	0	0	0	0
0	0	0	1	0	0	0	0	0	0	0	0
0	0	0	0	1	0	0	0	0	0	0	0
0	0	0	0	0	1	0	0	0	0	0	0
0	0	0	0	0	0	1	0	0	0	0	0
0	0	0	0	0	0	0	1	0	0	0	0
0	0	0	0	0	0	0	0	1	0	0	0
0	0	0	0	0	0	0	0	0	1	0	0
0	0	0	0	0	0	0	0	0	0	1	0
0	0	0	0	0	0	0	0	0	0	0	1																														
