# Number of parameters = 73  Objective function value = 26225.0  Maximum gradient component = 0.00773684
# sel_params[1]:
2.00000000000
# sel_params[2]:
1.00000000000
# log_Fmult_year1:
 -4.68307162852
# log_Fmult_devs:
 1.07137722370 0.522257130197 0.297930560562 -0.229879515361 0.582354754144 0.0119488608261 0.752448279725 -0.531981814065 0.203572684563 0.128710117733 0.0866085991506 -0.319122230957 0.372220674543 0.0683594521255 -0.102612588817 0.693806981430 -0.198358537815 -0.0114631730330 -0.0112010977524 0.332792205767 -0.305251096376 0.511477955365 -0.182687234627 5.79068315929e-005 -0.0829299721976 -0.0299026795226 0.325410490777 -0.273519872554 0.428049812151
# log_recruit_devs:
 0.0295346019010 0.289929130677 -0.0794173117809 -0.196284000906 0.359838524665 0.124490436670 -0.0248475550438 0.0654813805559 -0.0954892295752 0.0705478655156 0.0598194560018 -0.126536126387 -0.0962458892384 0.00637232047476 -0.116444021240 0.0659833793477 0.198694050478 -0.208735504066 -0.101371409889 -0.328548844844 0.0672732477230 0.0493006830835 0.0453468463179 -0.189861156931 0.0713618365246 -0.195665031988 -0.0366575682420 0.106634751433 0.208699708526 -0.0232045697632
# log_N_year1_devs:
 0.0214492484756 -0.0320470664876 -0.111217318118 -0.0367888693242 0.0944664264309 -0.263860377391 -0.0335684401975 -0.231191905076 -0.229792825855 0.0939757179436 0.00545037716118
# log_q_year1:
 -7.93765293632
# log_q_devs:
 0.00000000000 0.00000000000 0.00000000000 0.00000000000 0.00000000000 0.00000000000 0.00000000000 0.00000000000 0.00000000000 0.00000000000 0.00000000000 0.00000000000 0.00000000000 0.00000000000 0.00000000000 0.00000000000 0.00000000000 0.00000000000 0.00000000000 0.00000000000 0.00000000000 0.00000000000 0.00000000000 0.00000000000 0.00000000000 0.00000000000 0.00000000000 0.00000000000 0.00000000000
# index_sel_params[1]:
1.50000000000
# index_sel_params[2]:
0.500000000000
# log_SR_scaler:
6.91535671169
# SR_steepness:
0.750000000000
