#######GENERAL HEADER INPUT#######
1
30
1
30
1
30
30
12
1	2	3	4	5	6	7	8	9	10	11	12
12
1	2	3	4	5	6	7	8	9	10	11	12
1
1001
1
1
#######SURVEY DATA#######
30
1	2	3	4	5	6	7	8	9	10	11	12	13	14	15	16	17	18	19	20	21	22	23	24	25	26	27	28	29	30
1.37474331255068	1.04233747402051	1.3311973249798	1.21475054239353	1.15705352359212	1.06758917355156	1.23263648907081	1.10313894558957	1.20565887210258	1.0843927647289	1.18468618040216	1.00081071304716	0.980893543331212	0.981589031498689	1.07667318685579	1.12049854414873	1.03544184132614	0.909847139859366	0.891760199402295	0.86265156396856	1.06401527940436	0.709072491766981	0.788127572229039	0.877010502887515	0.709728525508939	0.926866939781814	0.782805312889771	0.990418938398907	0.858606966833258	0.869442226331209
0.2	0.2	0.2	0.2	0.2	0.2	0.2	0.2	0.2	0.2	0.2	0.2	0.2	0.2	0.2	0.2	0.2	0.2	0.2	0.2	0.2	0.2	0.2	0.2	0.2	0.2	0.2	0.2	0.2	0.2
30
1	2	3	4	5	6	7	8	9	10	11	12	13	14	15	16	17	18	19	20	21	22	23	24	25	26	27	28	29	30
200	200	200	200	200	200	200	200	200	200	200	200	200	200	200	200	200	200	200	200	200	200	200	200	200	200	200	200	200	200
200	200	200	200	200	200	200	200	200	200	200	200	200	200	200	200	200	200	200	200	200	200	200	200	200	200	200	200	200	200
0.045	0.105	0.215	0.095	0.12	0.08	0.06	0.06	0.075	0.035	0.02	0.09
0.06	0.19	0.18	0.085	0.105	0.075	0.065	0.04	0.035	0.01	0.035	0.12
0.045	0.13	0.165	0.11	0.085	0.085	0.08	0.06	0.025	0.06	0.02	0.135
0.04	0.13	0.15	0.155	0.065	0.085	0.09	0.085	0.045	0.04	0.02	0.095
0.07	0.07	0.21	0.155	0.1	0.095	0.06	0.015	0.03	0.035	0.015	0.145
0.075	0.155	0.135	0.09	0.075	0.095	0.065	0.045	0.04	0.055	0.035	0.135
0.06	0.165	0.13	0.12	0.13	0.065	0.09	0.035	0.045	0.02	0.03	0.11
0.055	0.205	0.135	0.125	0.065	0.08	0.06	0.015	0.035	0.035	0.03	0.16
0.055	0.105	0.17	0.125	0.16	0.075	0.05	0.06	0.035	0.035	0.025	0.105
0.09	0.115	0.195	0.1	0.11	0.105	0.025	0.045	0.07	0.015	0.02	0.11
0.065	0.23	0.115	0.17	0.115	0.035	0.05	0.03	0.03	0.025	0.02	0.115
0.12	0.12	0.195	0.125	0.095	0.055	0.085	0.055	0.02	0.02	0.025	0.085
0.08	0.14	0.14	0.145	0.09	0.105	0.075	0.035	0.05	0.025	0.03	0.085
0.08	0.135	0.245	0.11	0.13	0.08	0.06	0.04	0.04	0.015	0.015	0.05
0.055	0.215	0.135	0.15	0.07	0.055	0.07	0.04	0.045	0.05	0.02	0.095
0.09	0.185	0.15	0.135	0.165	0.055	0.08	0.025	0.02	0.015	0.005	0.075
0.045	0.165	0.155	0.145	0.1	0.125	0.09	0.08	0.015	0.015	0.005	0.06
0.08	0.12	0.2	0.165	0.105	0.065	0.065	0.04	0.025	0.045	0.04	0.05
0.06	0.14	0.15	0.14	0.135	0.105	0.075	0.05	0.02	0.025	0.02	0.08
0.09	0.135	0.145	0.125	0.095	0.095	0.07	0.08	0.045	0.05	0.03	0.04
0.065	0.195	0.18	0.105	0.11	0.09	0.06	0.07	0.02	0.02	0.02	0.065
0.075	0.15	0.19	0.185	0.07	0.09	0.07	0.025	0.035	0.01	0.015	0.085
0.05	0.23	0.17	0.115	0.09	0.09	0.03	0.06	0.04	0.02	0.01	0.095
0.065	0.145	0.195	0.11	0.12	0.1	0.04	0.045	0.025	0.035	0.02	0.1
0.11	0.15	0.15	0.15	0.15	0.105	0.045	0.025	0.02	0.03	0.015	0.05
0.075	0.215	0.16	0.075	0.12	0.08	0.07	0.04	0.02	0.015	0.045	0.085
0.105	0.14	0.2	0.1	0.095	0.085	0.025	0.035	0.035	0.05	0.015	0.115
0.05	0.18	0.165	0.18	0.08	0.07	0.06	0.05	0.02	0.025	0.045	0.075
0.05	0.125	0.17	0.185	0.145	0.065	0.07	0.06	0.045	0.01	0.03	0.045
0.07	0.18	0.065	0.205	0.115	0.12	0.05	0.025	0.04	0.03	0.015	0.085
#######LANDINGS DATA#######
1
30
161.18493645664	200.87823956983	211.485667242917	209.346521158047	131.694866835793	1502.01700467255	1213.98879886734	2047.68118767559	992.172380642243	1060.84615067727	1045.72249449123	1009.55148602039	671.790887665815	895.112511497168	893.556678202055	750.384021533218	1370.18954007497	1024.07594310959	937.495903237048	859.284165636152	1099.31353283381	756.123055679342	1175.92749945863	887.308375093732	828.257002591151	738.627091616433	706.089813848341	953.698515655882	699.99865693465	1020.92060189691
0.01	0.01	0.01	0.01	0.01	0.01	0.01	0.01	0.01	0.01	0.01	0.01	0.01	0.01	0.01	0.01	0.01	0.01	0.01	0.01	0.01	0.01	0.01	0.01	0.01	0.01	0.01	0.01	0.01	0.01
30
1	2	3	4	5	6	7	8	9	10	11	12	13	14	15	16	17	18	19	20	21	22	23	24	25	26	27	28	29	30
200	200	200	200	200	200	200	200	200	200	200	200	200	200	200	200	200	200	200	200	200	200	200	200	200	200	200	200	200	200
200	200	200	200	200	200	200	200	200	200	200	200	200	200	200	200	200	200	200	200	200	200	200	200	200	200	200	200	200	200
0.08	0.13	0.14	0.16	0.11	0.085	0.065	0.03	0.05	0.04	0.015	0.095
0.075	0.095	0.1	0.12	0.11	0.105	0.105	0.06	0.065	0.025	0.04	0.1
0.095	0.08	0.135	0.11	0.08	0.07	0.085	0.065	0.04	0.045	0.04	0.155
0.055	0.1	0.075	0.11	0.105	0.12	0.075	0.085	0.04	0.05	0.03	0.155
0.085	0.1	0.105	0.145	0.12	0.07	0.075	0.08	0.04	0.045	0.035	0.1
0.08	0.09	0.13	0.195	0.1	0.065	0.055	0.035	0.065	0.045	0.015	0.125
0.075	0.08	0.16	0.09	0.1	0.085	0.105	0.055	0.025	0.035	0.05	0.14
0.08	0.1	0.165	0.15	0.055	0.075	0.075	0.065	0.025	0.04	0.035	0.135
0.11	0.1	0.115	0.125	0.085	0.06	0.06	0.09	0.055	0.03	0.025	0.145
0.07	0.075	0.13	0.125	0.085	0.135	0.05	0.065	0.055	0.05	0.03	0.13
0.065	0.165	0.135	0.13	0.11	0.07	0.05	0.05	0.04	0.03	0.02	0.135
0.095	0.115	0.225	0.09	0.12	0.07	0.04	0.07	0.02	0.045	0.015	0.095
0.085	0.23	0.16	0.14	0.055	0.085	0.05	0.045	0.03	0.03	0.02	0.07
0.095	0.125	0.15	0.16	0.075	0.105	0.065	0.07	0.035	0.06	0	0.06
0.135	0.115	0.135	0.135	0.115	0.1	0.075	0.065	0.02	0.03	0.02	0.055
0.11	0.125	0.165	0.09	0.155	0.06	0.09	0.05	0.03	0.03	0.01	0.085
0.055	0.135	0.12	0.185	0.055	0.075	0.08	0.095	0.05	0.045	0.015	0.09
0.05	0.135	0.09	0.135	0.145	0.1	0.045	0.035	0.04	0.04	0.065	0.12
0.065	0.105	0.15	0.125	0.165	0.12	0.075	0.06	0.035	0.02	0.025	0.055
0.09	0.085	0.115	0.125	0.16	0.085	0.095	0.055	0.075	0.005	0.045	0.065
0.08	0.165	0.165	0.115	0.055	0.07	0.1	0.065	0.04	0.025	0.025	0.095
0.1	0.15	0.17	0.145	0.105	0.085	0.055	0.055	0.04	0.005	0.035	0.055
0.045	0.13	0.18	0.155	0.1	0.075	0.095	0.055	0.03	0.04	0.01	0.085
0.095	0.1	0.18	0.14	0.14	0.07	0.085	0.025	0.045	0.035	0.015	0.07
0.12	0.13	0.095	0.16	0.13	0.11	0.035	0.045	0.03	0.035	0.025	0.085
0.115	0.145	0.155	0.095	0.14	0.085	0.065	0.05	0.03	0.035	0.025	0.06
0.11	0.135	0.18	0.095	0.055	0.125	0.04	0.065	0.035	0.025	0.01	0.125
0.065	0.16	0.155	0.205	0.1	0.07	0.07	0.05	0.035	0.005	0.035	0.05
0.09	0.05	0.25	0.165	0.135	0.035	0.07	0.065	0.04	0.015	0.005	0.08
0.055	0.13	0.105	0.155	0.16	0.115	0.035	0.05	0.02	0.05	0.05	0.075
#######PARAMETER SECTION#######
800	400	1200	-4	800	-0.25	1
0.18	0.01	1	-4	0.18	-0.25	1
-1.36	-5	-0.001	-4	-1.36	-0.25	1
0.1	0.05	0.3	-4	0.1	-0.25	1
0.2	0.01	0.5	-4	0.2	-0.25	1
0.75	0.20001	1	-3	0.75	-0.25	1
13.815511	-1	200	1	13.815511	-0.25	1
0	-1	1	-4	0	-0.25	1
0.2	1e-04	1.2	-3	0.2	-0.25	1
0	-10	10	-6	0	-1	1
0	-10	10	-6	0	-1	1
2	0	12	2	2	-0.5	1
1	0	12	2	1	-0.5	1
2	0	12	-2	2	-0.5	1
1	0	12	-2	1	-0.5	1
1.5	0	12	2	1.5	-0.5	1
2	0	12	2	2	-0.5	1
-15.1118808503708	-30	5	1	-15.1118808503708	-1	1
1	0.1	2	-1	1	-1	1
-2.61085514330432	-10	1.39	1	-2.61085514330432	-1	1
#######DEV CONSTRAINTS and DEVS#######
-15	15	2
-15	15	2
-15	15	2
0	0	0	0	0	0	0	0	0	0	0	0	0	0	0	0	0	0	0	0	0	0	0	0	0	0	0	0	0	0
0	0	0	0	0	0	0	0	0	0	0	0	0	0	0	0	0	0	0	0	0	0	0	0	0	0	0	0	0	0
0	0	0	0	0	0	0	0	0	0	0
#######LIKELIHOOD WEIGHTS#######
1
1
1
1
0
1
0
0
0
#######MISCELLANEOUS STUFF SECTION#######
2.5e-08
3
0.5	0.5	0.5	0.5	0.5	0.5	0.5	0.5	0.5	0.5	0.5	0.5
0.0229773699100256	0.320821300824607	0.904650535100891	0.994779874306442	0.999738809680904	0.999986992871533	0.999999352405202	0.999999967758134	0.999999998394772	0.99999999992008	0.999999999996021	0.999999999999802
0.2	0.2	0.2	0.2	0.2	0.2	0.2	0.2	0.2	0.2	0.2	0.2
0
1
10
0.2
1
1	0	0	0	0	0	0	0	0	0	0	0
0	1	0	0	0	0	0	0	0	0	0	0
0	0	1	0	0	0	0	0	0	0	0	0
0	0	0	1	0	0	0	0	0	0	0	0
0	0	0	0	1	0	0	0	0	0	0	0
0	0	0	0	0	1	0	0	0	0	0	0
0	0	0	0	0	0	1	0	0	0	0	0
0	0	0	0	0	0	0	1	0	0	0	0
0	0	0	0	0	0	0	0	1	0	0	0
0	0	0	0	0	0	0	0	0	1	0	0
0	0	0	0	0	0	0	0	0	0	1	0
0	0	0	0	0	0	0	0	0	0	0	1
40
31
2
1
#######END OF DATA FILE#######
999
