#styr																																				
1
#endyr																																			
30
#rec_age																																	
1																																						#n_ages																																		
12
# numbers of length intervals
81
#Length	bin
10	11	12	13	14	15	16	17	18	19	20	21	22	23	24	25	26	27	28	29	30	31	32	33	34	35	36	37	38	39	40	41	42	43	44	45	46	47	48	49	50	51	52	53	54	55	56	57	58	59	60	61	62	63	64	65	66	67	68	69	70	71	72	73	74	75	76	77	78	79	80	81	82	83	84	85	86	87	88	89	90
#nfsh
1
#names_fsh
OM1																																				
#catch																																			
161.168947466731	469.330485119636	760.781123961707	989.141478799436	762.448946856966	1317.94097821723	1276.04760705112	2457.17602930105	1329.64082352941	1523.34742120596	1626.63420722082	1613.36613318353	1096.90836116906	1535.28541014773	1500.0946767224	1271.27113743385	2250.26831809414	1620.05217823314	1444.99588576843	1315.05802031999	1623.16391066132	1070.11368163641	1646.31451552502	1198.68493508688	1125.93323532982	969.255675172034	922.122893761491	1205.20048749816	875.563396228814	1279.70148873038
#catch_cv																																		
0.01	0.01	0.01	0.01	0.01	0.01	0.01	0.01	0.01	0.01	0.01	0.01	0.01	0.01	0.01	0.01	0.01	0.01	0.01	0.01	0.01	0.01	0.01	0.01	0.01	0.01	0.01	0.01	0.01	0.01
#n_ages_fsh																															
30																			
#n_lengths_fsh																															
0																																						
#yrs_ages_fsh																																
1	2	3	4	5	6	7	8	9	10	11	12	13	14	15	16	17	18	19	20	21	22	23	24	25	26	27	28	29	30						
#sample_ages_fsh																														
200	200	200	200	200	200	200	200	200	200	200	200	200	200	200	200	200	200	200	200	200	200	200	200	200	200	200	200	200	200
#page_fsh	2	3	4	5	6	7	8	9	10	11																						
0.095	0.115	0.105	0.1	0.1	0.085	0.075	0.055	0.025	0.055	0.03	0.16
0.08	0.145	0.105	0.1	0.175	0.085	0.08	0.04	0.05	0.015	0.02	0.105
0.07	0.1	0.165	0.105	0.095	0.09	0.08	0.045	0.035	0.04	0.035	0.14
0.025	0.145	0.165	0.135	0.085	0.07	0.065	0.08	0.05	0.02	0.03	0.13
0.1	0.06	0.135	0.135	0.145	0.085	0.05	0.06	0.035	0.035	0.055	0.105
0.065	0.15	0.11	0.12	0.095	0.075	0.095	0.07	0.055	0.045	0.015	0.105
0.05	0.12	0.195	0.065	0.1	0.13	0.045	0.075	0.025	0.04	0.02	0.135
0.11	0.11	0.145	0.175	0.085	0.09	0.09	0.06	0.03	0.01	0.015	0.08
0.105	0.09	0.12	0.16	0.185	0.09	0.035	0.04	0.035	0.035	0.015	0.09
0.08	0.115	0.175	0.17	0.14	0.115	0.03	0.035	0.025	0.01	0.03	0.075
0.09	0.16	0.085	0.185	0.095	0.09	0.085	0.03	0.035	0.03	0.04	0.075
0.125	0.105	0.125	0.115	0.095	0.07	0.13	0.08	0.015	0.025	0.045	0.07
0.06	0.165	0.17	0.125	0.11	0.07	0.055	0.065	0.045	0.005	0.05	0.08
0.125	0.13	0.16	0.12	0.13	0.075	0.06	0.025	0.04	0.05	0.015	0.07
0.1	0.19	0.155	0.125	0.115	0.075	0.065	0.075	0.01	0.015	0.025	0.05
0.115	0.135	0.19	0.135	0.1	0.09	0.09	0.04	0.02	0.015	0.025	0.045
0.12	0.175	0.14	0.17	0.09	0.095	0.015	0.05	0.02	0.05	0.015	0.06
0.06	0.165	0.205	0.17	0.115	0.05	0.075	0.035	0.055	0.01	0.01	0.05
0.155	0.105	0.195	0.2	0.085	0.085	0.055	0.02	0.02	0.02	0.01	0.05
0.1	0.16	0.135	0.16	0.125	0.09	0.045	0.05	0.025	0.03	0.02	0.06
0.13	0.125	0.14	0.175	0.19	0.08	0.045	0.035	0.02	0.015	0.025	0.02
0.17	0.18	0.195	0.17	0.095	0.07	0.035	0.025	0.015	0.02	0.005	0.02
0.14	0.17	0.25	0.145	0.085	0.045	0.045	0.04	0.03	0.015	0.01	0.025
0.105	0.21	0.265	0.17	0.065	0.075	0.035	0.04	0.005	0.01	0.01	0.01
0.2	0.195	0.19	0.19	0.115	0.03	0.015	0.015	0.02	0.015	0.005	0.01
0.12	0.25	0.145	0.135	0.155	0.085	0.03	0.03	0.01	0.025	0.005	0.01
0.2	0.18	0.24	0.115	0.1	0.08	0.045	0	0.02	0	0.01	0.01
0.115	0.235	0.155	0.19	0.08	0.07	0.06	0.04	0.015	0.01	0.005	0.025
0.17	0.23	0.19	0.115	0.14	0.035	0.055	0.035	0.02	0.005	0.005	0
0.185	0.27	0.21	0.105	0.075	0.08	0.01	0.005	0.02	0.025	0.005	0.01
#wt_age_fsh	1 2	3	4	5	6	7	8	9	10	11																				
0.000530656	0.001196328	0.002058265	0.003034987	0.004055212	0.005064698	0.006026226	0.006916921	0.007724891	0.008446113	0.009081853	0.009636695
0.000530656	0.001196328	0.002058265	0.003034987	0.004055212	0.005064698	0.006026226	0.006916921	0.007724891	0.008446113	0.009081853	0.009636695
0.000530656	0.001196328	0.002058265	0.003034987	0.004055212	0.005064698	0.006026226	0.006916921	0.007724891	0.008446113	0.009081853	0.009636695
0.000530656	0.001196328	0.002058265	0.003034987	0.004055212	0.005064698	0.006026226	0.006916921	0.007724891	0.008446113	0.009081853	0.009636695
0.000530656	0.001196328	0.002058265	0.003034987	0.004055212	0.005064698	0.006026226	0.006916921	0.007724891	0.008446113	0.009081853	0.009636695
0.000530656	0.001196328	0.002058265	0.003034987	0.004055212	0.005064698	0.006026226	0.006916921	0.007724891	0.008446113	0.009081853	0.009636695
0.000530656	0.001196328	0.002058265	0.003034987	0.004055212	0.005064698	0.006026226	0.006916921	0.007724891	0.008446113	0.009081853	0.009636695
0.000530656	0.001196328	0.002058265	0.003034987	0.004055212	0.005064698	0.006026226	0.006916921	0.007724891	0.008446113	0.009081853	0.009636695
0.000530656	0.001196328	0.002058265	0.003034987	0.004055212	0.005064698	0.006026226	0.006916921	0.007724891	0.008446113	0.009081853	0.009636695
0.000530656	0.001196328	0.002058265	0.003034987	0.004055212	0.005064698	0.006026226	0.006916921	0.007724891	0.008446113	0.009081853	0.009636695
0.000530656	0.001196328	0.002058265	0.003034987	0.004055212	0.005064698	0.006026226	0.006916921	0.007724891	0.008446113	0.009081853	0.009636695
0.000530656	0.001196328	0.002058265	0.003034987	0.004055212	0.005064698	0.006026226	0.006916921	0.007724891	0.008446113	0.009081853	0.009636695
0.000530656	0.001196328	0.002058265	0.003034987	0.004055212	0.005064698	0.006026226	0.006916921	0.007724891	0.008446113	0.009081853	0.009636695
0.000530656	0.001196328	0.002058265	0.003034987	0.004055212	0.005064698	0.006026226	0.006916921	0.007724891	0.008446113	0.009081853	0.009636695
0.000530656	0.001196328	0.002058265	0.003034987	0.004055212	0.005064698	0.006026226	0.006916921	0.007724891	0.008446113	0.009081853	0.009636695
0.000530656	0.001196328	0.002058265	0.003034987	0.004055212	0.005064698	0.006026226	0.006916921	0.007724891	0.008446113	0.009081853	0.009636695
0.000530656	0.001196328	0.002058265	0.003034987	0.004055212	0.005064698	0.006026226	0.006916921	0.007724891	0.008446113	0.009081853	0.009636695
0.000530656	0.001196328	0.002058265	0.003034987	0.004055212	0.005064698	0.006026226	0.006916921	0.007724891	0.008446113	0.009081853	0.009636695
0.000530656	0.001196328	0.002058265	0.003034987	0.004055212	0.005064698	0.006026226	0.006916921	0.007724891	0.008446113	0.009081853	0.009636695
0.000530656	0.001196328	0.002058265	0.003034987	0.004055212	0.005064698	0.006026226	0.006916921	0.007724891	0.008446113	0.009081853	0.009636695
0.000530656	0.001196328	0.002058265	0.003034987	0.004055212	0.005064698	0.006026226	0.006916921	0.007724891	0.008446113	0.009081853	0.009636695
0.000530656	0.001196328	0.002058265	0.003034987	0.004055212	0.005064698	0.006026226	0.006916921	0.007724891	0.008446113	0.009081853	0.009636695
0.000530656	0.001196328	0.002058265	0.003034987	0.004055212	0.005064698	0.006026226	0.006916921	0.007724891	0.008446113	0.009081853	0.009636695
0.000530656	0.001196328	0.002058265	0.003034987	0.004055212	0.005064698	0.006026226	0.006916921	0.007724891	0.008446113	0.009081853	0.009636695
0.000530656	0.001196328	0.002058265	0.003034987	0.004055212	0.005064698	0.006026226	0.006916921	0.007724891	0.008446113	0.009081853	0.009636695
0.000530656	0.001196328	0.002058265	0.003034987	0.004055212	0.005064698	0.006026226	0.006916921	0.007724891	0.008446113	0.009081853	0.009636695
0.000530656	0.001196328	0.002058265	0.003034987	0.004055212	0.005064698	0.006026226	0.006916921	0.007724891	0.008446113	0.009081853	0.009636695
0.000530656	0.001196328	0.002058265	0.003034987	0.004055212	0.005064698	0.006026226	0.006916921	0.007724891	0.008446113	0.009081853	0.009636695
0.000530656	0.001196328	0.002058265	0.003034987	0.004055212	0.005064698	0.006026226	0.006916921	0.007724891	0.008446113	0.009081853	0.009636695
0.000530656	0.001196328	0.002058265	0.003034987	0.004055212	0.005064698	0.006026226	0.006916921	0.007724891	0.008446113	0.009081853	0.009636695

#nind
1
#ind_names																																	
survey_index1																																
#nobs_ind
30
#yrs_ind																																		
1	2	3	4	5	6	7	8	9	10	11	12	13	14	15	16	17	18	19	20	21	22	23	24	25	26	27	28	29	30	
#month_ind																																	
1																																						
#biom_ind																																		
1.62278510692749	1.65828805964918	1.44889575875091	1.50177423019491	1.27552984641133	1.45589444029298	1.41389884776004	1.63644081842368	1.53581755991154	1.32405613047659	1.38992259848504	1.11670439789614	1.03887893599622	1.13656291332383	1.0094216186621	0.7982346293994	1.04382139358323	0.803875850719302	0.772026949305486	0.701252826073177	0.675815503528079	0.627835069812346	0.603345139371007	0.625939664434417	0.59326771218938	0.474016774193238	0.530090597461959	0.565913548649652	0.608437087169033	0.765518448345434
#biom_cv																				
0.324557021385498	0.331657611929836	0.289779151750181	0.300354846038982	0.255105969282266	0.291178888058596	0.282779769552007	0.327288163684736	0.307163511982308	0.264811226095317	0.277984519697008	0.223340879579229	0.207775787199244	0.227312582664767	0.201884323732421	0.15964692587988	0.208764278716646	0.160775170143861	0.154405389861097	0.140250565214635	0.135163100705616	0.125567013962469	0.120669027874201	0.125187932886883	0.118653542437876	0.0948033548386476	0.106018119492392	0.11318270972993	0.121687417433807	0.153103689669087
#n_ages_ind																																	
30			
#n_lengths_ind																															
0																																						
#yrs_ages_ind																																
1	2	3	4	5	6	7	8	9	10	11	12	13	14	15	16	17	18	19	20	21	22	23	24	25	26	27	28	29	30																						
#sample_ages_ind																														
200	200	200	200	200	200	200	200	200	200	200	200	200	200	200	200	200	200	200	200	200	200	200	200	200	200	200	200	200	200
#page_ind																																		
0.055	0.145	0.175	0.12	0.09	0.095	0.045	0.045	0.055	0.035	0.035	0.105
0.11	0.115	0.185	0.08	0.1	0.08	0.055	0.065	0.025	0.035	0.02	0.13
0.05	0.175	0.135	0.1	0.125	0.085	0.085	0.035	0.065	0.02	0.02	0.105
0.08	0.135	0.16	0.125	0.105	0.055	0.09	0.03	0.065	0.02	0.025	0.11
0.11	0.11	0.14	0.12	0.105	0.095	0.07	0.04	0.01	0.055	0.035	0.11
0.075	0.175	0.09	0.105	0.13	0.12	0.055	0.035	0.05	0.035	0.025	0.105
0.055	0.175	0.225	0.045	0.105	0.095	0.07	0.045	0.02	0.03	0.03	0.105
0.09	0.135	0.195	0.16	0.08	0.075	0.065	0.02	0.025	0.025	0.025	0.105
0.05	0.15	0.135	0.155	0.12	0.075	0.06	0.05	0.04	0.025	0.035	0.105
0.07	0.13	0.205	0.165	0.13	0.1	0.03	0.04	0.03	0.035	0.03	0.035
0.075	0.15	0.175	0.13	0.11	0.1	0.07	0.03	0.03	0.02	0.01	0.1
0.05	0.16	0.145	0.175	0.175	0.04	0.065	0.065	0.03	0.005	0.025	0.065
0.12	0.145	0.16	0.145	0.12	0.065	0.06	0.07	0.05	0.015	0.01	0.04
0.09	0.14	0.18	0.155	0.14	0.04	0.065	0.035	0.035	0.035	0	0.085
0.085	0.155	0.16	0.19	0.125	0.085	0.065	0.03	0.03	0.02	0.02	0.035
0.085	0.175	0.215	0.165	0.09	0.045	0.085	0.025	0.025	0.02	0.01	0.06
0.08	0.24	0.175	0.12	0.1	0.05	0.04	0.065	0.03	0.025	0.01	0.065
0.06	0.265	0.2	0.11	0.12	0.055	0.045	0.03	0.02	0.015	0.015	0.065
0.125	0.145	0.27	0.145	0.1	0.075	0.02	0.01	0.04	0.025	0.005	0.04
0.11	0.22	0.135	0.195	0.12	0.07	0.04	0.035	0.015	0.005	0.01	0.045
0.145	0.155	0.235	0.17	0.12	0.06	0.03	0.03	0.025	0.005	0.015	0.01
0.095	0.325	0.15	0.11	0.09	0.115	0.03	0.02	0.01	0.005	0.02	0.03
0.095	0.26	0.3	0.11	0.075	0.045	0.02	0.025	0.02	0.015	0.015	0.02
0.105	0.245	0.305	0.165	0.06	0.045	0.015	0.03	0.015	0.005	0.005	0.005
0.145	0.205	0.23	0.17	0.075	0.055	0.05	0.02	0.01	0.03	0	0.01
0.125	0.355	0.185	0.09	0.135	0.03	0.04	0.02	0.01	0.005	0	0.005
0.16	0.22	0.23	0.135	0.125	0.05	0.02	0.005	0.025	0.01	0.005	0.015
0.175	0.275	0.2	0.165	0.06	0.035	0.05	0.02	0.005	0	0.005	0.01
0.175	0.23	0.19	0.125	0.12	0.05	0.035	0.015	0.015	0.025	0.015	0.005
0.115	0.34	0.21	0.145	0.055	0.06	0.015	0.025	0.025	0.005	0	0.005
#wt_age_ind																																	
1 1 1 1 1 1 1 1 1 1 1 1 
1 1 1 1 1 1 1 1 1 1 1 1 
1 1 1 1 1 1 1 1 1 1 1 1 
1 1 1 1 1 1 1 1 1 1 1 1 
1 1 1 1 1 1 1 1 1 1 1 1 
1 1 1 1 1 1 1 1 1 1 1 1 
1 1 1 1 1 1 1 1 1 1 1 1 
1 1 1 1 1 1 1 1 1 1 1 1 
1 1 1 1 1 1 1 1 1 1 1 1 
1 1 1 1 1 1 1 1 1 1 1 1 
1 1 1 1 1 1 1 1 1 1 1 1 
1 1 1 1 1 1 1 1 1 1 1 1 
1 1 1 1 1 1 1 1 1 1 1 1 
1 1 1 1 1 1 1 1 1 1 1 1 
1 1 1 1 1 1 1 1 1 1 1 1 
1 1 1 1 1 1 1 1 1 1 1 1 
1 1 1 1 1 1 1 1 1 1 1 1 
1 1 1 1 1 1 1 1 1 1 1 1 
1 1 1 1 1 1 1 1 1 1 1 1 
1 1 1 1 1 1 1 1 1 1 1 1 
1 1 1 1 1 1 1 1 1 1 1 1 
1 1 1 1 1 1 1 1 1 1 1 1 
1 1 1 1 1 1 1 1 1 1 1 1 
1 1 1 1 1 1 1 1 1 1 1 1 
1 1 1 1 1 1 1 1 1 1 1 1 
1 1 1 1 1 1 1 1 1 1 1 1 
1 1 1 1 1 1 1 1 1 1 1 1 
1 1 1 1 1 1 1 1 1 1 1 1 
1 1 1 1 1 1 1 1 1 1 1 1 
1 1 1 1 1 1 1 1 1 1 1 1 
# wt_pop
0.000530656	0.001196328	0.002058265	0.003034987	0.004055212	0.005064698	0.006026226	0.006916921	0.007724891	0.008446113	0.009081853	0.009636695
#maturity
0.02297737 0.32082130 0.90465054 0.99477987 0.99973881 0.99998699 0.99999935 0.99999997 1 1 1 1
#spmonth																																		
1		
#age_err																																		
1	0	0	0	0	0	0	0	0	0	0	0
0	1	0	0	0	0	0	0	0	0	0	0
0	0	1	0	0	0	0	0	0	0	0	0
0	0	0	1	0	0	0	0	0	0	0	0
0	0	0	0	1	0	0	0	0	0	0	0
0	0	0	0	0	1	0	0	0	0	0	0
0	0	0	0	0	0	1	0	0	0	0	0
0	0	0	0	0	0	0	1	0	0	0	0
0	0	0	0	0	0	0	0	1	0	0	0
0	0	0	0	0	0	0	0	0	1	0	0
0	0	0	0	0	0	0	0	0	0	1	0
0	0	0	0	0	0	0	0	0	0	0	1																														
