#######GENERAL HEADER INPUT#######
1
30
1
30
1
30
30
12
1	2	3	4	5	6	7	8	9	10	11	12
12
1	2	3	4	5	6	7	8	9	10	11	12
1
101
1
1
#######SURVEY DATA#######
30
1	2	3	4	5	6	7	8	9	10	11	12	13	14	15	16	17	18	19	20	21	22	23	24	25	26	27	28	29	30
1.76821441143046	1.70488448320721	1.29029101462707	1.42440620756309	1.46374228897627	1.27792352497932	1.53578382889337	1.39680608574032	1.14365979483363	1.20473442951891	1.20287004735464	0.977288889121037	1.10378868973327	1.15121224258832	0.965361252071272	0.89073946437491	1.07691070335843	0.871674975503443	0.782827203470563	0.604196305049501	0.754827957682857	0.666700168701942	0.701933802455125	0.513334834386099	0.543787825624527	0.452898302481666	0.560697693094721	0.541430712339916	0.48245306392622	0.507653086326146
0.2	0.2	0.2	0.2	0.2	0.2	0.2	0.2	0.2	0.2	0.2	0.2	0.2	0.2	0.2	0.2	0.2	0.2	0.2	0.2	0.2	0.2	0.2	0.2	0.2	0.2	0.2	0.2	0.2	0.2
30
1	2	3	4	5	6	7	8	9	10	11	12	13	14	15	16	17	18	19	20	21	22	23	24	25	26	27	28	29	30
200	200	200	200	200	200	200	200	200	200	200	200	200	200	200	200	200	200	200	200	200	200	200	200	200	200	200	200	200	200
200	200	200	200	200	200	200	200	200	200	200	200	200	200	200	200	200	200	200	200	200	200	200	200	200	200	200	200	200	200
0.08	0.1	0.13	0.145	0.08	0.105	0.065	0.05	0.06	0.045	0.025	0.115
0.045	0.14	0.135	0.165	0.095	0.085	0.05	0.04	0.055	0.05	0.005	0.135
0.085	0.135	0.175	0.135	0.11	0.085	0.045	0.06	0.025	0.035	0.04	0.07
0.065	0.11	0.19	0.12	0.1	0.11	0.055	0.07	0.03	0.04	0.01	0.1
0.085	0.12	0.155	0.125	0.085	0.075	0.095	0.055	0.015	0.045	0.03	0.115
0.08	0.18	0.14	0.135	0.115	0.075	0.05	0.035	0.045	0.04	0.02	0.085
0.04	0.155	0.2	0.075	0.11	0.075	0.06	0.035	0.05	0.04	0.05	0.11
0.07	0.185	0.16	0.13	0.08	0.05	0.065	0.055	0.03	0.02	0.02	0.135
0.075	0.155	0.135	0.18	0.1	0.055	0.05	0.065	0.045	0.015	0.03	0.095
0.075	0.155	0.16	0.08	0.14	0.125	0.04	0.045	0.04	0.035	0.025	0.08
0.105	0.195	0.195	0.125	0.09	0.05	0.07	0.01	0.025	0.035	0.015	0.085
0.06	0.15	0.175	0.14	0.115	0.065	0.1	0.06	0.03	0.015	0.04	0.05
0.08	0.18	0.225	0.15	0.095	0.09	0.035	0.04	0.015	0.015	0.02	0.055
0.105	0.105	0.21	0.18	0.075	0.08	0.055	0.045	0.03	0.03	0.02	0.065
0.075	0.215	0.2	0.135	0.095	0.13	0.03	0.04	0.01	0.025	0.015	0.03
0.105	0.165	0.1	0.175	0.125	0.095	0.075	0.04	0.03	0.005	0.025	0.06
0.11	0.215	0.16	0.12	0.085	0.085	0.065	0.05	0.015	0.03	0.01	0.055
0.09	0.23	0.23	0.135	0.085	0.07	0.045	0.025	0.02	0.01	0.015	0.045
0.075	0.13	0.19	0.185	0.12	0.095	0.06	0.035	0.03	0.02	0.015	0.045
0.09	0.23	0.155	0.185	0.135	0.05	0.07	0.02	0.015	0.01	0.025	0.015
0.175	0.23	0.19	0.085	0.11	0.065	0.045	0.035	0.015	0.015	0.005	0.03
0.135	0.31	0.14	0.17	0.04	0.065	0.045	0.025	0.015	0.005	0.015	0.035
0.105	0.275	0.215	0.125	0.105	0.035	0.05	0.04	0.015	0.005	0.015	0.015
0.06	0.235	0.275	0.21	0.065	0.06	0.03	0.02	0.015	0.015	0.005	0.01
0.125	0.265	0.2	0.165	0.095	0.035	0.035	0.025	0.015	0.015	0.01	0.015
0.07	0.265	0.2	0.165	0.125	0.075	0.035	0.04	0.015	0.01	0	0
0.1	0.245	0.28	0.14	0.075	0.07	0.02	0.02	0.02	0.005	0.02	0.005
0.165	0.24	0.175	0.21	0.045	0.05	0.045	0.045	0.01	0.01	0.005	0
0.15	0.345	0.145	0.12	0.135	0.04	0.015	0.02	0.005	0.01	0.01	0.005
0.11	0.335	0.235	0.155	0.04	0.075	0.015	0.015	0.015	0.005	0	0
#######LANDINGS DATA#######
1
30
159.731560911794	466.702483268486	761.829074649698	991.34512020093	766.669807809993	1321.29754811861	1284.49089170052	2475.36187562871	1335.52507376169	1509.61402326902	1633.52844440883	1615.83287447981	1106.13662994054	1517.90462553297	1504.42700135762	1277.27350438887	2266.55267161018	1613.8575625376	1449.60890731889	1314.08223826445	1624.40203385521	1081.6345080416	1633.78757543936	1197.25378896519	1117.77521106882	973.729111120554	931.350368085247	1212.0551669428	874.28369477712	1276.09922672817
0.01	0.01	0.01	0.01	0.01	0.01	0.01	0.01	0.01	0.01	0.01	0.01	0.01	0.01	0.01	0.01	0.01	0.01	0.01	0.01	0.01	0.01	0.01	0.01	0.01	0.01	0.01	0.01	0.01	0.01
30
1	2	3	4	5	6	7	8	9	10	11	12	13	14	15	16	17	18	19	20	21	22	23	24	25	26	27	28	29	30
200	200	200	200	200	200	200	200	200	200	200	200	200	200	200	200	200	200	200	200	200	200	200	200	200	200	200	200	200	200
200	200	200	200	200	200	200	200	200	200	200	200	200	200	200	200	200	200	200	200	200	200	200	200	200	200	200	200	200	200
0.06	0.105	0.105	0.14	0.085	0.105	0.085	0.05	0.03	0.06	0.025	0.15
0.095	0.105	0.105	0.115	0.13	0.075	0.08	0.05	0.05	0.035	0.055	0.105
0.035	0.13	0.135	0.13	0.135	0.07	0.07	0.075	0.02	0.05	0.035	0.115
0.065	0.08	0.21	0.11	0.12	0.085	0.06	0.05	0.02	0.02	0.025	0.155
0.085	0.105	0.11	0.15	0.07	0.09	0.07	0.04	0.06	0.06	0.035	0.125
0.13	0.14	0.11	0.135	0.14	0.065	0.06	0.045	0.05	0.02	0.04	0.065
0.095	0.17	0.16	0.045	0.06	0.115	0.05	0.085	0.045	0.015	0.025	0.135
0.075	0.09	0.12	0.165	0.055	0.115	0.06	0.08	0.02	0.02	0.055	0.145
0.045	0.155	0.12	0.14	0.145	0.085	0.05	0.065	0.025	0.045	0.02	0.105
0.075	0.095	0.17	0.155	0.13	0.14	0.045	0.025	0.04	0.035	0.01	0.08
0.08	0.145	0.115	0.16	0.075	0.135	0.095	0.035	0.04	0.04	0.015	0.065
0.09	0.145	0.105	0.145	0.11	0.08	0.07	0.075	0.035	0.045	0.03	0.07
0.07	0.16	0.15	0.165	0.065	0.095	0.035	0.085	0.065	0.02	0.02	0.07
0.1	0.145	0.155	0.155	0.12	0.07	0.065	0.04	0.035	0.01	0.03	0.075
0.075	0.18	0.15	0.095	0.16	0.09	0.03	0.055	0.03	0.045	0.02	0.07
0.135	0.215	0.2	0.085	0.1	0.06	0.04	0.04	0.045	0.01	0.015	0.055
0.17	0.185	0.14	0.11	0.125	0.085	0.055	0.035	0.02	0.02	0.01	0.045
0.125	0.175	0.155	0.17	0.085	0.07	0.035	0.075	0.045	0.01	0.01	0.045
0.1	0.145	0.19	0.18	0.115	0.08	0.045	0.025	0.02	0.04	0.02	0.04
0.09	0.18	0.115	0.215	0.145	0.055	0.04	0.025	0.03	0.01	0.02	0.075
0.115	0.22	0.15	0.11	0.14	0.055	0.02	0.05	0.05	0.02	0.01	0.06
0.19	0.27	0.105	0.08	0.07	0.085	0.075	0.025	0.03	0.02	0.01	0.04
0.13	0.28	0.24	0.105	0.08	0.045	0.02	0.035	0.025	0.015	0.015	0.01
0.115	0.185	0.245	0.17	0.07	0.06	0.05	0.035	0.02	0.015	0.015	0.02
0.125	0.23	0.21	0.15	0.135	0.05	0.035	0.03	0.005	0.01	0.01	0.01
0.125	0.235	0.185	0.165	0.125	0.04	0.03	0.035	0.025	0.01	0.01	0.015
0.135	0.195	0.225	0.17	0.115	0.065	0.03	0.035	0.005	0.015	0	0.01
0.225	0.18	0.15	0.2	0.095	0.065	0.05	0.025	0	0	0	0.01
0.2	0.22	0.185	0.125	0.11	0.06	0.045	0.02	0.03	0.005	0	0
0.1	0.215	0.225	0.165	0.11	0.095	0.035	0.015	0.005	0.025	0.005	0.005
#######PARAMETER SECTION#######
800	400	1200	-4	800	-0.25	1
0.18	0.01	1	-4	0.18	-0.25	1
-1.36	-5	-0.001	-4	-1.36	-0.25	1
0.1	0.05	0.3	-4	0.1	-0.25	1
0.2	0.01	0.5	-4	0.2	-0.25	1
0.75	0.20001	1	-3	0.75	-0.25	1
13.815511	-1	200	1	13.815511	-0.25	1
0	-1	1	-4	0	-0.25	1
0.2	1e-04	1.2	-3	0.2	-0.25	1
0	-10	10	-6	0	-1	1
0	-10	10	-6	0	-1	1
2	0	12	-2	2	-0.5	1
1	0	12	-2	1	-0.5	1
2	0	12	-2	2	-0.5	1
1	0	12	-2	1	-0.5	1
1.5	0	12	-2	1.5	-0.5	1
2	0	12	-2	2	-0.5	1
-14.8682006803499	-30	5	1	-14.8682006803499	-1	1
1	0.1	2	-1	1	-1	1
-1.51930887058023	-10	1.39	1	-1.51930887058023	-1	1
#######DEV CONSTRAINTS and DEVS#######
-15	15	2
-15	15	2
-15	15	2
0	0	0	0	0	0	0	0	0	0	0	0	0	0	0	0	0	0	0	0	0	0	0	0	0	0	0	0	0	0
0	0	0	0	0	0	0	0	0	0	0	0	0	0	0	0	0	0	0	0	0	0	0	0	0	0	0	0	0	0
0	0	0	0	0	0	0	0	0	0	0
#######LIKELIHOOD WEIGHTS#######
1
1
1
1
0
1
0
0
0
#######MISCELLANEOUS STUFF SECTION#######
2.5e-08
3
0.5	0.5	0.5	0.5	0.5	0.5	0.5	0.5	0.5	0.5	0.5	0.5
0.0229773699100256	0.320821300824607	0.904650535100891	0.994779874306442	0.999738809680904	0.999986992871533	0.999999352405202	0.999999967758134	0.999999998394772	0.99999999992008	0.999999999996021	0.999999999999802
0.2	0.2	0.2	0.2	0.2	0.2	0.2	0.2	0.2	0.2	0.2	0.2
0
1
10
0.2
1
1	0	0	0	0	0	0	0	0	0	0	0
0	1	0	0	0	0	0	0	0	0	0	0
0	0	1	0	0	0	0	0	0	0	0	0
0	0	0	1	0	0	0	0	0	0	0	0
0	0	0	0	1	0	0	0	0	0	0	0
0	0	0	0	0	1	0	0	0	0	0	0
0	0	0	0	0	0	1	0	0	0	0	0
0	0	0	0	0	0	0	1	0	0	0	0
0	0	0	0	0	0	0	0	1	0	0	0
0	0	0	0	0	0	0	0	0	1	0	0
0	0	0	0	0	0	0	0	0	0	1	0
0	0	0	0	0	0	0	0	0	0	0	1
40
31
2
1
#######END OF DATA FILE#######
999
