# Number of parameters = 73  Objective function value = 26330.2  Maximum gradient component = 0.00208367
# sel_params[1]:
2.00000000000
# sel_params[2]:
1.00000000000
# log_Fmult_year1:
 -4.65466637823
# log_Fmult_devs:
 1.07692935481 0.502599131475 0.315594601837 -0.229238551419 0.591197497364 0.00842107338576 0.747440443641 -0.547605226067 0.205720363922 0.124612363708 0.0749092152582 -0.321185908158 0.378061386299 0.0655698621040 -0.114336941784 0.657183481509 -0.203076897252 -0.0158129509374 -0.0218735345661 0.329346725528 -0.325396069370 0.504799822975 -0.185480056234 -0.0174056001107 -0.105819163727 -0.0321273677493 0.317948478080 -0.296106402613 0.424060097925
# log_recruit_devs:
 0.0199543905134 0.170539266036 -0.0189260069990 -0.252648443149 0.319737739242 0.240997890676 0.0374888278194 0.132806528547 -0.0258084405838 0.124529162338 -0.109710471511 -0.126699660953 -0.0369829164728 0.129254202481 -0.0442291079366 0.124364954996 0.146947730791 -0.238583276230 -0.104320619823 -0.263493013563 0.121821563318 0.0846147639140 -0.102020861468 -0.162900739113 0.107782877884 -0.210746655513 -0.0964295667033 0.0766449722253 0.195694132421 -0.239679223185
# log_N_year1_devs:
 -0.0754974694462 -0.0847221175916 -0.132535120973 -0.0145106362727 -0.00715953532714 -0.0110624129499 -0.0596235453723 -0.164250837904 0.154717016951 -0.205440822783 -0.122059310490
# log_q_year1:
 -7.97109452036
# log_q_devs:
 0.00000000000 0.00000000000 0.00000000000 0.00000000000 0.00000000000 0.00000000000 0.00000000000 0.00000000000 0.00000000000 0.00000000000 0.00000000000 0.00000000000 0.00000000000 0.00000000000 0.00000000000 0.00000000000 0.00000000000 0.00000000000 0.00000000000 0.00000000000 0.00000000000 0.00000000000 0.00000000000 0.00000000000 0.00000000000 0.00000000000 0.00000000000 0.00000000000 0.00000000000
# index_sel_params[1]:
1.50000000000
# index_sel_params[2]:
0.500000000000
# log_SR_scaler:
6.91254047203
# SR_steepness:
0.750000000000
