# Number of parameters = 73  Objective function value = 26428.0  Maximum gradient component = 0.00341294
# sel_params[1]:
2.00000000000
# sel_params[2]:
1.00000000000
# log_Fmult_year1:
 -4.64607903829
# log_Fmult_devs:
 1.06544004936 0.511662719305 0.288894121248 -0.228336533882 0.588450944923 0.0123946393158 0.757564658058 -0.541391251425 0.211987585265 0.127429732728 0.0737672205802 -0.323117441479 0.370813123005 0.0535271036350 -0.112825226987 0.667714269439 -0.212739077983 -0.00749718573436 -0.0323879740448 0.328208217576 -0.327906487138 0.493815672591 -0.191387562433 -0.00463293470719 -0.0845980213070 -0.0223506968445 0.336417045558 -0.276117512512 0.402782446583
# log_recruit_devs:
 0.0460605794135 0.207367273507 -0.0440178262951 -0.268452171676 0.289172618589 0.203893575220 -0.0109695087924 0.109329178332 -0.0772973459036 0.0356953952611 0.0523904055061 -0.0441026511515 -0.0479135477878 0.0570043391104 -0.0504722115288 0.201437673550 0.155636980502 -0.293696660736 -0.0866834910318 -0.258464825671 0.115604551121 0.0804239272631 -0.164204337428 -0.272968427677 0.0848875388506 -0.249293591492 -0.169998097141 0.122448930166 0.231927001510 0.0452547264085
# log_N_year1_devs:
 0.00599512995096 -0.0693851340200 -0.00432430970583 0.101852569964 0.0448495307999 -0.132538479059 0.0539625514167 -0.237395576121 0.0109500995057 -0.414120946627 -0.172540381822
# log_q_year1:
 -7.99141610154
# log_q_devs:
 0.00000000000 0.00000000000 0.00000000000 0.00000000000 0.00000000000 0.00000000000 0.00000000000 0.00000000000 0.00000000000 0.00000000000 0.00000000000 0.00000000000 0.00000000000 0.00000000000 0.00000000000 0.00000000000 0.00000000000 0.00000000000 0.00000000000 0.00000000000 0.00000000000 0.00000000000 0.00000000000 0.00000000000 0.00000000000 0.00000000000 0.00000000000 0.00000000000 0.00000000000
# index_sel_params[1]:
1.50000000000
# index_sel_params[2]:
0.500000000000
# log_SR_scaler:
6.91549841316
# SR_steepness:
0.750000000000
