#styr																																				
1
#endyr																																			
30
#rec_age																																	
1																																						#n_ages																																		
12
# numbers of length intervals
81
#Length	bin
10	11	12	13	14	15	16	17	18	19	20	21	22	23	24	25	26	27	28	29	30	31	32	33	34	35	36	37	38	39	40	41	42	43	44	45	46	47	48	49	50	51	52	53	54	55	56	57	58	59	60	61	62	63	64	65	66	67	68	69	70	71	72	73	74	75	76	77	78	79	80	81	82	83	84	85	86	87	88	89	90
#nfsh
1
#names_fsh
OM1																																				
#catch																																			
161.462488505498	466.134658428454	754.235683269609	997.250519817223	771.600414304556	1318.59236746047	1278.95256100585	2492.80209923137	1332.22023520232	1523.8299262847	1610.0287815463	1623.10454842537	1112.34954598059	1519.19191845589	1510.0773992144	1275.25425250079	2237.65621739916	1622.86444812979	1462.84356344227	1299.06444894845	1609.91855752432	1080.13820997473	1620.8416556827	1193.58725789311	1128.11941339696	977.152103928194	920.694226964087	1213.81535957699	878.94206805611	1271.56114600588
#catch_cv																																		
0.01	0.01	0.01	0.01	0.01	0.01	0.01	0.01	0.01	0.01	0.01	0.01	0.01	0.01	0.01	0.01	0.01	0.01	0.01	0.01	0.01	0.01	0.01	0.01	0.01	0.01	0.01	0.01	0.01	0.01
#n_ages_fsh																															
30																			
#n_lengths_fsh																															
0																																						
#yrs_ages_fsh																																
1	2	3	4	5	6	7	8	9	10	11	12	13	14	15	16	17	18	19	20	21	22	23	24	25	26	27	28	29	30						
#sample_ages_fsh																														
200	200	200	200	200	200	200	200	200	200	200	200	200	200	200	200	200	200	200	200	200	200	200	200	200	200	200	200	200	200
#page_fsh	2	3	4	5	6	7	8	9	10	11																						
0.1	0.1	0.12	0.13	0.1	0.115	0.09	0.07	0.02	0.035	0.03	0.09
0.115	0.075	0.1	0.11	0.1	0.115	0.07	0.08	0.05	0.045	0.045	0.095
0.06	0.135	0.115	0.13	0.12	0.07	0.05	0.08	0.035	0.03	0.02	0.155
0.07	0.11	0.135	0.14	0.08	0.065	0.085	0.05	0.06	0.02	0.04	0.145
0.09	0.05	0.13	0.15	0.1	0.095	0.08	0.06	0.05	0.055	0.015	0.125
0.07	0.115	0.065	0.1	0.165	0.075	0.08	0.055	0.05	0.03	0.035	0.16
0.075	0.18	0.185	0.085	0.08	0.055	0.065	0.04	0.035	0.045	0.02	0.135
0.07	0.085	0.18	0.19	0.06	0.1	0.045	0.05	0.05	0.03	0.035	0.105
0.05	0.16	0.155	0.155	0.145	0.075	0.055	0.045	0.035	0.025	0.03	0.07
0.09	0.09	0.16	0.125	0.1	0.145	0.065	0.06	0.035	0.02	0.04	0.07
0.085	0.12	0.12	0.16	0.1	0.08	0.06	0.055	0.03	0.045	0.04	0.105
0.12	0.15	0.165	0.13	0.065	0.055	0.065	0.075	0.03	0.03	0.025	0.09
0.08	0.13	0.17	0.15	0.095	0.11	0.04	0.05	0.045	0.035	0.02	0.075
0.08	0.17	0.16	0.105	0.1	0.105	0.06	0.02	0.06	0.03	0.01	0.1
0.095	0.19	0.175	0.12	0.105	0.09	0.05	0.045	0.03	0.025	0.02	0.055
0.1	0.145	0.2	0.115	0.125	0.08	0.05	0.04	0.035	0.025	0.03	0.055
0.105	0.185	0.14	0.175	0.125	0.05	0.055	0.045	0.03	0.04	0.01	0.04
0.09	0.195	0.2	0.135	0.13	0.06	0.02	0.055	0.04	0.01	0.015	0.05
0.105	0.125	0.225	0.175	0.085	0.085	0.05	0.015	0.03	0.025	0.025	0.055
0.15	0.165	0.135	0.175	0.1	0.105	0.055	0.035	0.025	0.015	0.015	0.025
0.185	0.13	0.2	0.09	0.155	0.085	0.055	0.035	0.025	0.005	0	0.035
0.165	0.245	0.135	0.15	0.095	0.06	0.035	0.045	0.035	0.015	0.01	0.01
0.145	0.22	0.23	0.11	0.095	0.04	0.055	0.04	0.03	0.02	0.005	0.01
0.145	0.145	0.21	0.21	0.095	0.06	0.03	0.025	0.025	0.01	0.015	0.03
0.15	0.155	0.155	0.18	0.18	0.07	0.035	0.01	0.03	0.015	0.01	0.01
0.12	0.26	0.16	0.15	0.12	0.07	0.06	0.03	0	0.005	0.02	0.005
0.125	0.195	0.22	0.2	0.08	0.08	0.05	0.025	0.005	0.005	0.005	0.01
0.175	0.225	0.195	0.155	0.1	0.06	0.045	0.025	0.005	0.005	0	0.01
0.195	0.29	0.18	0.125	0.09	0.035	0.045	0.025	0.005	0	0.005	0.005
0.19	0.19	0.24	0.15	0.085	0.065	0.02	0.015	0.02	0.01	0	0.015
#wt_age_fsh	1 2	3	4	5	6	7	8	9	10	11																				
0.000530656	0.001196328	0.002058265	0.003034987	0.004055212	0.005064698	0.006026226	0.006916921	0.007724891	0.008446113	0.009081853	0.009636695
0.000530656	0.001196328	0.002058265	0.003034987	0.004055212	0.005064698	0.006026226	0.006916921	0.007724891	0.008446113	0.009081853	0.009636695
0.000530656	0.001196328	0.002058265	0.003034987	0.004055212	0.005064698	0.006026226	0.006916921	0.007724891	0.008446113	0.009081853	0.009636695
0.000530656	0.001196328	0.002058265	0.003034987	0.004055212	0.005064698	0.006026226	0.006916921	0.007724891	0.008446113	0.009081853	0.009636695
0.000530656	0.001196328	0.002058265	0.003034987	0.004055212	0.005064698	0.006026226	0.006916921	0.007724891	0.008446113	0.009081853	0.009636695
0.000530656	0.001196328	0.002058265	0.003034987	0.004055212	0.005064698	0.006026226	0.006916921	0.007724891	0.008446113	0.009081853	0.009636695
0.000530656	0.001196328	0.002058265	0.003034987	0.004055212	0.005064698	0.006026226	0.006916921	0.007724891	0.008446113	0.009081853	0.009636695
0.000530656	0.001196328	0.002058265	0.003034987	0.004055212	0.005064698	0.006026226	0.006916921	0.007724891	0.008446113	0.009081853	0.009636695
0.000530656	0.001196328	0.002058265	0.003034987	0.004055212	0.005064698	0.006026226	0.006916921	0.007724891	0.008446113	0.009081853	0.009636695
0.000530656	0.001196328	0.002058265	0.003034987	0.004055212	0.005064698	0.006026226	0.006916921	0.007724891	0.008446113	0.009081853	0.009636695
0.000530656	0.001196328	0.002058265	0.003034987	0.004055212	0.005064698	0.006026226	0.006916921	0.007724891	0.008446113	0.009081853	0.009636695
0.000530656	0.001196328	0.002058265	0.003034987	0.004055212	0.005064698	0.006026226	0.006916921	0.007724891	0.008446113	0.009081853	0.009636695
0.000530656	0.001196328	0.002058265	0.003034987	0.004055212	0.005064698	0.006026226	0.006916921	0.007724891	0.008446113	0.009081853	0.009636695
0.000530656	0.001196328	0.002058265	0.003034987	0.004055212	0.005064698	0.006026226	0.006916921	0.007724891	0.008446113	0.009081853	0.009636695
0.000530656	0.001196328	0.002058265	0.003034987	0.004055212	0.005064698	0.006026226	0.006916921	0.007724891	0.008446113	0.009081853	0.009636695
0.000530656	0.001196328	0.002058265	0.003034987	0.004055212	0.005064698	0.006026226	0.006916921	0.007724891	0.008446113	0.009081853	0.009636695
0.000530656	0.001196328	0.002058265	0.003034987	0.004055212	0.005064698	0.006026226	0.006916921	0.007724891	0.008446113	0.009081853	0.009636695
0.000530656	0.001196328	0.002058265	0.003034987	0.004055212	0.005064698	0.006026226	0.006916921	0.007724891	0.008446113	0.009081853	0.009636695
0.000530656	0.001196328	0.002058265	0.003034987	0.004055212	0.005064698	0.006026226	0.006916921	0.007724891	0.008446113	0.009081853	0.009636695
0.000530656	0.001196328	0.002058265	0.003034987	0.004055212	0.005064698	0.006026226	0.006916921	0.007724891	0.008446113	0.009081853	0.009636695
0.000530656	0.001196328	0.002058265	0.003034987	0.004055212	0.005064698	0.006026226	0.006916921	0.007724891	0.008446113	0.009081853	0.009636695
0.000530656	0.001196328	0.002058265	0.003034987	0.004055212	0.005064698	0.006026226	0.006916921	0.007724891	0.008446113	0.009081853	0.009636695
0.000530656	0.001196328	0.002058265	0.003034987	0.004055212	0.005064698	0.006026226	0.006916921	0.007724891	0.008446113	0.009081853	0.009636695
0.000530656	0.001196328	0.002058265	0.003034987	0.004055212	0.005064698	0.006026226	0.006916921	0.007724891	0.008446113	0.009081853	0.009636695
0.000530656	0.001196328	0.002058265	0.003034987	0.004055212	0.005064698	0.006026226	0.006916921	0.007724891	0.008446113	0.009081853	0.009636695
0.000530656	0.001196328	0.002058265	0.003034987	0.004055212	0.005064698	0.006026226	0.006916921	0.007724891	0.008446113	0.009081853	0.009636695
0.000530656	0.001196328	0.002058265	0.003034987	0.004055212	0.005064698	0.006026226	0.006916921	0.007724891	0.008446113	0.009081853	0.009636695
0.000530656	0.001196328	0.002058265	0.003034987	0.004055212	0.005064698	0.006026226	0.006916921	0.007724891	0.008446113	0.009081853	0.009636695
0.000530656	0.001196328	0.002058265	0.003034987	0.004055212	0.005064698	0.006026226	0.006916921	0.007724891	0.008446113	0.009081853	0.009636695
0.000530656	0.001196328	0.002058265	0.003034987	0.004055212	0.005064698	0.006026226	0.006916921	0.007724891	0.008446113	0.009081853	0.009636695

#nind
1
#ind_names																																	
survey_index1																																
#nobs_ind
30
#yrs_ind																																		
1	2	3	4	5	6	7	8	9	10	11	12	13	14	15	16	17	18	19	20	21	22	23	24	25	26	27	28	29	30	
#month_ind																																	
1																																						
#biom_ind																																		
1.60812572872245	1.30705247971645	1.76524741136212	1.42016347094125	1.44925442386144	1.30313425476838	1.59099253860454	1.51854080754538	1.36584284734058	1.2286074664612	1.21728736794958	1.02429210918537	1.03532130675057	1.03080940598524	0.802893215344372	0.95626694485732	0.882717534729441	0.800078314271026	0.732161075073589	0.869024980956435	0.541148961306546	0.649550340699018	0.862544599615893	0.576227467780749	0.653411669585963	0.619334342430457	0.490300113270492	0.570890428466171	0.471795203055443	0.538090312643892
#biom_cv																				
0.321625145744489	0.26141049594329	0.353049482272425	0.28403269418825	0.289850884772287	0.260626850953676	0.318198507720909	0.303708161509077	0.273168569468115	0.245721493292239	0.243457473589916	0.204858421837074	0.207064261350114	0.206161881197048	0.160578643068874	0.191253388971464	0.176543506945888	0.160015662854205	0.146432215014718	0.173804996191287	0.108229792261309	0.129910068139804	0.172508919923179	0.11524549355615	0.130682333917193	0.123866868486091	0.0980600226540985	0.114178085693234	0.0943590406110885	0.107618062528778
#n_ages_ind																																	
30			
#n_lengths_ind																															
0																																						
#yrs_ages_ind																																
1	2	3	4	5	6	7	8	9	10	11	12	13	14	15	16	17	18	19	20	21	22	23	24	25	26	27	28	29	30																						
#sample_ages_ind																														
200	200	200	200	200	200	200	200	200	200	200	200	200	200	200	200	200	200	200	200	200	200	200	200	200	200	200	200	200	200
#page_ind																																		
0.04	0.155	0.115	0.15	0.15	0.065	0.08	0.035	0.05	0.045	0.01	0.105
0.07	0.12	0.15	0.105	0.14	0.085	0.06	0.05	0.045	0.025	0.03	0.12
0.08	0.225	0.085	0.115	0.08	0.075	0.06	0.05	0.045	0.035	0.03	0.12
0.07	0.13	0.17	0.13	0.095	0.045	0.08	0.025	0.05	0.035	0.045	0.125
0.1	0.075	0.13	0.13	0.085	0.1	0.08	0.035	0.045	0.04	0.035	0.145
0.105	0.22	0.1	0.145	0.085	0.065	0.04	0.025	0.06	0.025	0.025	0.105
0.045	0.175	0.21	0.095	0.135	0.09	0.07	0.02	0.03	0.04	0.025	0.065
0.045	0.17	0.215	0.185	0.065	0.075	0.06	0.03	0.03	0.02	0.015	0.09
0.05	0.235	0.155	0.2	0.055	0.04	0.035	0.055	0.04	0.015	0.02	0.1
0.11	0.155	0.18	0.115	0.115	0.105	0.035	0.01	0.05	0.005	0.015	0.105
0.07	0.195	0.155	0.145	0.105	0.095	0.07	0.04	0.02	0.03	0.02	0.055
0.06	0.145	0.195	0.125	0.155	0.065	0.055	0.055	0.02	0.015	0.025	0.085
0.065	0.18	0.15	0.195	0.105	0.06	0.045	0.065	0.025	0.02	0.02	0.07
0.12	0.17	0.12	0.18	0.1	0.05	0.065	0.035	0.04	0.03	0.005	0.085
0.055	0.215	0.195	0.12	0.12	0.07	0.065	0.05	0.025	0.02	0.015	0.05
0.085	0.21	0.22	0.13	0.055	0.1	0.07	0.035	0.02	0.01	0.015	0.05
0.1	0.21	0.22	0.15	0.06	0.06	0.07	0.045	0.025	0.02	0	0.04
0.055	0.215	0.23	0.18	0.11	0.06	0.035	0.035	0.025	0.015	0.005	0.035
0.05	0.18	0.3	0.17	0.08	0.06	0.03	0.025	0.025	0.03	0.015	0.035
0.055	0.22	0.18	0.2	0.1	0.055	0.06	0.045	0.025	0.025	0.02	0.015
0.125	0.16	0.185	0.14	0.125	0.11	0.04	0.03	0.01	0.025	0.015	0.035
0.115	0.295	0.18	0.13	0.075	0.075	0.055	0.03	0.02	0.005	0	0.02
0.11	0.255	0.24	0.085	0.085	0.05	0.06	0.04	0.035	0.025	0	0.015
0.08	0.175	0.295	0.19	0.09	0.08	0.02	0.01	0.01	0.03	0.01	0.01
0.12	0.245	0.2	0.17	0.12	0.05	0.04	0.03	0.01	0.005	0	0.01
0.105	0.335	0.195	0.17	0.075	0.055	0.02	0.015	0	0.01	0.005	0.015
0.12	0.205	0.3	0.18	0.065	0.05	0.03	0.01	0.02	0.005	0.005	0.01
0.135	0.25	0.195	0.18	0.075	0.04	0.06	0.015	0.015	0.005	0.015	0.015
0.12	0.34	0.215	0.115	0.09	0.03	0.025	0.045	0.005	0	0.005	0.01
0.095	0.32	0.275	0.145	0.07	0.03	0.02	0.015	0.01	0.015	0.005	0
#wt_age_ind																																	
1 1 1 1 1 1 1 1 1 1 1 1 
1 1 1 1 1 1 1 1 1 1 1 1 
1 1 1 1 1 1 1 1 1 1 1 1 
1 1 1 1 1 1 1 1 1 1 1 1 
1 1 1 1 1 1 1 1 1 1 1 1 
1 1 1 1 1 1 1 1 1 1 1 1 
1 1 1 1 1 1 1 1 1 1 1 1 
1 1 1 1 1 1 1 1 1 1 1 1 
1 1 1 1 1 1 1 1 1 1 1 1 
1 1 1 1 1 1 1 1 1 1 1 1 
1 1 1 1 1 1 1 1 1 1 1 1 
1 1 1 1 1 1 1 1 1 1 1 1 
1 1 1 1 1 1 1 1 1 1 1 1 
1 1 1 1 1 1 1 1 1 1 1 1 
1 1 1 1 1 1 1 1 1 1 1 1 
1 1 1 1 1 1 1 1 1 1 1 1 
1 1 1 1 1 1 1 1 1 1 1 1 
1 1 1 1 1 1 1 1 1 1 1 1 
1 1 1 1 1 1 1 1 1 1 1 1 
1 1 1 1 1 1 1 1 1 1 1 1 
1 1 1 1 1 1 1 1 1 1 1 1 
1 1 1 1 1 1 1 1 1 1 1 1 
1 1 1 1 1 1 1 1 1 1 1 1 
1 1 1 1 1 1 1 1 1 1 1 1 
1 1 1 1 1 1 1 1 1 1 1 1 
1 1 1 1 1 1 1 1 1 1 1 1 
1 1 1 1 1 1 1 1 1 1 1 1 
1 1 1 1 1 1 1 1 1 1 1 1 
1 1 1 1 1 1 1 1 1 1 1 1 
1 1 1 1 1 1 1 1 1 1 1 1 
# wt_pop
0.000530656	0.001196328	0.002058265	0.003034987	0.004055212	0.005064698	0.006026226	0.006916921	0.007724891	0.008446113	0.009081853	0.009636695
#maturity
0.02297737 0.32082130 0.90465054 0.99477987 0.99973881 0.99998699 0.99999935 0.99999997 1 1 1 1
#spmonth																																		
1		
#age_err																																		
1	0	0	0	0	0	0	0	0	0	0	0
0	1	0	0	0	0	0	0	0	0	0	0
0	0	1	0	0	0	0	0	0	0	0	0
0	0	0	1	0	0	0	0	0	0	0	0
0	0	0	0	1	0	0	0	0	0	0	0
0	0	0	0	0	1	0	0	0	0	0	0
0	0	0	0	0	0	1	0	0	0	0	0
0	0	0	0	0	0	0	1	0	0	0	0
0	0	0	0	0	0	0	0	1	0	0	0
0	0	0	0	0	0	0	0	0	1	0	0
0	0	0	0	0	0	0	0	0	0	1	0
0	0	0	0	0	0	0	0	0	0	0	1																														
