#######GENERAL HEADER INPUT#######
1
30
1
30
1
30
30
12
1	2	3	4	5	6	7	8	9	10	11	12
12
1	2	3	4	5	6	7	8	9	10	11	12
1
101
1
1
#######SURVEY DATA#######
30
1	2	3	4	5	6	7	8	9	10	11	12	13	14	15	16	17	18	19	20	21	22	23	24	25	26	27	28	29	30
1.65147480454745	1.92277391561684	1.41416125124296	1.47523658848185	1.47619169325962	1.92131210156971	1.61533310332653	1.03750345333866	1.30976716075643	1.1485985188984	1.07597040127718	0.873558570092815	1.0670680321123	1.20983944347103	0.909653795321989	0.851922665142716	1.0939535545095	0.877289538781078	0.680668173597667	0.743558560535962	0.68790756186408	0.732713469223987	0.767010122875	0.651445948504138	0.512333637787761	0.568310432699734	0.529291558982328	0.571436082336986	0.56528416969545	0.469067743241994
0.2	0.2	0.2	0.2	0.2	0.2	0.2	0.2	0.2	0.2	0.2	0.2	0.2	0.2	0.2	0.2	0.2	0.2	0.2	0.2	0.2	0.2	0.2	0.2	0.2	0.2	0.2	0.2	0.2	0.2
30
1	2	3	4	5	6	7	8	9	10	11	12	13	14	15	16	17	18	19	20	21	22	23	24	25	26	27	28	29	30
200	200	200	200	200	200	200	200	200	200	200	200	200	200	200	200	200	200	200	200	200	200	200	200	200	200	200	200	200	200
200	200	200	200	200	200	200	200	200	200	200	200	200	200	200	200	200	200	200	200	200	200	200	200	200	200	200	200	200	200
0.055	0.16	0.16	0.115	0.145	0.04	0.06	0.045	0.06	0.03	0.015	0.115
0.115	0.09	0.17	0.135	0.095	0.055	0.04	0.045	0.045	0.035	0.04	0.135
0.06	0.18	0.12	0.155	0.095	0.07	0.05	0.04	0.055	0.035	0.035	0.105
0.035	0.085	0.195	0.14	0.085	0.08	0.07	0.04	0.06	0.055	0.025	0.13
0.08	0.065	0.165	0.15	0.155	0.085	0.05	0.03	0.04	0.045	0.04	0.095
0.12	0.185	0.12	0.115	0.095	0.045	0.04	0.075	0.035	0.025	0.02	0.125
0.05	0.165	0.22	0.115	0.065	0.11	0.065	0.035	0.03	0.015	0.04	0.09
0.095	0.11	0.205	0.18	0.085	0.075	0.035	0.045	0.01	0.05	0.025	0.085
0.06	0.16	0.195	0.18	0.095	0.05	0.025	0.045	0.02	0.015	0.035	0.12
0.05	0.175	0.215	0.155	0.105	0.085	0.015	0.05	0.035	0.015	0	0.1
0.05	0.19	0.16	0.21	0.05	0.08	0.06	0.025	0.02	0.04	0.005	0.11
0.065	0.19	0.235	0.12	0.1	0.05	0.075	0.06	0.025	0.015	0.02	0.045
0.07	0.155	0.14	0.165	0.115	0.07	0.06	0.08	0.04	0.02	0.03	0.055
0.09	0.215	0.15	0.145	0.095	0.07	0.065	0.035	0.05	0.035	0.01	0.04
0.105	0.2	0.18	0.095	0.115	0.075	0.06	0.035	0.025	0.035	0.01	0.065
0.095	0.215	0.245	0.11	0.1	0.055	0.025	0.05	0.025	0.015	0.015	0.05
0.12	0.22	0.185	0.13	0.08	0.04	0.07	0.055	0.005	0.02	0.025	0.05
0.065	0.24	0.195	0.16	0.1	0.055	0.03	0.03	0.03	0.025	0.015	0.055
0.09	0.145	0.26	0.16	0.09	0.095	0.04	0.045	0.02	0.01	0.015	0.03
0.08	0.235	0.175	0.16	0.115	0.08	0.055	0.025	0.025	0.015	0.005	0.03
0.13	0.195	0.25	0.065	0.13	0.105	0.045	0.045	0.005	0.01	0.005	0.015
0.125	0.23	0.215	0.15	0.075	0.085	0.02	0.04	0.02	0	0.015	0.025
0.115	0.3	0.25	0.08	0.09	0.035	0.045	0.02	0.015	0.01	0.01	0.03
0.11	0.245	0.285	0.155	0.055	0.05	0.03	0.01	0.03	0	0.015	0.015
0.14	0.19	0.25	0.16	0.115	0.05	0.02	0.01	0.03	0.01	0.005	0.02
0.075	0.215	0.2	0.18	0.165	0.065	0.035	0.025	0	0.01	0.01	0.02
0.13	0.155	0.325	0.14	0.075	0.06	0.05	0.015	0.015	0	0.01	0.025
0.145	0.25	0.245	0.17	0.05	0.06	0.035	0.025	0.015	0	0	0.005
0.15	0.32	0.195	0.095	0.11	0.045	0.03	0.04	0.005	0	0.005	0.005
0.12	0.35	0.265	0.105	0.06	0.04	0.025	0.015	0.005	0.015	0	0
#######LANDINGS DATA#######
1
30
160.571813880621	467.839466704247	764.01387043057	1002.88189580831	766.834703374147	1328.23691005646	1281.21317326492	2492.60734271641	1328.03469729987	1533.15945462033	1624.69092618589	1614.5166227093	1109.65581763013	1524.31446511931	1503.61781836982	1273.76754204877	2256.61804560655	1623.20834743073	1454.14371428257	1308.18925363598	1616.54149601807	1088.98555404908	1611.59751786868	1199.77539271432	1117.30142244278	966.182885074446	926.098180219002	1210.46015281459	870.12370720432	1281.83958184837
0.01	0.01	0.01	0.01	0.01	0.01	0.01	0.01	0.01	0.01	0.01	0.01	0.01	0.01	0.01	0.01	0.01	0.01	0.01	0.01	0.01	0.01	0.01	0.01	0.01	0.01	0.01	0.01	0.01	0.01
30
1	2	3	4	5	6	7	8	9	10	11	12	13	14	15	16	17	18	19	20	21	22	23	24	25	26	27	28	29	30
200	200	200	200	200	200	200	200	200	200	200	200	200	200	200	200	200	200	200	200	200	200	200	200	200	200	200	200	200	200
200	200	200	200	200	200	200	200	200	200	200	200	200	200	200	200	200	200	200	200	200	200	200	200	200	200	200	200	200	200
0.075	0.075	0.1	0.15	0.135	0.075	0.055	0.05	0.05	0.06	0.04	0.135
0.125	0.085	0.075	0.17	0.105	0.08	0.085	0.02	0.045	0.03	0.03	0.15
0.05	0.19	0.09	0.08	0.11	0.12	0.07	0.05	0.04	0.025	0.015	0.16
0.06	0.105	0.165	0.1	0.085	0.105	0.07	0.055	0.045	0.06	0.015	0.135
0.075	0.06	0.15	0.15	0.14	0.08	0.065	0.035	0.05	0.03	0.015	0.15
0.08	0.15	0.085	0.155	0.105	0.075	0.06	0.055	0.04	0.03	0.035	0.13
0.045	0.135	0.2	0.1	0.08	0.105	0.07	0.04	0.035	0.03	0.04	0.12
0.12	0.09	0.145	0.205	0.07	0.075	0.085	0.04	0.025	0.03	0.03	0.085
0.075	0.155	0.15	0.15	0.145	0.055	0.015	0.045	0.07	0.02	0.03	0.09
0.09	0.145	0.15	0.09	0.13	0.115	0.05	0.06	0.045	0.025	0.03	0.07
0.06	0.16	0.155	0.14	0.11	0.085	0.075	0.035	0.01	0.025	0.025	0.12
0.1	0.125	0.16	0.12	0.14	0.09	0.05	0.04	0.02	0.03	0.03	0.095
0.08	0.13	0.2	0.135	0.13	0.095	0.045	0.05	0.045	0.01	0.015	0.065
0.11	0.12	0.16	0.145	0.125	0.075	0.075	0.04	0.045	0.03	0.015	0.06
0.105	0.18	0.16	0.14	0.09	0.08	0.025	0.04	0.015	0.045	0.045	0.075
0.13	0.11	0.17	0.15	0.1	0.075	0.075	0.06	0.045	0.025	0.015	0.045
0.165	0.195	0.125	0.12	0.13	0.06	0.05	0.03	0.04	0.015	0.025	0.045
0.06	0.165	0.195	0.2	0.11	0.085	0.06	0.045	0.025	0.02	0.005	0.03
0.105	0.14	0.17	0.165	0.095	0.075	0.07	0.055	0.03	0.02	0.015	0.06
0.075	0.12	0.21	0.19	0.14	0.075	0.055	0.035	0.025	0.015	0.03	0.03
0.175	0.12	0.215	0.11	0.105	0.1	0.08	0.055	0.005	0.015	0	0.02
0.165	0.22	0.165	0.135	0.125	0.065	0.035	0.025	0.02	0.02	0.005	0.02
0.115	0.24	0.225	0.12	0.105	0.08	0.03	0.035	0.02	0.01	0.01	0.01
0.125	0.13	0.2	0.2	0.085	0.105	0.055	0.035	0.03	0.005	0.01	0.02
0.165	0.17	0.16	0.165	0.095	0.09	0.04	0.025	0.03	0.025	0.015	0.02
0.13	0.2	0.175	0.205	0.14	0.085	0.015	0.01	0.005	0.01	0.01	0.015
0.2	0.18	0.2	0.095	0.09	0.11	0.05	0.035	0.01	0.02	0.005	0.005
0.195	0.19	0.155	0.22	0.095	0.04	0.04	0.03	0.02	0.005	0	0.01
0.2	0.265	0.18	0.16	0.055	0.04	0.04	0.035	0.015	0	0.005	0.005
0.12	0.27	0.22	0.16	0.06	0.075	0.055	0.01	0.015	0.01	0	0.005
#######PARAMETER SECTION#######
800	400	1200	-4	800	-0.25	1
0.18	0.01	1	-4	0.18	-0.25	1
-1.36	-5	-0.001	-4	-1.36	-0.25	1
0.1	0.05	0.3	-4	0.1	-0.25	1
0.2	0.01	0.5	-4	0.2	-0.25	1
0.75	0.20001	1	-3	0.75	-0.25	1
13.815511	-1	200	1	13.815511	-0.25	1
0	-1	1	-4	0	-0.25	1
0.2	1e-04	1.2	-3	0.2	-0.25	1
0	-10	10	-6	0	-1	1
0	-10	10	-6	0	-1	1
2	0	12	-2	2	-0.5	1
1	0	12	-2	1	-0.5	1
2	0	12	-2	2	-0.5	1
1	0	12	-2	1	-0.5	1
1.5	0	12	-2	1.5	-0.5	1
2	0	12	-2	2	-0.5	1
-14.8682006803499	-30	5	1	-14.8682006803499	-1	1
1	0.1	2	-1	1	-1	1
-1.51930887058023	-10	1.39	1	-1.51930887058023	-1	1
#######DEV CONSTRAINTS and DEVS#######
-15	15	2
-15	15	2
-15	15	2
0	0	0	0	0	0	0	0	0	0	0	0	0	0	0	0	0	0	0	0	0	0	0	0	0	0	0	0	0	0
0	0	0	0	0	0	0	0	0	0	0	0	0	0	0	0	0	0	0	0	0	0	0	0	0	0	0	0	0	0
0	0	0	0	0	0	0	0	0	0	0
#######LIKELIHOOD WEIGHTS#######
1
1
1
1
0
1
0
0
0
#######MISCELLANEOUS STUFF SECTION#######
2.5e-08
3
0.5	0.5	0.5	0.5	0.5	0.5	0.5	0.5	0.5	0.5	0.5	0.5
0.0229773699100256	0.320821300824607	0.904650535100891	0.994779874306442	0.999738809680904	0.999986992871533	0.999999352405202	0.999999967758134	0.999999998394772	0.99999999992008	0.999999999996021	0.999999999999802
0.2	0.2	0.2	0.2	0.2	0.2	0.2	0.2	0.2	0.2	0.2	0.2
0
1
10
0.2
1
1	0	0	0	0	0	0	0	0	0	0	0
0	1	0	0	0	0	0	0	0	0	0	0
0	0	1	0	0	0	0	0	0	0	0	0
0	0	0	1	0	0	0	0	0	0	0	0
0	0	0	0	1	0	0	0	0	0	0	0
0	0	0	0	0	1	0	0	0	0	0	0
0	0	0	0	0	0	1	0	0	0	0	0
0	0	0	0	0	0	0	1	0	0	0	0
0	0	0	0	0	0	0	0	1	0	0	0
0	0	0	0	0	0	0	0	0	1	0	0
0	0	0	0	0	0	0	0	0	0	1	0
0	0	0	0	0	0	0	0	0	0	0	1
40
31
2
1
#######END OF DATA FILE#######
999
