#######GENERAL HEADER INPUT#######
1
30
1
30
1
30
30
12
1	2	3	4	5	6	7	8	9	10	11	12
12
1	2	3	4	5	6	7	8	9	10	11	12
1
101
1
1
#######SURVEY DATA#######
30
1	2	3	4	5	6	7	8	9	10	11	12	13	14	15	16	17	18	19	20	21	22	23	24	25	26	27	28	29	30
1.41364708040321	1.51943365414271	1.55771212924248	1.65896019546801	1.33307559378404	1.48059295229265	1.38525459009674	1.45958280605627	1.32573910500412	1.32421274926968	1.04230502096503	1.1160714001806	1.0124581627586	1.14109140375888	0.895341060595404	1.00855077324868	1.18512392201928	0.838697046225529	0.82728701772987	0.626747478242243	0.764091901651602	0.662773801638711	0.535759078562654	0.519743850230588	0.578454686549344	0.598742564136757	0.60049828291513	0.580230201506079	0.54564741595014	0.514557753725765
0.2	0.2	0.2	0.2	0.2	0.2	0.2	0.2	0.2	0.2	0.2	0.2	0.2	0.2	0.2	0.2	0.2	0.2	0.2	0.2	0.2	0.2	0.2	0.2	0.2	0.2	0.2	0.2	0.2	0.2
30
1	2	3	4	5	6	7	8	9	10	11	12	13	14	15	16	17	18	19	20	21	22	23	24	25	26	27	28	29	30
200	200	200	200	200	200	200	200	200	200	200	200	200	200	200	200	200	200	200	200	200	200	200	200	200	200	200	200	200	200
200	200	200	200	200	200	200	200	200	200	200	200	200	200	200	200	200	200	200	200	200	200	200	200	200	200	200	200	200	200
0.055	0.125	0.12	0.105	0.095	0.125	0.07	0.04	0.09	0.03	0.02	0.125
0.065	0.105	0.155	0.16	0.09	0.075	0.095	0.04	0.025	0.045	0.025	0.12
0.065	0.19	0.1	0.12	0.09	0.1	0.065	0.035	0.08	0.025	0.02	0.11
0.085	0.105	0.14	0.17	0.075	0.07	0.05	0.08	0.05	0.03	0.04	0.105
0.08	0.1	0.155	0.18	0.075	0.08	0.075	0.05	0.03	0.015	0.045	0.115
0.095	0.215	0.105	0.145	0.105	0.065	0.06	0.05	0.035	0.015	0.01	0.1
0.08	0.175	0.14	0.105	0.12	0.095	0.025	0.07	0.065	0.01	0.005	0.11
0.08	0.17	0.215	0.17	0.025	0.045	0.09	0.03	0.045	0.015	0.02	0.095
0.05	0.2	0.155	0.13	0.13	0.06	0.03	0.06	0.03	0.02	0.04	0.095
0.07	0.105	0.22	0.11	0.16	0.1	0.02	0.045	0.045	0.025	0.005	0.095
0.065	0.205	0.145	0.16	0.065	0.11	0.06	0.045	0.025	0.03	0.025	0.065
0.07	0.2	0.22	0.115	0.125	0.06	0.065	0.06	0.035	0.01	0.01	0.03
0.13	0.15	0.145	0.195	0.105	0.075	0.05	0.055	0.01	0.025	0.005	0.055
0.085	0.195	0.135	0.165	0.125	0.085	0.075	0.03	0.01	0.015	0.015	0.065
0.085	0.21	0.17	0.165	0.07	0.11	0.04	0.04	0.015	0.015	0.045	0.035
0.115	0.23	0.215	0.13	0.07	0.055	0.04	0.01	0.05	0.01	0.025	0.05
0.135	0.21	0.125	0.14	0.1	0.06	0.095	0.03	0.015	0.02	0.01	0.06
0.08	0.165	0.26	0.145	0.115	0.1	0.025	0.03	0.025	0.01	0	0.045
0.07	0.255	0.195	0.19	0.09	0.055	0.04	0.015	0.02	0.02	0.01	0.04
0.1	0.17	0.18	0.185	0.135	0.065	0.05	0.045	0.01	0.005	0.025	0.03
0.17	0.17	0.18	0.105	0.125	0.065	0.06	0.035	0.035	0.01	0.01	0.035
0.155	0.24	0.17	0.17	0.09	0.055	0.025	0.03	0.03	0.01	0.025	0
0.095	0.22	0.295	0.125	0.1	0.055	0.03	0.025	0.02	0.01	0.01	0.015
0.12	0.175	0.29	0.165	0.07	0.04	0.03	0.035	0.02	0.02	0	0.035
0.125	0.2	0.24	0.195	0.09	0.045	0.025	0.02	0.015	0.015	0.02	0.01
0.09	0.28	0.17	0.15	0.105	0.09	0.04	0.02	0.035	0.005	0.005	0.01
0.145	0.14	0.26	0.135	0.105	0.085	0.075	0.03	0.01	0.01	0	0.005
0.16	0.235	0.155	0.17	0.11	0.09	0.04	0.01	0.005	0	0.01	0.015
0.15	0.29	0.24	0.115	0.085	0.065	0.015	0.015	0	0.015	0.005	0.005
0.075	0.335	0.29	0.1	0.055	0.06	0.035	0.015	0.015	0.01	0	0.01
#######LANDINGS DATA#######
1
30
160.809547996505	471.600739956836	765.665766481595	996.63656309184	771.456433137288	1327.57944764045	1280.08215078604	2454.76148508491	1330.9564674842	1533.46344665193	1631.46199798688	1614.44344416151	1108.62500892054	1518.47682356234	1508.48754605899	1268.1207023217	2242.72620755287	1609.31957725274	1470.80695801931	1308.08017841881	1617.45212944338	1073.71669373504	1622.48939457259	1203.89452150789	1116.8924570968	970.335749092354	922.084176080784	1214.37509180362	864.939465279562	1273.68329539145
0.01	0.01	0.01	0.01	0.01	0.01	0.01	0.01	0.01	0.01	0.01	0.01	0.01	0.01	0.01	0.01	0.01	0.01	0.01	0.01	0.01	0.01	0.01	0.01	0.01	0.01	0.01	0.01	0.01	0.01
30
1	2	3	4	5	6	7	8	9	10	11	12	13	14	15	16	17	18	19	20	21	22	23	24	25	26	27	28	29	30
200	200	200	200	200	200	200	200	200	200	200	200	200	200	200	200	200	200	200	200	200	200	200	200	200	200	200	200	200	200
200	200	200	200	200	200	200	200	200	200	200	200	200	200	200	200	200	200	200	200	200	200	200	200	200	200	200	200	200	200
0.065	0.115	0.18	0.13	0.095	0.095	0.06	0.065	0.035	0.02	0.03	0.11
0.075	0.12	0.125	0.135	0.105	0.095	0.035	0.06	0.03	0.04	0.045	0.135
0.075	0.18	0.11	0.11	0.085	0.095	0.035	0.06	0.03	0.05	0.035	0.135
0.025	0.115	0.115	0.105	0.135	0.09	0.09	0.06	0.025	0.05	0.035	0.155
0.07	0.115	0.125	0.175	0.09	0.065	0.07	0.025	0.05	0.035	0.035	0.145
0.075	0.165	0.085	0.14	0.095	0.085	0.07	0.07	0.04	0.035	0.03	0.11
0.095	0.11	0.165	0.105	0.1	0.1	0.025	0.055	0.06	0.055	0.025	0.105
0.065	0.09	0.185	0.14	0.07	0.06	0.12	0.08	0.035	0.03	0.045	0.08
0.09	0.12	0.075	0.19	0.15	0.045	0.06	0.055	0.035	0.045	0.01	0.125
0.085	0.13	0.145	0.095	0.125	0.15	0.065	0.035	0.035	0.045	0.005	0.085
0.09	0.165	0.13	0.14	0.075	0.11	0.1	0.02	0.025	0.025	0.015	0.105
0.09	0.095	0.175	0.15	0.16	0.075	0.075	0.045	0.02	0.02	0.025	0.07
0.07	0.145	0.17	0.15	0.08	0.08	0.06	0.07	0.05	0.03	0.005	0.09
0.11	0.145	0.145	0.21	0.085	0.075	0.06	0.055	0.05	0.01	0.025	0.03
0.065	0.19	0.155	0.175	0.14	0.06	0.04	0.05	0.025	0.04	0.01	0.05
0.1	0.14	0.205	0.085	0.085	0.09	0.1	0.035	0.05	0.005	0.04	0.065
0.11	0.22	0.12	0.16	0.095	0.08	0.05	0.065	0.04	0.01	0	0.05
0.065	0.175	0.195	0.1	0.13	0.08	0.06	0.04	0.015	0.03	0.035	0.075
0.1	0.18	0.195	0.17	0.08	0.1	0.035	0.025	0.025	0.03	0.015	0.045
0.11	0.16	0.14	0.17	0.18	0.05	0.05	0.025	0.025	0.02	0.035	0.035
0.16	0.17	0.16	0.135	0.125	0.125	0.03	0.025	0.015	0.01	0.01	0.035
0.135	0.18	0.18	0.175	0.065	0.11	0.04	0.045	0.025	0.02	0.005	0.02
0.14	0.215	0.22	0.165	0.085	0.02	0.055	0.025	0.015	0.025	0.005	0.03
0.17	0.19	0.195	0.175	0.09	0.05	0.05	0.04	0.02	0.01	0	0.01
0.23	0.215	0.145	0.19	0.09	0.04	0.03	0.01	0.025	0	0.01	0.015
0.125	0.255	0.08	0.165	0.17	0.11	0.025	0.04	0.015	0.005	0	0.01
0.215	0.18	0.255	0.115	0.1	0.045	0.035	0.005	0.01	0.015	0	0.025
0.19	0.165	0.215	0.16	0.095	0.055	0.025	0.035	0.025	0.015	0.01	0.01
0.225	0.255	0.205	0.115	0.115	0.04	0.015	0.01	0.015	0	0.005	0
0.15	0.25	0.17	0.21	0.075	0.07	0.02	0.03	0.01	0.005	0.005	0.005
#######PARAMETER SECTION#######
800	400	1200	-4	800	-0.25	1
0.18	0.01	1	-4	0.18	-0.25	1
-1.36	-5	-0.001	-4	-1.36	-0.25	1
0.1	0.05	0.3	-4	0.1	-0.25	1
0.2	0.01	0.5	-4	0.2	-0.25	1
0.75	0.20001	1	-3	0.75	-0.25	1
13.815511	-1	200	1	13.815511	-0.25	1
0	-1	1	-4	0	-0.25	1
0.2	1e-04	1.2	-3	0.2	-0.25	1
0	-10	10	-6	0	-1	1
0	-10	10	-6	0	-1	1
2	0	12	-2	2	-0.5	1
1	0	12	-2	1	-0.5	1
2	0	12	-2	2	-0.5	1
1	0	12	-2	1	-0.5	1
1.5	0	12	-2	1.5	-0.5	1
2	0	12	-2	2	-0.5	1
-14.8682006803499	-30	5	1	-14.8682006803499	-1	1
1	0.1	2	-1	1	-1	1
-1.51930887058023	-10	1.39	1	-1.51930887058023	-1	1
#######DEV CONSTRAINTS and DEVS#######
-15	15	2
-15	15	2
-15	15	2
0	0	0	0	0	0	0	0	0	0	0	0	0	0	0	0	0	0	0	0	0	0	0	0	0	0	0	0	0	0
0	0	0	0	0	0	0	0	0	0	0	0	0	0	0	0	0	0	0	0	0	0	0	0	0	0	0	0	0	0
0	0	0	0	0	0	0	0	0	0	0
#######LIKELIHOOD WEIGHTS#######
1
1
1
1
0
1
0
0
0
#######MISCELLANEOUS STUFF SECTION#######
2.5e-08
3
0.5	0.5	0.5	0.5	0.5	0.5	0.5	0.5	0.5	0.5	0.5	0.5
0.0229773699100256	0.320821300824607	0.904650535100891	0.994779874306442	0.999738809680904	0.999986992871533	0.999999352405202	0.999999967758134	0.999999998394772	0.99999999992008	0.999999999996021	0.999999999999802
0.2	0.2	0.2	0.2	0.2	0.2	0.2	0.2	0.2	0.2	0.2	0.2
0
1
10
0.2
1
1	0	0	0	0	0	0	0	0	0	0	0
0	1	0	0	0	0	0	0	0	0	0	0
0	0	1	0	0	0	0	0	0	0	0	0
0	0	0	1	0	0	0	0	0	0	0	0
0	0	0	0	1	0	0	0	0	0	0	0
0	0	0	0	0	1	0	0	0	0	0	0
0	0	0	0	0	0	1	0	0	0	0	0
0	0	0	0	0	0	0	1	0	0	0	0
0	0	0	0	0	0	0	0	1	0	0	0
0	0	0	0	0	0	0	0	0	1	0	0
0	0	0	0	0	0	0	0	0	0	1	0
0	0	0	0	0	0	0	0	0	0	0	1
40
31
2
1
#######END OF DATA FILE#######
999
