# Number of parameters = 73  Objective function value = 26440.7  Maximum gradient component = 0.000378774
# sel_params[1]:
2.00000000000
# sel_params[2]:
1.00000000000
# log_Fmult_year1:
 -4.65573752768
# log_Fmult_devs:
 1.07226058679 0.500302147860 0.308384349537 -0.234417881080 0.588453709653 -0.000903145577547 0.742001347969 -0.539177597411 0.201539102592 0.129437567382 0.0655806286478 -0.330187540269 0.387123075906 0.0806516790141 -0.132997784110 0.677235478467 -0.205063998487 -0.00480310851544 -0.00625966783648 0.318729365222 -0.307016013675 0.507996430151 -0.177511462730 -0.0119087536351 -0.0849646702880 -0.0110021895302 0.346850894625 -0.261461472598 0.449168861928
# log_recruit_devs:
 0.0159403908769 0.266538050667 -0.00795429907268 -0.111627388643 0.363308523278 0.225970653653 0.00795080835671 0.127763780823 -0.0216462913597 0.0944918177712 0.0465205396250 -0.133776466190 -0.141017500109 0.0833484919874 -0.0167633159874 0.148098706513 0.0976069351904 -0.247823627184 -0.161200065211 -0.344716467084 0.0961245065274 0.142230792322 -0.142063141434 -0.180397829541 0.00686047418797 -0.211996267177 -0.151419243010 0.0970529768102 0.117518208607 -0.0649237551937
# log_N_year1_devs:
 -0.0275860325653 0.0217244716051 -0.216168899764 0.0510489295856 -0.0450498023769 -0.0338360717170 -0.0208173134327 0.0664766128214 -0.121185957041 -0.424100423347 -0.0991221992262
# log_q_year1:
 -7.94228311089
# log_q_devs:
 0.00000000000 0.00000000000 0.00000000000 0.00000000000 0.00000000000 0.00000000000 0.00000000000 0.00000000000 0.00000000000 0.00000000000 0.00000000000 0.00000000000 0.00000000000 0.00000000000 0.00000000000 0.00000000000 0.00000000000 0.00000000000 0.00000000000 0.00000000000 0.00000000000 0.00000000000 0.00000000000 0.00000000000 0.00000000000 0.00000000000 0.00000000000 0.00000000000 0.00000000000
# index_sel_params[1]:
1.50000000000
# index_sel_params[2]:
0.500000000000
# log_SR_scaler:
6.90579941229
# SR_steepness:
0.750000000000
