# Number of parameters = 73  Objective function value = 26348.3  Maximum gradient component = 0.00428489
# sel_params[1]:
2.00000000000
# sel_params[2]:
1.00000000000
# log_Fmult_year1:
 -4.66381755052
# log_Fmult_devs:
 1.08649576764 0.502473928566 0.306512251900 -0.235982462793 0.594117764084 0.0215373484760 0.753530594617 -0.545842556230 0.213658136744 0.120068444371 0.0750417413536 -0.311651097236 0.363817486011 0.0648197311394 -0.123499628426 0.669188703620 -0.202818805966 -0.0165450952080 -0.0180848304065 0.327875918504 -0.330169699596 0.499033680574 -0.188878649146 -0.0129814181484 -0.107897851204 -0.0188704221689 0.328007564326 -0.272239219203 0.406143220970
# log_recruit_devs:
 0.00797943295614 0.175072601551 0.0248526723155 -0.323859173903 0.303914944888 0.138168283242 0.0389400125472 0.120696802594 -0.100378739387 0.0616804884482 0.0690942864421 -0.0619393881159 -0.0145033506902 0.0593374648311 -0.0494748611488 0.107553256512 0.147610755662 -0.212972281986 -0.0877576931492 -0.307399640631 0.170744672969 0.123433699773 -0.104020073247 -0.187344737073 0.0685501689358 -0.369080665940 -0.0323906654510 0.178173737339 0.0944962223434 -0.0391782326266
# log_N_year1_devs:
 -0.0111279623436 -0.105899657746 -0.0707756500142 0.00181685658987 -0.000347219567063 0.0886097957631 0.0656610066338 -0.0571763713462 -0.0887804094478 -0.324722280598 -0.174162050717
# log_q_year1:
 -7.96839744799
# log_q_devs:
 0.00000000000 0.00000000000 0.00000000000 0.00000000000 0.00000000000 0.00000000000 0.00000000000 0.00000000000 0.00000000000 0.00000000000 0.00000000000 0.00000000000 0.00000000000 0.00000000000 0.00000000000 0.00000000000 0.00000000000 0.00000000000 0.00000000000 0.00000000000 0.00000000000 0.00000000000 0.00000000000 0.00000000000 0.00000000000 0.00000000000 0.00000000000 0.00000000000 0.00000000000
# index_sel_params[1]:
1.50000000000
# index_sel_params[2]:
0.500000000000
# log_SR_scaler:
6.91243054148
# SR_steepness:
0.750000000000
