#styr																																				
1
#endyr																																			
30
#rec_age																																	
1																																						#n_ages																																		
12
# numbers of length intervals
81
#Length	bin
10	11	12	13	14	15	16	17	18	19	20	21	22	23	24	25	26	27	28	29	30	31	32	33	34	35	36	37	38	39	40	41	42	43	44	45	46	47	48	49	50	51	52	53	54	55	56	57	58	59	60	61	62	63	64	65	66	67	68	69	70	71	72	73	74	75	76	77	78	79	80	81	82	83	84	85	86	87	88	89	90
#nfsh
1
#names_fsh
OM1																																				
#catch																																			
162.503237178326	467.511338721867	765.390118770605	993.035801019768	763.48924930702	1332.88018358061	1282.20781704251	2489.63551024029	1315.4174224969	1519.50881411126	1610.31203515788	1591.58469984496	1099.32985864339	1555.99842763753	1514.12933964667	1287.33559042087	2255.66452935424	1599.68212345362	1469.63632211361	1326.43958852694	1623.52125573871	1079.98650006108	1621.82594126776	1213.217667967	1121.67378078317	959.846762968673	923.448980241565	1215.16275694954	871.386611200331	1278.37341399656
#catch_cv																																		
0.01	0.01	0.01	0.01	0.01	0.01	0.01	0.01	0.01	0.01	0.01	0.01	0.01	0.01	0.01	0.01	0.01	0.01	0.01	0.01	0.01	0.01	0.01	0.01	0.01	0.01	0.01	0.01	0.01	0.01
#n_ages_fsh																															
30																			
#n_lengths_fsh																															
0																																						
#yrs_ages_fsh																																
1	2	3	4	5	6	7	8	9	10	11	12	13	14	15	16	17	18	19	20	21	22	23	24	25	26	27	28	29	30						
#sample_ages_fsh																														
200	200	200	200	200	200	200	200	200	200	200	200	200	200	200	200	200	200	200	200	200	200	200	200	200	200	200	200	200	200
#page_fsh	2	3	4	5	6	7	8	9	10	11																						
0.075	0.065	0.13	0.095	0.14	0.07	0.065	0.065	0.075	0.05	0.04	0.13
0.085	0.1	0.095	0.145	0.125	0.065	0.07	0.055	0.04	0.045	0.045	0.13
0.06	0.125	0.085	0.13	0.115	0.085	0.08	0.06	0.07	0.02	0.04	0.13
0.06	0.09	0.15	0.115	0.1	0.1	0.06	0.105	0.045	0.04	0.02	0.115
0.11	0.075	0.12	0.09	0.08	0.1	0.075	0.1	0.045	0.035	0.015	0.155
0.105	0.14	0.115	0.1	0.125	0.085	0.06	0.05	0.025	0.04	0.045	0.11
0.08	0.08	0.175	0.075	0.125	0.085	0.11	0.04	0.03	0.04	0.025	0.135
0.075	0.095	0.185	0.115	0.115	0.07	0.105	0.015	0.04	0.02	0.035	0.13
0.075	0.18	0.1	0.165	0.125	0.03	0.06	0.06	0.055	0.035	0.02	0.095
0.09	0.09	0.155	0.19	0.11	0.09	0.04	0.075	0.04	0.015	0.03	0.075
0.105	0.1	0.2	0.12	0.105	0.07	0.075	0.035	0.065	0.01	0.025	0.09
0.07	0.165	0.19	0.085	0.125	0.065	0.1	0.04	0.03	0	0.02	0.11
0.09	0.115	0.16	0.17	0.11	0.06	0.06	0.04	0.05	0.025	0.015	0.105
0.09	0.16	0.155	0.12	0.12	0.11	0.04	0.05	0.055	0.025	0.01	0.065
0.13	0.135	0.115	0.165	0.1	0.09	0.085	0.055	0.03	0.025	0.02	0.05
0.145	0.165	0.185	0.12	0.085	0.085	0.045	0.05	0.04	0	0.005	0.075
0.11	0.175	0.14	0.175	0.1	0.085	0.075	0.02	0.02	0.015	0.005	0.08
0.065	0.23	0.21	0.125	0.115	0.04	0.08	0.04	0.02	0.01	0.025	0.04
0.12	0.165	0.195	0.13	0.09	0.095	0.045	0.06	0.015	0.015	0.01	0.06
0.11	0.195	0.18	0.185	0.145	0.055	0.035	0.02	0.04	0.005	0.01	0.02
0.15	0.15	0.215	0.1	0.135	0.065	0.03	0.08	0.02	0.025	0.01	0.02
0.21	0.23	0.13	0.11	0.065	0.085	0.055	0.025	0.03	0.015	0.01	0.035
0.115	0.19	0.265	0.14	0.09	0.05	0.055	0.04	0.01	0.005	0.005	0.035
0.105	0.2	0.19	0.215	0.08	0.075	0.045	0.035	0.01	0.01	0.005	0.03
0.155	0.19	0.205	0.22	0.1	0.04	0.025	0.02	0.02	0.01	0	0.015
0.15	0.205	0.17	0.11	0.15	0.065	0.04	0.035	0.015	0.03	0.005	0.025
0.165	0.145	0.235	0.125	0.13	0.09	0.07	0	0.01	0.005	0.005	0.02
0.23	0.17	0.12	0.155	0.115	0.08	0.075	0.01	0.005	0.005	0.005	0.03
0.165	0.27	0.195	0.13	0.095	0.035	0.025	0.04	0.02	0.015	0	0.01
0.14	0.34	0.18	0.12	0.08	0.055	0.025	0.01	0.025	0.015	0	0.01
#wt_age_fsh	1 2	3	4	5	6	7	8	9	10	11																				
0.000530656	0.001196328	0.002058265	0.003034987	0.004055212	0.005064698	0.006026226	0.006916921	0.007724891	0.008446113	0.009081853	0.009636695
0.000530656	0.001196328	0.002058265	0.003034987	0.004055212	0.005064698	0.006026226	0.006916921	0.007724891	0.008446113	0.009081853	0.009636695
0.000530656	0.001196328	0.002058265	0.003034987	0.004055212	0.005064698	0.006026226	0.006916921	0.007724891	0.008446113	0.009081853	0.009636695
0.000530656	0.001196328	0.002058265	0.003034987	0.004055212	0.005064698	0.006026226	0.006916921	0.007724891	0.008446113	0.009081853	0.009636695
0.000530656	0.001196328	0.002058265	0.003034987	0.004055212	0.005064698	0.006026226	0.006916921	0.007724891	0.008446113	0.009081853	0.009636695
0.000530656	0.001196328	0.002058265	0.003034987	0.004055212	0.005064698	0.006026226	0.006916921	0.007724891	0.008446113	0.009081853	0.009636695
0.000530656	0.001196328	0.002058265	0.003034987	0.004055212	0.005064698	0.006026226	0.006916921	0.007724891	0.008446113	0.009081853	0.009636695
0.000530656	0.001196328	0.002058265	0.003034987	0.004055212	0.005064698	0.006026226	0.006916921	0.007724891	0.008446113	0.009081853	0.009636695
0.000530656	0.001196328	0.002058265	0.003034987	0.004055212	0.005064698	0.006026226	0.006916921	0.007724891	0.008446113	0.009081853	0.009636695
0.000530656	0.001196328	0.002058265	0.003034987	0.004055212	0.005064698	0.006026226	0.006916921	0.007724891	0.008446113	0.009081853	0.009636695
0.000530656	0.001196328	0.002058265	0.003034987	0.004055212	0.005064698	0.006026226	0.006916921	0.007724891	0.008446113	0.009081853	0.009636695
0.000530656	0.001196328	0.002058265	0.003034987	0.004055212	0.005064698	0.006026226	0.006916921	0.007724891	0.008446113	0.009081853	0.009636695
0.000530656	0.001196328	0.002058265	0.003034987	0.004055212	0.005064698	0.006026226	0.006916921	0.007724891	0.008446113	0.009081853	0.009636695
0.000530656	0.001196328	0.002058265	0.003034987	0.004055212	0.005064698	0.006026226	0.006916921	0.007724891	0.008446113	0.009081853	0.009636695
0.000530656	0.001196328	0.002058265	0.003034987	0.004055212	0.005064698	0.006026226	0.006916921	0.007724891	0.008446113	0.009081853	0.009636695
0.000530656	0.001196328	0.002058265	0.003034987	0.004055212	0.005064698	0.006026226	0.006916921	0.007724891	0.008446113	0.009081853	0.009636695
0.000530656	0.001196328	0.002058265	0.003034987	0.004055212	0.005064698	0.006026226	0.006916921	0.007724891	0.008446113	0.009081853	0.009636695
0.000530656	0.001196328	0.002058265	0.003034987	0.004055212	0.005064698	0.006026226	0.006916921	0.007724891	0.008446113	0.009081853	0.009636695
0.000530656	0.001196328	0.002058265	0.003034987	0.004055212	0.005064698	0.006026226	0.006916921	0.007724891	0.008446113	0.009081853	0.009636695
0.000530656	0.001196328	0.002058265	0.003034987	0.004055212	0.005064698	0.006026226	0.006916921	0.007724891	0.008446113	0.009081853	0.009636695
0.000530656	0.001196328	0.002058265	0.003034987	0.004055212	0.005064698	0.006026226	0.006916921	0.007724891	0.008446113	0.009081853	0.009636695
0.000530656	0.001196328	0.002058265	0.003034987	0.004055212	0.005064698	0.006026226	0.006916921	0.007724891	0.008446113	0.009081853	0.009636695
0.000530656	0.001196328	0.002058265	0.003034987	0.004055212	0.005064698	0.006026226	0.006916921	0.007724891	0.008446113	0.009081853	0.009636695
0.000530656	0.001196328	0.002058265	0.003034987	0.004055212	0.005064698	0.006026226	0.006916921	0.007724891	0.008446113	0.009081853	0.009636695
0.000530656	0.001196328	0.002058265	0.003034987	0.004055212	0.005064698	0.006026226	0.006916921	0.007724891	0.008446113	0.009081853	0.009636695
0.000530656	0.001196328	0.002058265	0.003034987	0.004055212	0.005064698	0.006026226	0.006916921	0.007724891	0.008446113	0.009081853	0.009636695
0.000530656	0.001196328	0.002058265	0.003034987	0.004055212	0.005064698	0.006026226	0.006916921	0.007724891	0.008446113	0.009081853	0.009636695
0.000530656	0.001196328	0.002058265	0.003034987	0.004055212	0.005064698	0.006026226	0.006916921	0.007724891	0.008446113	0.009081853	0.009636695
0.000530656	0.001196328	0.002058265	0.003034987	0.004055212	0.005064698	0.006026226	0.006916921	0.007724891	0.008446113	0.009081853	0.009636695
0.000530656	0.001196328	0.002058265	0.003034987	0.004055212	0.005064698	0.006026226	0.006916921	0.007724891	0.008446113	0.009081853	0.009636695

#nind
1
#ind_names																																	
survey_index1																																
#nobs_ind
30
#yrs_ind																																		
1	2	3	4	5	6	7	8	9	10	11	12	13	14	15	16	17	18	19	20	21	22	23	24	25	26	27	28	29	30	
#month_ind																																	
1																																						
#biom_ind																																		
1.71019943880182	1.44139991031321	1.31946880734402	1.39898876339832	1.37603009687631	1.34149252512626	1.38039727478746	1.54172240746588	1.22529728100902	1.1497254170884	1.28857037411741	1.30749126632881	1.1531879281819	0.881310442014511	1.14878709074254	0.945938029385679	0.952759612807998	0.845963286326858	0.737945897500426	0.784688381339298	0.633156216932912	0.580930982841022	0.763851981090077	0.566807063028788	0.605337983063664	0.576297037754778	0.616140796195228	0.46815780612534	0.612359001514528	0.510745107674311
#biom_cv																				
0.342039887760365	0.288279982062642	0.263893761468805	0.279797752679664	0.275206019375262	0.268298505025252	0.276079454957491	0.308344481493175	0.245059456201804	0.229945083417679	0.257714074823483	0.261498253265762	0.230637585636379	0.176262088402902	0.229757418148509	0.189187605877136	0.1905519225616	0.169192657265372	0.147589179500085	0.15693767626786	0.126631243386582	0.116186196568204	0.152770396218015	0.113361412605758	0.121067596612733	0.115259407550956	0.123228159239046	0.093631561225068	0.122471800302906	0.102149021534862
#n_ages_ind																																	
30			
#n_lengths_ind																															
0																																						
#yrs_ages_ind																																
1	2	3	4	5	6	7	8	9	10	11	12	13	14	15	16	17	18	19	20	21	22	23	24	25	26	27	28	29	30																						
#sample_ages_ind																														
200	200	200	200	200	200	200	200	200	200	200	200	200	200	200	200	200	200	200	200	200	200	200	200	200	200	200	200	200	200
#page_ind																																		
0.04	0.125	0.12	0.165	0.06	0.105	0.055	0.045	0.03	0.035	0.03	0.19
0.11	0.115	0.1	0.15	0.095	0.12	0.05	0.06	0.025	0.03	0.02	0.125
0.065	0.175	0.1	0.15	0.105	0.085	0.055	0.05	0.045	0.02	0.055	0.095
0.05	0.11	0.18	0.12	0.085	0.105	0.08	0.045	0.02	0.025	0.015	0.165
0.05	0.105	0.115	0.205	0.1	0.085	0.07	0.07	0.035	0.025	0.02	0.12
0.085	0.16	0.125	0.12	0.085	0.075	0.08	0.055	0.015	0.07	0.02	0.11
0.085	0.19	0.17	0.05	0.085	0.095	0.09	0.05	0.02	0.035	0.045	0.085
0.065	0.18	0.225	0.14	0.065	0.085	0.065	0.045	0.015	0.025	0.025	0.065
0.105	0.155	0.135	0.18	0.105	0.05	0.05	0.1	0.015	0.03	0.02	0.055
0.07	0.15	0.2	0.135	0.15	0.06	0.025	0.04	0.015	0.045	0.02	0.09
0.055	0.16	0.13	0.15	0.13	0.125	0.06	0.03	0.03	0.04	0.005	0.085
0.1	0.175	0.205	0.12	0.07	0.07	0.07	0.07	0.02	0.015	0.015	0.07
0.09	0.165	0.22	0.105	0.115	0.115	0.03	0.045	0.01	0.035	0.01	0.06
0.145	0.115	0.16	0.165	0.13	0.075	0.065	0.025	0.035	0.03	0.005	0.05
0.08	0.17	0.15	0.16	0.11	0.075	0.05	0.04	0.04	0.035	0.03	0.06
0.12	0.195	0.215	0.085	0.1	0.115	0.055	0.015	0.015	0.015	0.015	0.055
0.085	0.205	0.175	0.155	0.115	0.08	0.04	0.05	0.005	0.015	0.01	0.065
0.06	0.23	0.22	0.15	0.115	0.055	0.045	0.03	0.025	0.02	0.01	0.04
0.1	0.16	0.225	0.165	0.09	0.065	0.045	0.035	0.015	0.02	0.015	0.065
0.095	0.16	0.225	0.165	0.135	0.065	0.04	0.03	0.025	0.015	0.005	0.04
0.155	0.215	0.17	0.12	0.09	0.075	0.06	0.04	0.01	0.025	0.01	0.03
0.13	0.32	0.155	0.115	0.1	0.085	0.04	0.005	0.015	0.005	0.01	0.02
0.1	0.27	0.215	0.125	0.065	0.07	0.06	0.05	0.005	0.02	0.01	0.01
0.08	0.22	0.315	0.165	0.055	0.06	0.025	0.02	0.02	0.01	0.015	0.015
0.115	0.235	0.22	0.195	0.095	0.02	0.05	0	0.02	0.005	0.02	0.025
0.11	0.295	0.185	0.175	0.115	0.035	0.02	0.035	0.005	0.01	0.01	0.005
0.115	0.21	0.305	0.145	0.075	0.06	0.05	0.015	0.015	0.005	0.005	0
0.155	0.255	0.165	0.185	0.075	0.05	0.015	0.04	0.02	0.02	0.005	0.015
0.15	0.305	0.23	0.09	0.09	0.045	0.03	0.02	0.025	0.01	0.005	0
0.155	0.295	0.245	0.09	0.075	0.065	0.02	0.01	0.01	0.015	0.005	0.015
#wt_age_ind																																	
1 1 1 1 1 1 1 1 1 1 1 1 
1 1 1 1 1 1 1 1 1 1 1 1 
1 1 1 1 1 1 1 1 1 1 1 1 
1 1 1 1 1 1 1 1 1 1 1 1 
1 1 1 1 1 1 1 1 1 1 1 1 
1 1 1 1 1 1 1 1 1 1 1 1 
1 1 1 1 1 1 1 1 1 1 1 1 
1 1 1 1 1 1 1 1 1 1 1 1 
1 1 1 1 1 1 1 1 1 1 1 1 
1 1 1 1 1 1 1 1 1 1 1 1 
1 1 1 1 1 1 1 1 1 1 1 1 
1 1 1 1 1 1 1 1 1 1 1 1 
1 1 1 1 1 1 1 1 1 1 1 1 
1 1 1 1 1 1 1 1 1 1 1 1 
1 1 1 1 1 1 1 1 1 1 1 1 
1 1 1 1 1 1 1 1 1 1 1 1 
1 1 1 1 1 1 1 1 1 1 1 1 
1 1 1 1 1 1 1 1 1 1 1 1 
1 1 1 1 1 1 1 1 1 1 1 1 
1 1 1 1 1 1 1 1 1 1 1 1 
1 1 1 1 1 1 1 1 1 1 1 1 
1 1 1 1 1 1 1 1 1 1 1 1 
1 1 1 1 1 1 1 1 1 1 1 1 
1 1 1 1 1 1 1 1 1 1 1 1 
1 1 1 1 1 1 1 1 1 1 1 1 
1 1 1 1 1 1 1 1 1 1 1 1 
1 1 1 1 1 1 1 1 1 1 1 1 
1 1 1 1 1 1 1 1 1 1 1 1 
1 1 1 1 1 1 1 1 1 1 1 1 
1 1 1 1 1 1 1 1 1 1 1 1 
# wt_pop
0.000530656	0.001196328	0.002058265	0.003034987	0.004055212	0.005064698	0.006026226	0.006916921	0.007724891	0.008446113	0.009081853	0.009636695
#maturity
0.02297737 0.32082130 0.90465054 0.99477987 0.99973881 0.99998699 0.99999935 0.99999997 1 1 1 1
#spmonth																																		
1		
#age_err																																		
1	0	0	0	0	0	0	0	0	0	0	0
0	1	0	0	0	0	0	0	0	0	0	0
0	0	1	0	0	0	0	0	0	0	0	0
0	0	0	1	0	0	0	0	0	0	0	0
0	0	0	0	1	0	0	0	0	0	0	0
0	0	0	0	0	1	0	0	0	0	0	0
0	0	0	0	0	0	1	0	0	0	0	0
0	0	0	0	0	0	0	1	0	0	0	0
0	0	0	0	0	0	0	0	1	0	0	0
0	0	0	0	0	0	0	0	0	1	0	0
0	0	0	0	0	0	0	0	0	0	1	0
0	0	0	0	0	0	0	0	0	0	0	1																														
