#######GENERAL HEADER INPUT#######
1
30
1
30
1
30
30
12
1	2	3	4	5	6	7	8	9	10	11	12
12
1	2	3	4	5	6	7	8	9	10	11	12
1
101
1
1
#######SURVEY DATA#######
30
1	2	3	4	5	6	7	8	9	10	11	12	13	14	15	16	17	18	19	20	21	22	23	24	25	26	27	28	29	30
1.62606094915888	1.66880644516926	1.46629920061751	1.32992309736197	1.67355889511519	1.4109869128851	1.31401248062845	1.3498194707271	1.17561317209191	1.23620505007161	1.21265080202631	1.16289523335649	1.00886877696857	1.1861471253855	1.02865758864364	0.985034239130418	0.953678352965887	1.02322663378143	0.760921498205988	0.69174333123175	0.660126588742623	0.625263189338803	0.700483762897907	0.567585280868737	0.506502929117728	0.525049765172597	0.616836450923293	0.419786017886307	0.478119095850919	0.467776745402982
0.2	0.2	0.2	0.2	0.2	0.2	0.2	0.2	0.2	0.2	0.2	0.2	0.2	0.2	0.2	0.2	0.2	0.2	0.2	0.2	0.2	0.2	0.2	0.2	0.2	0.2	0.2	0.2	0.2	0.2
30
1	2	3	4	5	6	7	8	9	10	11	12	13	14	15	16	17	18	19	20	21	22	23	24	25	26	27	28	29	30
200	200	200	200	200	200	200	200	200	200	200	200	200	200	200	200	200	200	200	200	200	200	200	200	200	200	200	200	200	200
200	200	200	200	200	200	200	200	200	200	200	200	200	200	200	200	200	200	200	200	200	200	200	200	200	200	200	200	200	200
0.06	0.155	0.135	0.145	0.11	0.09	0.06	0.035	0.03	0.065	0.035	0.08
0.055	0.145	0.14	0.13	0.095	0.06	0.075	0.04	0.035	0.025	0.055	0.145
0.06	0.205	0.13	0.095	0.095	0.07	0.06	0.04	0.035	0.03	0.06	0.12
0.03	0.145	0.2	0.135	0.095	0.08	0.04	0.04	0.05	0.04	0.03	0.115
0.12	0.115	0.13	0.145	0.11	0.05	0.06	0.065	0.05	0.02	0.015	0.12
0.095	0.165	0.115	0.115	0.14	0.065	0.03	0.055	0.025	0.02	0.03	0.145
0.065	0.17	0.185	0.08	0.095	0.1	0.06	0.045	0.045	0.025	0.015	0.115
0.09	0.155	0.18	0.125	0.08	0.075	0.06	0.045	0.02	0.015	0.02	0.135
0.075	0.215	0.135	0.13	0.095	0.055	0.05	0.055	0.05	0.025	0.005	0.11
0.08	0.115	0.21	0.125	0.12	0.1	0.04	0.04	0.04	0.01	0.025	0.095
0.085	0.225	0.125	0.14	0.08	0.1	0.065	0.05	0.025	0.02	0.015	0.07
0.085	0.21	0.175	0.075	0.155	0.075	0.045	0.04	0.04	0.005	0.015	0.08
0.1	0.165	0.25	0.14	0.09	0.07	0.03	0.035	0.055	0.02	0.005	0.04
0.1	0.18	0.185	0.17	0.105	0.045	0.03	0.05	0.035	0.02	0.01	0.07
0.075	0.205	0.19	0.115	0.105	0.08	0.035	0.04	0.04	0.035	0.025	0.055
0.11	0.22	0.135	0.145	0.09	0.085	0.045	0.04	0.04	0.01	0.025	0.055
0.105	0.235	0.175	0.135	0.105	0.035	0.03	0.045	0.05	0.015	0.01	0.06
0.075	0.245	0.215	0.16	0.065	0.075	0.02	0.035	0.01	0.025	0.015	0.06
0.095	0.19	0.245	0.205	0.08	0.065	0.04	0.01	0.01	0.025	0.01	0.025
0.1	0.24	0.16	0.15	0.13	0.07	0.06	0.025	0.01	0.005	0.005	0.045
0.15	0.19	0.23	0.1	0.11	0.08	0.025	0.025	0.04	0.02	0.005	0.025
0.16	0.305	0.18	0.135	0.075	0.025	0.015	0.02	0.03	0.005	0.01	0.04
0.115	0.245	0.235	0.15	0.09	0.065	0.035	0.02	0.025	0	0.01	0.01
0.08	0.17	0.255	0.24	0.07	0.05	0.04	0.015	0.025	0.015	0.015	0.025
0.145	0.19	0.255	0.185	0.135	0.005	0.035	0.02	0.005	0.015	0	0.01
0.1	0.33	0.19	0.105	0.135	0.075	0.015	0.015	0.015	0.015	0	0.005
0.115	0.195	0.255	0.14	0.06	0.07	0.085	0.025	0.035	0	0.01	0.01
0.145	0.275	0.195	0.145	0.075	0.08	0.045	0.015	0.005	0	0	0.02
0.195	0.285	0.165	0.12	0.12	0.03	0.015	0.035	0.02	0	0.005	0.01
0.14	0.265	0.195	0.165	0.08	0.065	0.02	0.025	0.015	0.025	0.005	0
#######LANDINGS DATA#######
1
30
158.946584408095	469.869208164784	763.068423787156	986.5927764563	765.981021020348	1324.02021067318	1285.30340702267	2472.88520180708	1322.55102678156	1516.20421456408	1618.16867279106	1617.57320894284	1106.99799959717	1526.47576948194	1511.42257542861	1275.86632472813	2245.14184855284	1616.55761765833	1443.08644186765	1319.07899233323	1624.76691364611	1080.25198556527	1613.11577571604	1204.52891275914	1114.57037877544	966.339421951486	929.106154035232	1212.91108244341	872.71916821669	1267.32718960619
0.01	0.01	0.01	0.01	0.01	0.01	0.01	0.01	0.01	0.01	0.01	0.01	0.01	0.01	0.01	0.01	0.01	0.01	0.01	0.01	0.01	0.01	0.01	0.01	0.01	0.01	0.01	0.01	0.01	0.01
30
1	2	3	4	5	6	7	8	9	10	11	12	13	14	15	16	17	18	19	20	21	22	23	24	25	26	27	28	29	30
200	200	200	200	200	200	200	200	200	200	200	200	200	200	200	200	200	200	200	200	200	200	200	200	200	200	200	200	200	200
200	200	200	200	200	200	200	200	200	200	200	200	200	200	200	200	200	200	200	200	200	200	200	200	200	200	200	200	200	200
0.08	0.135	0.165	0.12	0.065	0.075	0.07	0.05	0.045	0.015	0.04	0.14
0.075	0.085	0.09	0.11	0.165	0.075	0.065	0.04	0.035	0.055	0.025	0.18
0.115	0.165	0.125	0.065	0.105	0.095	0.07	0.035	0.065	0.015	0.045	0.1
0.065	0.1	0.175	0.095	0.095	0.095	0.06	0.065	0.07	0.04	0.025	0.115
0.12	0.07	0.15	0.135	0.075	0.095	0.1	0.04	0.02	0.045	0.035	0.115
0.095	0.14	0.11	0.11	0.105	0.1	0.055	0.07	0.035	0.04	0.03	0.11
0.12	0.105	0.165	0.085	0.07	0.135	0.04	0.05	0.05	0.06	0.02	0.1
0.1	0.13	0.165	0.145	0.08	0.075	0.095	0.035	0.035	0.05	0.01	0.08
0.05	0.175	0.13	0.14	0.12	0.045	0.035	0.055	0.045	0.015	0.04	0.15
0.1	0.08	0.14	0.125	0.12	0.155	0.05	0.055	0.025	0.02	0.025	0.105
0.055	0.15	0.165	0.135	0.085	0.095	0.09	0.06	0.025	0.04	0.025	0.075
0.06	0.155	0.13	0.115	0.14	0.09	0.095	0.045	0.025	0.03	0.03	0.085
0.09	0.14	0.22	0.15	0.08	0.095	0.05	0.04	0.055	0.02	0	0.06
0.11	0.105	0.14	0.15	0.125	0.05	0.075	0.065	0.05	0.04	0.01	0.08
0.11	0.19	0.15	0.115	0.115	0.09	0.065	0.055	0.03	0.01	0.015	0.055
0.095	0.13	0.185	0.14	0.055	0.085	0.075	0.045	0.045	0.03	0.055	0.06
0.105	0.18	0.16	0.17	0.14	0.035	0.045	0.045	0.025	0.015	0.025	0.055
0.08	0.16	0.195	0.155	0.12	0.06	0.045	0.05	0.045	0.02	0.025	0.045
0.125	0.145	0.185	0.14	0.125	0.095	0.045	0.04	0.01	0.025	0.015	0.05
0.1	0.185	0.135	0.175	0.16	0.095	0.04	0.02	0.01	0.03	0.015	0.035
0.125	0.095	0.17	0.15	0.115	0.105	0.075	0.02	0.025	0.025	0.045	0.05
0.1	0.25	0.145	0.19	0.115	0.09	0.025	0.015	0.01	0.015	0.01	0.035
0.18	0.205	0.24	0.085	0.11	0.025	0.05	0.05	0.02	0.01	0.01	0.015
0.13	0.19	0.22	0.175	0.065	0.08	0.045	0.04	0.01	0.015	0.01	0.02
0.185	0.1	0.19	0.185	0.125	0.065	0.045	0.015	0.005	0.03	0.025	0.03
0.15	0.25	0.205	0.115	0.11	0.075	0.04	0.02	0.005	0.015	0.005	0.01
0.195	0.2	0.24	0.125	0.1	0.04	0.04	0.03	0.015	0	0	0.015
0.165	0.2	0.175	0.195	0.07	0.07	0.055	0.025	0.015	0.005	0.01	0.015
0.225	0.23	0.22	0.105	0.09	0.045	0.025	0.01	0.02	0.015	0.01	0.005
0.12	0.265	0.21	0.185	0.095	0.05	0.02	0.025	0.01	0.005	0.01	0.005
#######PARAMETER SECTION#######
800	400	1200	-4	800	-0.25	1
0.18	0.01	1	-4	0.18	-0.25	1
-1.36	-5	-0.001	-4	-1.36	-0.25	1
0.1	0.05	0.3	-4	0.1	-0.25	1
0.2	0.01	0.5	-4	0.2	-0.25	1
0.75	0.20001	1	-3	0.75	-0.25	1
13.815511	-1	200	1	13.815511	-0.25	1
0	-1	1	-4	0	-0.25	1
0.2	1e-04	1.2	-3	0.2	-0.25	1
0	-10	10	-6	0	-1	1
0	-10	10	-6	0	-1	1
2	0	12	-2	2	-0.5	1
1	0	12	-2	1	-0.5	1
2	0	12	-2	2	-0.5	1
1	0	12	-2	1	-0.5	1
1.5	0	12	-2	1.5	-0.5	1
2	0	12	-2	2	-0.5	1
-14.8682006803499	-30	5	1	-14.8682006803499	-1	1
1	0.1	2	-1	1	-1	1
-1.51930887058023	-10	1.39	1	-1.51930887058023	-1	1
#######DEV CONSTRAINTS and DEVS#######
-15	15	2
-15	15	2
-15	15	2
0	0	0	0	0	0	0	0	0	0	0	0	0	0	0	0	0	0	0	0	0	0	0	0	0	0	0	0	0	0
0	0	0	0	0	0	0	0	0	0	0	0	0	0	0	0	0	0	0	0	0	0	0	0	0	0	0	0	0	0
0	0	0	0	0	0	0	0	0	0	0
#######LIKELIHOOD WEIGHTS#######
1
1
1
1
0
1
0
0
0
#######MISCELLANEOUS STUFF SECTION#######
2.5e-08
3
0.5	0.5	0.5	0.5	0.5	0.5	0.5	0.5	0.5	0.5	0.5	0.5
0.0229773699100256	0.320821300824607	0.904650535100891	0.994779874306442	0.999738809680904	0.999986992871533	0.999999352405202	0.999999967758134	0.999999998394772	0.99999999992008	0.999999999996021	0.999999999999802
0.2	0.2	0.2	0.2	0.2	0.2	0.2	0.2	0.2	0.2	0.2	0.2
0
1
10
0.2
1
1	0	0	0	0	0	0	0	0	0	0	0
0	1	0	0	0	0	0	0	0	0	0	0
0	0	1	0	0	0	0	0	0	0	0	0
0	0	0	1	0	0	0	0	0	0	0	0
0	0	0	0	1	0	0	0	0	0	0	0
0	0	0	0	0	1	0	0	0	0	0	0
0	0	0	0	0	0	1	0	0	0	0	0
0	0	0	0	0	0	0	1	0	0	0	0
0	0	0	0	0	0	0	0	1	0	0	0
0	0	0	0	0	0	0	0	0	1	0	0
0	0	0	0	0	0	0	0	0	0	1	0
0	0	0	0	0	0	0	0	0	0	0	1
40
31
2
1
#######END OF DATA FILE#######
999
