# Number of parameters = 73  Objective function value = 26325.6  Maximum gradient component = 0.0124663
# sel_params[1]:
2.00000000000
# sel_params[2]:
1.00000000000
# log_Fmult_year1:
 -4.65993640097
# log_Fmult_devs:
 1.07069319422 0.515216963101 0.301855936706 -0.224652655908 0.585487061002 0.0132643088811 0.754260193375 -0.549636843494 0.201872177076 0.128296424198 0.0696143075211 -0.319004011868 0.373521511029 0.0756964325874 -0.120995414675 0.670452695643 -0.214066387206 -0.0127415052238 -0.0315033368746 0.333479696745 -0.331971778627 0.500459771877 -0.185696187725 0.00681328625264 -0.0738717453646 -0.0169317962080 0.340235336946 -0.284936256790 0.402293140622
# log_recruit_devs:
 -0.0295735699764 0.155069753880 -0.0235304551578 -0.242089666694 0.266222336559 0.369983546845 -0.0675324057119 0.116670607646 -0.0105171081629 0.0794371099742 0.0697459723683 -0.124267633083 -0.0583426126705 -0.00119546824111 -0.0354563030859 0.267336281956 0.0576946379219 -0.187474562395 -0.142552208467 -0.293512654137 0.166140018192 0.105211490431 -0.145535996793 -0.323045129826 0.0459588565028 -0.295258356430 -0.129289984517 0.225886893256 0.282094752373 -0.0982781425564
# log_N_year1_devs:
 -0.111825390934 0.103351534436 -0.0282402153935 -0.0627856045996 -0.101205444076 -0.0335544747870 0.120810840736 0.163347299351 -0.289116617185 -0.407626400718 -0.144665448163
# log_q_year1:
 -7.95009007150
# log_q_devs:
 0.00000000000 0.00000000000 0.00000000000 0.00000000000 0.00000000000 0.00000000000 0.00000000000 0.00000000000 0.00000000000 0.00000000000 0.00000000000 0.00000000000 0.00000000000 0.00000000000 0.00000000000 0.00000000000 0.00000000000 0.00000000000 0.00000000000 0.00000000000 0.00000000000 0.00000000000 0.00000000000 0.00000000000 0.00000000000 0.00000000000 0.00000000000 0.00000000000 0.00000000000
# index_sel_params[1]:
1.50000000000
# index_sel_params[2]:
0.500000000000
# log_SR_scaler:
6.90564331347
# SR_steepness:
0.750000000000
